0 0.26875 0.009375 0.1203125 0.165625
0 0.11875 0.9484375 0.159375 0.171875
0 0.028125 0.8734375 0.1484375 0.1796875
0 0.0765625 0.9078125 0.1546875 0.1734375
0 0.175 0.9828125 0.1421875 0.1671875
0 0.3453125 0.0125 0.0984375 0.1203125
0 0.9765625 0.6546875 0.16875 0.2234375
0 0.9859375 0.45625 0.075 0.1109375
0 0.9359375 0.459375 0.1359375 0.1703125
0 0.88125 0.4390625 0.1359375 0.1875
0 0.8359375 0.3515625 0.0875 0.1109375
0 0.784375 0.3609375 0.1328125 0.171875
0 0.74375 0.31875 0.1265625 0.1609375
0 0.6921875 0.290625 0.128125 0.1625
0 0.6796875 0.228125 0.078125 0.096875
0 0.621875 0.2265625 0.1296875 0.1421875
0 0.571875 0.2046875 0.1234375 0.1546875
0 0.5140625 0.1984375 0.16875 0.1921875
0 0.5078125 0.1296875 0.0875 0.1
0 0.4203125 0.0875 0.0953125 0.15
0 0.484375 0.1140625 0.084375 0.10625
0 0.3734375 0.03125 0.0890625 0.1125
