0 0.04375 0.034375 0.1375 0.115625
0 0.0109375 0.0703125 0.1421875 0.109375
0 0.571875 0.740625 0.159375 0.171875
0 0.046875 0.4296875 0.0875 0.0921875
0 0.0296875 0.3953125 0.1 0.1078125
0 0.11875 0.4296875 0.1515625 0.16875
0 0.16875 0.4671875 0.1515625 0.1671875
0 0.228125 0.5109375 0.1515625 0.16875
0 0.28125 0.5453125 0.1296875 0.1609375
0 0.3359375 0.5625 0.1578125 0.1796875
0 0.36875 0.603125 0.1484375 0.1578125
0 0.4328125 0.625 0.1671875 0.184375
0 0.48125 0.665625 0.1484375 0.1796875
0 0.5296875 0.7 0.1546875 0.1734375
0 0.628125 0.775 0.1421875 0.1671875
0 0.6765625 0.815625 0.14375 0.1640625
0 0.73125 0.8359375 0.1453125 0.178125
0 0.78125 0.85625 0.146875 0.159375
0 0.81875 0.903125 0.153125 0.165625
0 0.9234375 0.9828125 0.1546875 0.16875
