0 0.6234375 0.5421875 0.159375 0.171875
0 0.0984375 0.23125 0.0875 0.0921875
0 0.08125 0.196875 0.1 0.1078125
0 0.1703125 0.23125 0.1515625 0.16875
0 0.2203125 0.26875 0.1515625 0.1671875
0 0.2796875 0.3125 0.1515625 0.16875
0 0.3328125 0.346875 0.1296875 0.1609375
0 0.3875 0.3640625 0.1578125 0.1796875
0 0.4203125 0.4046875 0.1484375 0.1578125
0 0.484375 0.4265625 0.1671875 0.184375
0 0.5328125 0.4671875 0.1484375 0.1796875
0 0.58125 0.5015625 0.1546875 0.1734375
0 0.6796875 0.5765625 0.1421875 0.1671875
0 0.728125 0.6171875 0.14375 0.1640625
0 0.7828125 0.6375 0.1453125 0.178125
0 0.8328125 0.6578125 0.146875 0.159375
0 0.8703125 0.7046875 0.153125 0.165625
0 0.975 0.784375 0.1546875 0.16875
