0 0.4 0.0015625 0.1203125 0.165625
0 0.25 0.940625 0.159375 0.171875
0 0.0140625 0.7625 0.1578125 0.1796875
0 0.046875 0.803125 0.1484375 0.1578125
0 0.1109375 0.825 0.1671875 0.184375
0 0.159375 0.865625 0.1484375 0.1796875
0 0.2078125 0.9 0.1546875 0.1734375
0 0.30625 0.975 0.1421875 0.1671875
0 0.4765625 0.0046875 0.0984375 0.1203125
0 0.9671875 0.34375 0.0875 0.1109375
0 0.915625 0.353125 0.1328125 0.171875
0 0.875 0.3109375 0.1265625 0.1609375
0 0.8234375 0.2828125 0.128125 0.1625
0 0.8109375 0.2203125 0.078125 0.096875
0 0.753125 0.21875 0.1296875 0.1421875
0 0.703125 0.196875 0.1234375 0.1546875
0 0.6453125 0.190625 0.16875 0.1921875
0 0.6390625 0.121875 0.0875 0.1
0 0.5515625 0.0796875 0.0953125 0.15
0 0.615625 0.10625 0.084375 0.10625
0 0.5046875 0.0234375 0.0890625 0.1125
