0 0.2921875 0.6359375 0.1203125 0.1453125
0 0.3171875 0.675 0.1203125 0.165625
0 0.2640625 0.5890625 0.090625 0.1046875
0 0.234375 0.565625 0.0921875 0.103125
0 0.20625 0.5515625 0.08125 0.09375
0 0.1203125 0.5421875 0.1140625 0.1609375
0 0.9296875 0.165625 0.0609375 0.0515625
0 0.91875 0.0234375 0.034375 0.0578125
0 0.9515625 0.053125 0.0625 0.0484375
0 0.98125 0.06875 0.059375 0.046875
0 0.9265625 0.271875 0.0546875 0.06875
0 0.078125 0.475 0.08125 0.096875
0 0.096875 0.5078125 0.10625 0.140625
0 0.9984375 0.3375 0.0578125 0.0875
0 0.971875 0.3390625 0.0421875 0.06875
0 0.9515625 0.3359375 0.04375 0.0765625
0 0.93125 0.31875 0.04375 0.09375
0 0.39375 0.678125 0.0984375 0.1203125
0 0.7921875 0.984375 0.1265625 0.1609375
0 0.740625 0.95625 0.128125 0.1625
0 0.728125 0.89375 0.078125 0.096875
0 0.6703125 0.8921875 0.1296875 0.1421875
0 0.6203125 0.8703125 0.1234375 0.1546875
0 0.5625 0.8640625 0.16875 0.1921875
0 0.55625 0.7953125 0.0875 0.1
0 0.46875 0.753125 0.0953125 0.15
0 0.5328125 0.7796875 0.084375 0.10625
0 0.421875 0.696875 0.0890625 0.1125
0 0.8296875 0.0890625 0.046875 0.0703125
