0 0.303125 0.1515625 0.0953125 0.0828125
0 0.4171875 0.0203125 0.1421875 0.109375
0 0.3953125 0.0671875 0.15 0.1265625
0 0.375 0.10625 0.1484375 0.1265625
0 0.3453125 0.1453125 0.14375 0.109375
0 0.2921875 0.20625 0.1390625 0.1046875
0 0.978125 0.690625 0.159375 0.171875
0 0.2640625 0.23125 0.1078125 0.078125
0 0.453125 0.3796875 0.0875 0.0921875
0 0.4359375 0.3453125 0.1 0.1078125
0 0.525 0.3796875 0.1515625 0.16875
0 0.575 0.4171875 0.1515625 0.1671875
0 0.634375 0.4609375 0.1515625 0.16875
0 0.6875 0.4953125 0.1296875 0.1609375
0 0.7421875 0.5125 0.1578125 0.1796875
0 0.775 0.553125 0.1484375 0.1578125
0 0.8390625 0.575 0.1671875 0.184375
0 0.8875 0.615625 0.1484375 0.1796875
0 0.9359375 0.65 0.1546875 0.1734375
