0 0.265625 0.0625 0.1203125 0.1453125
0 0.290625 0.1015625 0.1203125 0.165625
0 0.0015625 0.925 0.1671875 0.184375
0 0.05 0.965625 0.1484375 0.1796875
0 0.2375 0.015625 0.090625 0.1046875
0 0.3671875 0.1046875 0.0984375 0.1203125
0 0.9984375 0.746875 0.16875 0.2234375
0 0.9578125 0.5515625 0.1359375 0.1703125
0 0.903125 0.53125 0.1359375 0.1875
0 0.8578125 0.44375 0.0875 0.1109375
0 0.80625 0.453125 0.1328125 0.171875
0 0.765625 0.4109375 0.1265625 0.1609375
0 0.7140625 0.3828125 0.128125 0.1625
0 0.7015625 0.3203125 0.078125 0.096875
0 0.64375 0.31875 0.1296875 0.1421875
0 0.59375 0.296875 0.1234375 0.1546875
0 0.5359375 0.290625 0.16875 0.1921875
0 0.5296875 0.221875 0.0875 0.1
0 0.4421875 0.1796875 0.0953125 0.15
0 0.50625 0.20625 0.084375 0.10625
0 0.3953125 0.1234375 0.0890625 0.1125
