0 0.2828125 0.590625 0.0953125 0.0828125
0 0.6609375 0.0890625 0.1140625 0.0890625
0 0.646875 0.125 0.15625 0.13125
0 0.6125 0.146875 0.1234375 0.10625
0 0.61875 0.2140625 0.20625 0.184375
0 0.4296875 0.4234375 0.1375 0.115625
0 0.396875 0.459375 0.1421875 0.109375
0 0.375 0.50625 0.15 0.1265625
0 0.3546875 0.5453125 0.1484375 0.1265625
0 0.325 0.584375 0.14375 0.109375
0 0.271875 0.6453125 0.1390625 0.1046875
0 0.24375 0.6703125 0.1078125 0.078125
0 0.4328125 0.81875 0.0875 0.0921875
0 0.415625 0.784375 0.1 0.1078125
0 0.5046875 0.81875 0.1515625 0.16875
0 0.5546875 0.85625 0.1515625 0.1671875
0 0.6140625 0.9 0.1515625 0.16875
0 0.6671875 0.934375 0.1296875 0.1609375
0 0.721875 0.9515625 0.1578125 0.1796875
0 0.7546875 0.9921875 0.1484375 0.1578125
0 0.996875 0.0671875 0.08125 0.09375
0 0.9109375 0.0578125 0.1140625 0.1609375
0 0.8875 0.0234375 0.10625 0.140625
