0 0.3125 0.9859375 0.0953125 0.0828125
0 0.690625 0.484375 0.1140625 0.0890625
0 0.6765625 0.5203125 0.15625 0.13125
0 0.6421875 0.5421875 0.1234375 0.10625
0 0.6484375 0.609375 0.20625 0.184375
0 0.459375 0.81875 0.1375 0.115625
0 0.4265625 0.8546875 0.1421875 0.109375
0 0.4046875 0.9015625 0.15 0.1265625
0 0.384375 0.940625 0.1484375 0.1265625
0 0.3546875 0.9796875 0.14375 0.109375
0 0.940625 0.453125 0.1140625 0.1609375
0 0.8984375 0.3859375 0.08125 0.096875
0 0.9171875 0.41875 0.10625 0.140625
0 0.2546875 0.1359375 0.059375 0.0515625
