0 0.88125 0.1765625 0.0671875 0.06875
0 0.7640625 0.0984375 0.0953125 0.10625
0 0.7234375 0.134375 0.103125 0.1078125
0 0.6796875 0.171875 0.103125 0.1078125
0 0.8234375 0.390625 0.371875 0.315625
0 0.190625 0.1 0.0640625 0.065625
0 0.25 0.034375 0.1015625 0.0953125
0 0.8046875 0.0671875 0.0953125 0.103125
0 0.8125 0.2359375 0.10625 0.1
0 0.9375 0.6953125 0.2015625 0.1765625
0 0.5078125 0.1234375 0.134375 0.10625
0 0.9046875 0.4875 0.3703125 0.3234375
0 0.86875 0.44375 0.3640625 0.3234375
0 0.334375 0.0953125 0.175 0.1625
