0 0.3421875 0.7625 0.0375 0.0296875
0 0.0015625 0.98125 0.2015625 0.1796875
0 0.3671875 0.8484375 0.0375 0.0453125
0 0.228125 0.83125 0.0265625 0.0328125
0 0.2109375 0.84375 0.03125 0.040625
0 0.15 0.88125 0.0296875 0.04375
0 0.0890625 0.8734375 0.065625 0.0734375
0 0.1640625 0.859375 0.01875 0.0265625
0 0.25 0.821875 0.0265625 0.0328125
0 0.265625 0.8140625 0.03125 0.0390625
0 0.3859375 0.9625 0.0625 0.0609375
0 0.36875 0.9421875 0.0546875 0.0515625
0 0.34375 0.934375 0.0421875 0.040625
0 0.3375 0.9125 0.0421875 0.040625
0 0.3203125 0.8953125 0.0390625 0.04375
0 0.6875 0.9953125 0.0734375 0.0890625
0 0.646875 0.9546875 0.0515625 0.059375
0 0.6265625 0.9265625 0.0359375 0.0453125
0 0.6109375 0.9125 0.0375 0.0453125
0 0.5515625 0.86875 0.0390625 0.04375
0 0.56875 0.8890625 0.040625 0.05
0 0.5 0.828125 0.0375 0.046875
0 0.453125 0.7765625 0.028125 0.0296875
0 0.4328125 0.8 0.025 0.0296875
0 0.3703125 0.7359375 0.0265625 0.0203125
0 0.353125 0.771875 0.0328125 0.0234375
0 0.334375 0.7484375 0.0359375 0.0265625
0 0.3125 0.7734375 0.0234375 0.0234375
0 0.296875 0.7828125 0.025 0.0328125
0 0.2796875 0.7984375 0.0203125 0.025
