0 0.940625 0.4640625 0.0375 0.0296875
0 0.3734375 0.303125 0.0671875 0.06875
0 0.25625 0.225 0.0953125 0.10625
0 0.215625 0.2609375 0.103125 0.1078125
0 0.171875 0.2984375 0.103125 0.1078125
0 0.315625 0.5171875 0.371875 0.315625
0 0.01875 0.09375 0.2296875 0.215625
0 0.7546875 0.953125 0.296875 0.3375
0 0.7375 0.8328125 0.18125 0.1984375
0 0.85625 0.8921875 0.321875 0.36875
0 0.296875 0.19375 0.0953125 0.103125
0 0.3046875 0.3625 0.10625 0.1
0 0.5671875 0.5625 0.10625 0.1
0 0.4296875 0.821875 0.2015625 0.1765625
0 0.6 0.6828125 0.2015625 0.1796875
0 0.0 0.25 0.134375 0.10625
0 0.396875 0.6140625 0.3703125 0.3234375
0 0.3609375 0.5703125 0.3640625 0.3234375
0 0.965625 0.55 0.0375 0.0453125
0 0.59375 0.6125 0.128125 0.1203125
0 0.8265625 0.5328125 0.0265625 0.0328125
0 0.809375 0.5453125 0.03125 0.040625
0 0.7484375 0.5828125 0.0296875 0.04375
0 0.6875 0.575 0.065625 0.0734375
0 0.7625 0.5609375 0.01875 0.0265625
0 0.8484375 0.5234375 0.0265625 0.0328125
0 0.8640625 0.515625 0.03125 0.0390625
0 0.9359375 0.7046875 0.1375 0.128125
0 0.984375 0.6640625 0.0625 0.0609375
0 0.9671875 0.64375 0.0546875 0.0515625
0 0.9421875 0.6359375 0.0421875 0.040625
0 0.9359375 0.6140625 0.0421875 0.040625
0 0.91875 0.596875 0.0390625 0.04375
0 0.96875 0.4375 0.0265625 0.0203125
0 0.9515625 0.4734375 0.0328125 0.0234375
0 0.9328125 0.45 0.0359375 0.0265625
0 0.9109375 0.475 0.0234375 0.0234375
0 0.8953125 0.484375 0.025 0.0328125
0 0.878125 0.5 0.0203125 0.025
