0 0.25625 0.625 0.0375 0.0296875
0 0.053125 0.99375 0.18125 0.1984375
0 0.6453125 0.9015625 0.0765625 0.0890625
0 0.6875 0.9421875 0.075 0.0828125
0 0.28125 0.7109375 0.0375 0.0453125
0 0.1421875 0.69375 0.0265625 0.0328125
0 0.125 0.70625 0.03125 0.040625
0 0.0640625 0.74375 0.0296875 0.04375
0 0.003125 0.7359375 0.065625 0.0734375
0 0.078125 0.721875 0.01875 0.0265625
0 0.1640625 0.684375 0.0265625 0.0328125
0 0.1796875 0.6765625 0.03125 0.0390625
0 0.4546875 0.9625 0.071875 0.075
0 0.4296875 0.940625 0.0609375 0.0671875
0 0.4078125 0.9296875 0.0546875 0.0625
0 0.3875 0.909375 0.05625 0.059375
0 0.2515625 0.865625 0.1375 0.128125
0 0.35625 0.871875 0.0671875 0.065625
0 0.3 0.825 0.0625 0.0609375
0 0.2828125 0.8046875 0.0546875 0.0515625
0 0.2578125 0.796875 0.0421875 0.040625
0 0.2515625 0.775 0.0421875 0.040625
0 0.234375 0.7578125 0.0390625 0.04375
0 0.6015625 0.8578125 0.0734375 0.0890625
0 0.5609375 0.8171875 0.0515625 0.059375
0 0.540625 0.7890625 0.0359375 0.0453125
0 0.525 0.775 0.0375 0.0453125
0 0.465625 0.73125 0.0390625 0.04375
0 0.4828125 0.7515625 0.040625 0.05
0 0.4140625 0.690625 0.0375 0.046875
0 0.3671875 0.6390625 0.028125 0.0296875
0 0.346875 0.6625 0.025 0.0296875
0 0.284375 0.5984375 0.0265625 0.0203125
0 0.2671875 0.634375 0.0328125 0.0234375
0 0.2484375 0.6109375 0.0359375 0.0265625
0 0.2265625 0.6359375 0.0234375 0.0234375
0 0.2109375 0.6453125 0.025 0.0328125
0 0.19375 0.6609375 0.0203125 0.025
0 0.734375 0.940625 0.028125 0.021875
