0 0.0265625 0.6859375 0.0359375 0.059375
0 0.05625 0.6734375 0.0390625 0.0640625
0 0.0859375 0.6671875 0.0375 0.0625
0 0.1234375 0.596875 0.0515625 0.03125
0 0.11875 0.575 0.0515625 0.034375
0 0.0734375 0.4203125 0.05 0.0328125
0 0.0015625 0.196875 0.05 0.034375
0 0.090625 0.9890625 0.05625 0.0390625
0 0.0828125 0.9625 0.053125 0.034375
0 0.0734375 0.9375 0.0546875 0.0375
0 0.2328125 0.996875 0.0578125 0.0390625
0 0.228125 0.9671875 0.0609375 0.0375
0 0.2171875 0.94375 0.059375 0.0390625
0 0.2125 0.9171875 0.0640625 0.040625
0 0.203125 0.890625 0.05625 0.0359375
0 0.1953125 0.859375 0.0578125 0.0375
0 0.190625 0.834375 0.05625 0.0328125
0 0.18125 0.8078125 0.059375 0.0390625
0 0.1703125 0.78125 0.0640625 0.0375
0 0.1609375 0.7546875 0.0578125 0.0390625
0 0.153125 0.73125 0.05 0.03125
0 0.15 0.7046875 0.0609375 0.034375
0 0.0203125 0.7453125 0.0609375 0.0375
0 0.021875 0.76875 0.05625 0.034375
0 0.03125 0.7921875 0.0578125 0.0359375
0 0.0453125 0.840625 0.059375 0.034375
0 0.0515625 0.865625 0.05625 0.0390625
0 0.059375 0.8890625 0.059375 0.0375
0 0.0703125 0.9125 0.0609375 0.0359375
0 0.0890625 0.4890625 0.040625 0.0265625
0 0.025 0.2875 0.0359375 0.0234375
0 0.0234375 0.2625 0.0390625 0.0296875
0 0.0921875 0.5109375 0.0515625 0.0359375
0 0.046875 0.34375 0.0515625 0.04375
