0 0.021875 0.571875 0.0359375 0.059375
0 0.0515625 0.559375 0.0390625 0.0640625
0 0.08125 0.553125 0.0375 0.0625
0 0.11875 0.4828125 0.0515625 0.03125
0 0.1140625 0.4609375 0.0515625 0.034375
0 0.06875 0.30625 0.05 0.0328125
0 0.0984375 0.9265625 0.059375 0.0375
0 0.109375 0.953125 0.0578125 0.0375
0 0.1171875 0.9796875 0.0546875 0.0359375
0 0.0328125 0.9828125 0.0796875 0.0484375
0 0.01875 0.9453125 0.09375 0.0515625
0 0.0046875 0.9109375 0.0828125 0.0484375
0 0.09375 0.9015625 0.0546875 0.034375
0 0.0859375 0.875 0.05625 0.0390625
0 0.078125 0.8484375 0.053125 0.034375
0 0.06875 0.8234375 0.0546875 0.0375
0 0.2671875 0.9859375 0.0546875 0.0328125
0 0.25625 0.9609375 0.065625 0.0390625
0 0.25 0.9359375 0.0578125 0.034375
0 0.240625 0.9078125 0.065625 0.0390625
0 0.228125 0.8828125 0.0578125 0.0390625
0 0.2234375 0.853125 0.0609375 0.0375
0 0.2125 0.8296875 0.059375 0.0390625
0 0.2078125 0.803125 0.0640625 0.040625
0 0.1984375 0.7765625 0.05625 0.0359375
0 0.190625 0.7453125 0.0578125 0.0375
0 0.1859375 0.7203125 0.05625 0.0328125
0 0.1765625 0.69375 0.059375 0.0390625
0 0.165625 0.6671875 0.0640625 0.0375
0 0.15625 0.640625 0.0578125 0.0390625
0 0.1484375 0.6171875 0.05 0.03125
0 0.1453125 0.590625 0.0609375 0.034375
0 0.015625 0.63125 0.0609375 0.0375
0 0.0171875 0.6546875 0.05625 0.034375
0 0.0265625 0.678125 0.0578125 0.0359375
0 0.040625 0.7265625 0.059375 0.034375
0 0.046875 0.7515625 0.05625 0.0390625
0 0.0546875 0.775 0.059375 0.0375
0 0.065625 0.7984375 0.0609375 0.0359375
0 0.084375 0.375 0.040625 0.0265625
0 0.0203125 0.1734375 0.0359375 0.0234375
0 0.01875 0.1484375 0.0390625 0.0296875
0 0.0875 0.396875 0.0515625 0.0359375
0 0.0421875 0.2296875 0.0515625 0.04375
