0 0.7796875 0.2953125 0.078125 0.046875
0 0.7703125 0.265625 0.0734375 0.04375
0 0.765625 0.23125 0.075 0.0453125
0 0.75625 0.196875 0.06875 0.0375
0 0.7453125 0.1671875 0.08125 0.0453125
0 0.7265625 0.10625 0.0703125 0.0484375
0 0.7140625 0.0703125 0.065625 0.0421875
0 0.696875 0.0078125 0.08125 0.04375
0 0.565625 0.2109375 0.0640625 0.0390625
0 0.5046875 0.025 0.0671875 0.04375
0 0.5171875 0.05625 0.0671875 0.0421875
0 0.5296875 0.0859375 0.0765625 0.0453125
0 0.534375 0.1203125 0.06875 0.04375
0 0.55 0.1515625 0.0765625 0.04375
0 0.790625 0.359375 0.075 0.0421875
0 0.821875 0.41875 0.0734375 0.0453125
0 0.8265625 0.453125 0.075 0.0421875
0 0.8421875 0.4859375 0.0671875 0.040625
0 0.784375 0.0015625 0.0734375 0.0453125
0 0.7984375 0.0453125 0.0671875 0.0546875
0 0.8171875 0.1046875 0.059375 0.0359375
0 0.825 0.13125 0.0609375 0.0375
0 0.83125 0.159375 0.065625 0.0390625
0 0.8375 0.1875 0.06875 0.0421875
0 0.8609375 0.2390625 0.065625 0.0390625
0 0.8625 0.26875 0.0546875 0.034375
0 0.8703125 0.2953125 0.0546875 0.034375
0 0.89375 0.3734375 0.0671875 0.040625
0 0.909375 0.3984375 0.059375 0.034375
0 0.9140625 0.4515625 0.0640625 0.040625
0 0.9234375 0.475 0.0625 0.034375
0 0.9328125 0.4984375 0.065625 0.040625
0 0.940625 0.525 0.0640625 0.0390625
0 0.9125 0.578125 0.1625 0.08125
0 0.8609375 0.5484375 0.075 0.04375
0 0.8515625 0.515625 0.0765625 0.0484375
0 0.55625 0.1828125 0.06875 0.040625
0 0.571875 0.24375 0.0703125 0.0359375
0 0.5796875 0.271875 0.0703125 0.046875
0 0.409375 0.0359375 0.084375 0.0484375
0 0.5921875 0.2984375 0.071875 0.04375
0 0.6 0.3296875 0.0625 0.0390625
0 0.6109375 0.3609375 0.0734375 0.04375
0 0.621875 0.3921875 0.065625 0.040625
0 0.6234375 0.425 0.06875 0.0375
0 0.6390625 0.453125 0.078125 0.04375
0 0.64375 0.484375 0.06875 0.040625
0 0.6515625 0.5125 0.0703125 0.0390625
0 0.6578125 0.5421875 0.06875 0.0421875
0 0.671875 0.5734375 0.075 0.0453125
0 0.6828125 0.6015625 0.065625 0.0375
0 0.5828125 0.596875 0.084375 0.04375
0 0.5734375 0.5640625 0.0859375 0.0515625
0 0.5515625 0.5015625 0.084375 0.0515625
0 0.54375 0.4671875 0.0859375 0.0453125
0 0.5328125 0.434375 0.0765625 0.046875
0 0.5203125 0.403125 0.0828125 0.0453125
0 0.5140625 0.3703125 0.078125 0.04375
0 0.4984375 0.303125 0.0796875 0.046875
0 0.4765625 0.2390625 0.0796875 0.046875
0 0.4625 0.2046875 0.0796875 0.04375
0 0.43125 0.103125 0.0921875 0.0484375
0 0.4203125 0.06875 0.084375 0.046875
0 0.9890625 0.13125 0.0703125 0.04375
0 0.9796875 0.10625 0.0671875 0.04375
0 0.9796875 0.0765625 0.0640625 0.0390625
0 0.96875 0.05 0.0671875 0.040625
0 0.9609375 0.0234375 0.0671875 0.046875
