0 0.9625 0.0015625 0.05 0.034375
0 0.96875 0.0296875 0.0515625 0.034375
0 0.978125 0.05625 0.05 0.0359375
0 0.9828125 0.08125 0.0609375 0.040625
0 0.996875 0.1296875 0.0578125 0.0375
0 0.990625 0.1046875 0.059375 0.0375
0 0.2359375 0.1203125 0.0765625 0.0453125
0 0.3609375 0.5359375 0.078125 0.046875
0 0.3515625 0.50625 0.0734375 0.04375
0 0.346875 0.471875 0.075 0.0453125
0 0.3375 0.4375 0.06875 0.0375
0 0.3265625 0.4078125 0.08125 0.0453125
0 0.3078125 0.346875 0.0703125 0.0484375
0 0.2953125 0.3109375 0.065625 0.0421875
0 0.278125 0.2484375 0.08125 0.04375
0 0.2703125 0.2171875 0.0609375 0.0390625
0 0.2609375 0.1859375 0.078125 0.046875
0 0.25 0.153125 0.0703125 0.0421875
0 0.225 0.0859375 0.075 0.0484375
0 0.146875 0.4515625 0.0640625 0.0390625
0 0.2171875 0.0515625 0.08125 0.0515625
0 0.0453125 0.1046875 0.075 0.040625
0 0.0546875 0.1390625 0.078125 0.04375
0 0.0640625 0.16875 0.0765625 0.04375
0 0.071875 0.203125 0.0625 0.0390625
0 0.0796875 0.234375 0.06875 0.04375
0 0.0859375 0.265625 0.0671875 0.04375
0 0.0984375 0.296875 0.0671875 0.0421875
0 0.1109375 0.3265625 0.0765625 0.0453125
0 0.115625 0.3609375 0.06875 0.04375
0 0.13125 0.3921875 0.0765625 0.04375
0 0.371875 0.6 0.075 0.0421875
0 0.403125 0.659375 0.0734375 0.0453125
0 0.4078125 0.69375 0.075 0.0421875
0 0.4234375 0.7265625 0.0671875 0.040625
0 0.309375 0.053125 0.065625 0.0359375
0 0.31875 0.0796875 0.0640625 0.0375
0 0.334375 0.134375 0.065625 0.040625
0 0.35625 0.1859375 0.0703125 0.04375
0 0.35625 0.2140625 0.059375 0.034375
0 0.365625 0.2421875 0.0734375 0.0453125
0 0.3796875 0.2859375 0.0671875 0.0546875
0 0.3984375 0.3453125 0.059375 0.0359375
0 0.40625 0.371875 0.0609375 0.0375
0 0.4125 0.4 0.065625 0.0390625
0 0.41875 0.428125 0.06875 0.0421875
0 0.4421875 0.4796875 0.065625 0.0390625
0 0.44375 0.509375 0.0546875 0.034375
0 0.4515625 0.5359375 0.0546875 0.034375
0 0.475 0.6140625 0.0671875 0.040625
0 0.490625 0.6390625 0.059375 0.034375
0 0.4953125 0.6921875 0.0640625 0.040625
0 0.5046875 0.715625 0.0625 0.034375
0 0.5140625 0.7390625 0.065625 0.040625
0 0.521875 0.765625 0.0640625 0.0390625
0 0.49375 0.81875 0.1625 0.08125
0 0.4421875 0.7890625 0.075 0.04375
0 0.4328125 0.75625 0.0765625 0.0484375
0 0.1375 0.4234375 0.06875 0.040625
0 0.153125 0.484375 0.0703125 0.0359375
0 0.1609375 0.5125 0.0703125 0.046875
0 0.1734375 0.5390625 0.071875 0.04375
0 0.18125 0.5703125 0.0625 0.0390625
0 0.1921875 0.6015625 0.0734375 0.04375
0 0.203125 0.6328125 0.065625 0.040625
0 0.2046875 0.665625 0.06875 0.0375
0 0.2203125 0.69375 0.078125 0.04375
0 0.225 0.725 0.06875 0.040625
0 0.2328125 0.753125 0.0703125 0.0390625
0 0.2390625 0.7828125 0.06875 0.0421875
0 0.253125 0.8140625 0.075 0.0453125
0 0.2640625 0.8421875 0.065625 0.0375
0 0.1640625 0.8375 0.084375 0.04375
0 0.1546875 0.8046875 0.0859375 0.0515625
0 0.1328125 0.7421875 0.084375 0.0515625
0 0.125 0.7078125 0.0859375 0.0453125
0 0.1140625 0.675 0.0765625 0.046875
0 0.1015625 0.64375 0.0828125 0.0453125
0 0.0953125 0.6109375 0.078125 0.04375
0 0.0796875 0.54375 0.0796875 0.046875
0 0.0578125 0.4796875 0.0796875 0.046875
0 0.04375 0.4453125 0.0796875 0.04375
0 0.0125 0.34375 0.0921875 0.0484375
0 0.0015625 0.309375 0.084375 0.046875
0 0.303125 0.021875 0.0703125 0.0453125
0 0.7515625 0.6953125 0.0625 0.034375
0 0.5703125 0.371875 0.0703125 0.04375
0 0.58125 0.396875 0.06875 0.0421875
0 0.5984375 0.45 0.0671875 0.040625
0 0.6171875 0.5046875 0.06875 0.0390625
0 0.6203125 0.5328125 0.0578125 0.0359375
0 0.6359375 0.5859375 0.06875 0.04375
0 0.64375 0.6109375 0.0671875 0.0421875
0 0.6546875 0.6390625 0.0640625 0.0390625
0 0.66875 0.69375 0.0703125 0.04375
0 0.6796875 0.7171875 0.0703125 0.04375
0 0.7140625 0.746875 0.115625 0.0640625
0 0.746875 0.6703125 0.0625 0.034375
0 0.4578125 0.0140625 0.0671875 0.04375
0 0.7359375 0.64375 0.0625 0.0390625
0 0.73125 0.6171875 0.065625 0.0421875
0 0.7203125 0.5921875 0.06875 0.040625
0 0.7125 0.565625 0.0640625 0.0375
0 0.7046875 0.540625 0.0671875 0.0421875
0 0.703125 0.515625 0.0625 0.034375
0 0.69375 0.4859375 0.05625 0.034375
0 0.68125 0.4625 0.059375 0.0375
0 0.6640625 0.4109375 0.059375 0.040625
0 0.6625 0.3828125 0.0609375 0.0375
0 0.64375 0.33125 0.0609375 0.04375
0 0.5609375 0.346875 0.0671875 0.04375
0 0.5609375 0.3171875 0.0640625 0.0390625
0 0.55 0.290625 0.0671875 0.040625
0 0.5421875 0.2640625 0.0671875 0.046875
0 0.471875 0.040625 0.0640625 0.040625
0 0.48125 0.0703125 0.0703125 0.0453125
0 0.4875 0.0984375 0.0703125 0.040625
0 0.4984375 0.1265625 0.0671875 0.0421875
0 0.5046875 0.1546875 0.075 0.0453125
0 0.5171875 0.1828125 0.0734375 0.046875
0 0.521875 0.209375 0.065625 0.040625
0 0.53125 0.2390625 0.0703125 0.0453125
0 0.6390625 0.3046875 0.059375 0.0375
0 0.63125 0.28125 0.0625 0.040625
0 0.61875 0.25625 0.0609375 0.0359375
0 0.9015625 0.615625 0.065625 0.0390625
0 0.9625 0.6953125 0.146875 0.08125
0 0.990625 0.646875 0.065625 0.0390625
0 0.984375 0.61875 0.06875 0.0390625
0 0.9671875 0.5640625 0.0578125 0.0484375
0 0.946875 0.4953125 0.0640625 0.0359375
0 0.9390625 0.4703125 0.0640625 0.0359375
0 0.934375 0.4453125 0.065625 0.0390625
0 0.928125 0.41875 0.0625 0.0375
0 0.9171875 0.3953125 0.0671875 0.040625
0 0.9109375 0.36875 0.0640625 0.0375
0 0.896875 0.315625 0.0640625 0.040625
0 0.8890625 0.2625 0.078125 0.046875
0 0.86875 0.2375 0.0609375 0.0359375
0 0.865625 0.209375 0.0671875 0.0390625
0 0.8546875 0.1828125 0.0625 0.0375
0 0.85 0.15625 0.0640625 0.0375
0 0.8390625 0.128125 0.0640625 0.040625
0 0.8265625 0.09375 0.0703125 0.0546875
0 0.815625 0.053125 0.06875 0.04375
0 0.80625 0.0234375 0.0640625 0.0390625
0 0.909375 0.640625 0.0625 0.0359375
0 0.8953125 0.5875 0.06875 0.04375
0 0.6171875 0.228125 0.0546875 0.0375
0 0.8859375 0.5609375 0.0671875 0.0421875
0 0.609375 0.2 0.0671875 0.0453125
0 0.596875 0.1734375 0.06875 0.0421875
0 0.5640625 0.0703125 0.0609375 0.0375
0 0.553125 0.04375 0.0625 0.0375
0 0.55 0.0140625 0.071875 0.0453125
0 0.7234375 0.025 0.06875 0.0421875
0 0.7328125 0.0515625 0.0703125 0.04375
0 0.740625 0.0796875 0.0671875 0.0421875
0 0.7546875 0.134375 0.0640625 0.0421875
0 0.765625 0.1609375 0.0734375 0.0453125
0 0.778125 0.215625 0.0640625 0.0421875
0 0.7890625 0.2421875 0.0671875 0.0421875
0 0.8046875 0.29375 0.06875 0.040625
0 0.8203125 0.3484375 0.0671875 0.040625
0 0.8375 0.4015625 0.06875 0.0453125
0 0.84375 0.4296875 0.0734375 0.04375
0 0.8625 0.48125 0.06875 0.0390625
0 0.8703125 0.5078125 0.05625 0.0359375
0 0.5921875 0.1265625 0.0671875 0.046875
0 0.98125 0.975 0.0953125 0.046875
0 0.99375 0.8859375 0.0453125 0.0875
0 0.9640625 0.9015625 0.046875 0.075
0 0.09375 0.0578125 0.0359375 0.0203125
0 0.046875 0.071875 0.0375 0.025
0 0.1578125 0.0375 0.0421875 0.028125
0 0.2234375 0.0171875 0.0390625 0.0265625
