0 0.896875 0.3375 0.0515625 0.0921875
0 0.8375 0.240625 0.0484375 0.0796875
0 0.8734375 0.23125 0.059375 0.1015625
0 0.915625 0.2171875 0.05625 0.1015625
0 0.95625 0.2046875 0.05625 0.10625
0 0.9921875 0.19375 0.0546875 0.1078125
0 0.9375 0.3296875 0.0578125 0.1046875
0 0.8265625 0.3625 0.053125 0.103125
0 0.7890625 0.36875 0.05 0.0953125
0 0.746875 0.3859375 0.0421875 0.0765625
0 0.75625 0.259375 0.05625 0.1125
0 0.9953125 0.65 0.0453125 0.0796875
0 0.96875 0.5640625 0.0421875 0.071875
0 0.9 0.575 0.053125 0.084375
0 0.809375 0.609375 0.0375 0.0640625
0 0.8375 0.5921875 0.0453125 0.0796875
0 0.8671875 0.6875 0.04375 0.078125
0 0.834375 0.7 0.0375 0.065625
0 0.7859375 0.6625 0.0625 0.1265625
0 0.675 0.284375 0.053125 0.096875
0 0.71875 0.275 0.059375 0.1078125
0 0.4015625 0.071875 0.096875 0.065625
0 0.5046875 0.028125 0.1 0.0515625
0 0.384375 0.0234375 0.1125 0.05625
0 0.98125 0.9609375 0.0421875 0.075
0 0.9859375 0.86875 0.04375 0.0671875
0 0.95625 0.8796875 0.0421875 0.0734375
0 0.9265625 0.8875 0.04375 0.0703125
0 0.896875 0.9 0.0421875 0.06875
0 0.91875 0.98125 0.0453125 0.0734375
0 0.8765625 0.965625 0.0765625 0.15625
