0 0.109375 0.1109375 0.05 0.0296875
0 0.209375 0.234375 0.0484375 0.03125
0 0.21875 0.259375 0.04375 0.028125
0 0.253125 0.371875 0.0546875 0.034375
0 0.215625 0.4703125 0.0515625 0.0328125
0 0.20625 0.4484375 0.053125 0.034375
0 0.19375 0.403125 0.0546875 0.034375
0 0.190625 0.3796875 0.0515625 0.0328125
0 0.1796875 0.334375 0.05 0.03125
0 0.1453125 0.2203125 0.05 0.0328125
0 0.153125 0.2421875 0.05 0.034375
0 0.121875 0.153125 0.053125 0.0328125
0 0.1 0.084375 0.0484375 0.034375
0 0.0953125 0.4703125 0.053125 0.03125
0 0.0828125 0.4234375 0.0484375 0.034375
0 0.071875 0.4 0.05 0.0328125
0 0.0703125 0.3765625 0.0546875 0.0328125
0 0.05 0.33125 0.0484375 0.0328125
0 0.0140625 0.2140625 0.0484375 0.0296875
0 0.0234375 0.2359375 0.04375 0.0265625
0 0.03125 0.2609375 0.0484375 0.0328125
0 0.0390625 0.28125 0.0515625 0.034375
0 0.0453125 0.30625 0.05 0.034375
0 0.20625 0.2125 0.046875 0.03125
0 0.1984375 0.184375 0.040625 0.0296875
0 0.1890625 0.1640625 0.0453125 0.03125
0 0.1828125 0.1390625 0.05 0.034375
0 0.259375 0.8296875 0.0421875 0.0703125
0 0.284375 0.821875 0.0375 0.0609375
0 0.3140625 0.8109375 0.040625 0.0671875
0 0.340625 0.803125 0.04375 0.0703125
0 0.36875 0.8 0.0359375 0.059375
0 0.3984375 0.7875 0.0390625 0.0640625
0 0.428125 0.78125 0.0375 0.0625
0 0.465625 0.7109375 0.0515625 0.03125
0 0.4609375 0.6890625 0.0515625 0.034375
0 0.415625 0.534375 0.05 0.0328125
0 0.29375 0.4875 0.04375 0.0328125
0 0.3078125 0.5609375 0.046875 0.028125
0 0.325 0.60625 0.04375 0.0265625
0 0.2796875 0.6515625 0.0578125 0.0375
0 0.259375 0.60625 0.0546875 0.034375
0 0.253125 0.58125 0.053125 0.034375
0 0.2453125 0.559375 0.046875 0.0296875
0 0.2375 0.5359375 0.05625 0.0375
0 0.23125 0.515625 0.046875 0.028125
0 0.34375 0.3109375 0.05 0.034375
0 0.33125 0.2640625 0.0453125 0.0296875
0 0.315625 0.21875 0.046875 0.034375
0 0.290625 0.128125 0.04375 0.0296875
0 0.0953125 0.446875 0.0546875 0.034375
0 0.109375 0.5171875 0.0515625 0.03125
0 0.2015625 0.8453125 0.0375 0.0609375
0 0.1265625 0.5625 0.05625 0.0328125
0 0.1375 0.609375 0.053125 0.03125
0 0.14375 0.634375 0.0546875 0.034375
0 0.0671875 0.653125 0.084375 0.053125
0 0.0609375 0.6171875 0.0765625 0.0453125
0 0.05 0.584375 0.0734375 0.0484375
0 0.0390625 0.55 0.08125 0.0484375
0 0.0265625 0.515625 0.0796875 0.05
0 0.01875 0.48125 0.0796875 0.05
0 0.0015625 0.4484375 0.0890625 0.0546875
0 0.003125 0.140625 0.059375 0.0375
0 0.2296875 0.8390625 0.0375 0.0640625
0 0.175 0.853125 0.0375 0.06875
0 0.14375 0.8609375 0.04375 0.075
0 0.309375 0.9953125 0.0890625 0.0546875
0 0.3015625 0.9578125 0.0875 0.0515625
0 0.2625 0.89375 0.09375 0.05
0 0.059375 0.884375 0.0390625 0.06875
0 0.0890625 0.8796875 0.040625 0.0703125
0 0.115625 0.8703125 0.0390625 0.0625
0 0.5375 0.9734375 0.0578125 0.0375
0 0.5328125 0.9484375 0.05625 0.0328125
0 0.5234375 0.921875 0.059375 0.0390625
0 0.5125 0.8953125 0.0640625 0.0375
0 0.503125 0.86875 0.0578125 0.0390625
0 0.4953125 0.8453125 0.05 0.03125
0 0.4921875 0.81875 0.0609375 0.034375
0 0.3625 0.859375 0.0609375 0.0375
0 0.3640625 0.8828125 0.05625 0.034375
0 0.3734375 0.90625 0.0578125 0.0359375
0 0.3875 0.9546875 0.059375 0.034375
0 0.39375 0.9796875 0.05625 0.0390625
0 0.2828125 0.10625 0.0421875 0.0296875
0 0.2984375 0.171875 0.03125 0.01875
0 0.30625 0.2015625 0.034375 0.0234375
0 0.296875 0.153125 0.0359375 0.021875
0 0.43125 0.603125 0.040625 0.0265625
0 0.3671875 0.4015625 0.0359375 0.0234375
0 0.365625 0.3765625 0.0390625 0.0296875
0 0.434375 0.625 0.0515625 0.0359375
0 0.3359375 0.634375 0.0453125 0.03125
0 0.31875 0.5828125 0.04375 0.0296875
0 0.1765625 0.115625 0.0421875 0.025
0 0.0859375 0.040625 0.05 0.03125
0 0.103125 0.496875 0.05 0.0296875
0 0.1640625 0.284375 0.0484375 0.0296875
0 0.240625 0.3265625 0.0390625 0.0265625
0 0.3890625 0.4578125 0.0515625 0.04375
0 0.26875 0.4171875 0.046875 0.034375
0 0.2328125 0.30625 0.0453125 0.028125
0 0.0796875 0.984375 0.0890625 0.05
