0 0.9609375 0.059375 0.0375 0.0609375
0 0.9890625 0.053125 0.0375 0.0640625
0 0.934375 0.0671875 0.0375 0.06875
0 0.975 0.9890625 0.0484375 0.0796875
0 0.903125 0.075 0.04375 0.075
0 0.81875 0.0984375 0.0390625 0.06875
0 0.8484375 0.09375 0.040625 0.0703125
0 0.875 0.084375 0.0390625 0.0625
0 0.159375 0.0234375 0.0625 0.034375
0 0.0765625 0.021875 0.0703125 0.04375
0 0.0875 0.0453125 0.0703125 0.04375
0 0.121875 0.075 0.115625 0.0640625
0 0.3703125 0.0234375 0.146875 0.08125
0 0.5390625 0.8203125 0.096875 0.065625
0 0.9765625 0.684375 0.090625 0.0640625
0 0.6078125 0.6625 0.096875 0.0546875
0 0.7859375 0.4078125 0.103125 0.05625
0 0.7984375 0.4453125 0.0953125 0.053125
0 0.8171875 0.515625 0.10625 0.059375
0 0.8296875 0.5578125 0.0875 0.053125
0 0.840625 0.59375 0.103125 0.0578125
0 0.8546875 0.628125 0.1046875 0.0609375
0 0.8625 0.6640625 0.1015625 0.0578125
0 0.8796875 0.703125 0.10625 0.0578125
0 0.6421875 0.7765625 0.1 0.0515625
0 0.521875 0.771875 0.1125 0.05625
0 0.5125 0.7296875 0.1015625 0.0515625
0 0.5875 0.5875 0.0984375 0.0546875
0 0.5140625 0.3359375 0.09375 0.0546875
0 0.4734375 0.6109375 0.096875 0.05625
0 0.459375 0.5703125 0.1140625 0.0609375
0 0.565625 0.5125 0.096875 0.0546875
0 0.4515625 0.534375 0.103125 0.0578125
0 0.4421875 0.49375 0.096875 0.05625
0 0.5515625 0.478125 0.0984375 0.053125
0 0.4328125 0.45625 0.1015625 0.0546875
0 0.415625 0.4203125 0.1015625 0.053125
0 0.5390625 0.4046875 0.109375 0.0578125
0 0.5140625 0.3734375 0.0859375 0.0515625
0 0.4015625 0.38125 0.1125 0.0578125
0 0.775 0.3734375 0.103125 0.059375
0 0.7734375 0.3359375 0.0859375 0.053125
0 0.74375 0.2671875 0.090625 0.0515625
0 0.721875 0.1984375 0.084375 0.046875
0 0.5953125 0.1671875 0.05 0.08125
0 0.690625 0.1359375 0.046875 0.08125
0 0.7234375 0.125 0.05 0.0828125
0 0.753125 0.1109375 0.04375 0.0734375
0 0.9625 0.6359375 0.084375 0.053125
0 0.9484375 0.603125 0.0796875 0.0453125
0 0.9453125 0.5640625 0.096875 0.0515625
0 0.9359375 0.53125 0.0921875 0.0515625
0 0.921875 0.5 0.0890625 0.0515625
0 0.9125 0.4640625 0.0765625 0.046875
0 0.890625 0.3953125 0.0859375 0.0515625
0 0.8875 0.3625 0.071875 0.046875
0 0.878125 0.3296875 0.084375 0.046875
0 0.8671875 0.2921875 0.0796875 0.0484375
0 0.853125 0.265625 0.0765625 0.0390625
0 0.8390625 0.1984375 0.0890625 0.05
0 0.396875 0.340625 0.1046875 0.0546875
0 0.5015625 0.3 0.09375 0.0515625
0 0.4921875 0.265625 0.103125 0.05625
0 0.3890625 0.303125 0.0953125 0.046875
0 0.53125 0.184375 0.046875 0.0796875
0 0.5 0.1921875 0.0484375 0.0875
0 0.4671875 0.2015625 0.0453125 0.071875
0 0.434375 0.2125 0.04375 0.0734375
0 0.4015625 0.2140625 0.0453125 0.0875
0 0.371875 0.2296875 0.046875 0.075
0 0.503125 0.6859375 0.09375 0.0515625
