0 0.975 0.1515625 0.0109375 0.021875
0 0.290625 0.34375 0.0421875 0.0390625
0 0.29375 0.3609375 0.0265625 0.025
0 0.2578125 0.3046875 0.0265625 0.025
0 0.9828125 0.0015625 0.0234375 0.0296875
0 0.3203125 0.2734375 0.0296875 0.028125
0 0.2359375 0.353125 0.03125 0.0234375
0 0.2703125 0.3921875 0.0328125 0.0265625
0 0.29375 0.39375 0.0328125 0.025
0 0.3015625 0.375 0.025 0.0203125
0 0.55 0.1109375 0.0234375 0.028125
0 0.2671875 0.3140625 0.0328125 0.0328125
0 0.2484375 0.3734375 0.040625 0.0359375
0 0.221875 0.3296875 0.0421875 0.0328125
0 0.990625 0.159375 0.01875 0.0234375
0 0.146875 0.0796875 0.025 0.021875
0 0.328125 0.2828125 0.025 0.025
0 0.5421875 0.7515625 0.0234375 0.0203125
0 0.509375 0.134375 0.021875 0.0203125
0 0.540625 0.1140625 0.015625 0.01875
0 0.5828125 0.1125 0.0203125 0.0234375
0 0.346875 0.2609375 0.0203125 0.0234375
