0 0.93125 0.0796875 0.0109375 0.021875
0 0.246875 0.271875 0.0421875 0.0390625
0 0.25 0.2890625 0.0265625 0.025
0 0.2140625 0.2328125 0.0265625 0.025
0 0.2765625 0.2015625 0.0296875 0.028125
0 0.1921875 0.28125 0.03125 0.0234375
0 0.2265625 0.3203125 0.0328125 0.0265625
0 0.25 0.321875 0.0328125 0.025
0 0.2578125 0.303125 0.025 0.0203125
0 0.50625 0.0390625 0.0234375 0.028125
0 0.2234375 0.2421875 0.0328125 0.0328125
0 0.2046875 0.3015625 0.040625 0.0359375
0 0.178125 0.2578125 0.0421875 0.0328125
0 0.946875 0.0875 0.01875 0.0234375
0 0.103125 0.0078125 0.025 0.021875
0 0.975 0.0828125 0.0234375 0.025
0 0.284375 0.2109375 0.025 0.025
0 0.4984375 0.6796875 0.0234375 0.0203125
0 0.465625 0.0625 0.021875 0.0203125
0 0.496875 0.0421875 0.015625 0.01875
0 0.5390625 0.040625 0.0203125 0.0234375
0 0.303125 0.1890625 0.0203125 0.0234375
