0 0.4859375 0.3828125 0.0421875 0.0390625
0 0.4890625 0.4 0.0265625 0.025
0 0.453125 0.34375 0.0265625 0.025
0 0.515625 0.3125 0.0296875 0.028125
0 0.43125 0.3921875 0.03125 0.0234375
0 0.465625 0.43125 0.0328125 0.0265625
0 0.4890625 0.4328125 0.0328125 0.025
0 0.496875 0.4140625 0.025 0.0203125
0 0.7453125 0.15 0.0234375 0.028125
0 0.4625 0.353125 0.0328125 0.0328125
0 0.44375 0.4125 0.040625 0.0359375
0 0.4171875 0.36875 0.0421875 0.0328125
0 0.1765625 0.221875 0.0203125 0.0390625
0 0.3421875 0.11875 0.025 0.021875
0 0.5234375 0.321875 0.025 0.025
0 0.7375 0.790625 0.0234375 0.0203125
0 0.7046875 0.1734375 0.021875 0.0203125
0 0.7359375 0.153125 0.015625 0.01875
0 0.778125 0.1515625 0.0203125 0.0234375
0 0.5421875 0.3 0.0203125 0.0234375
