0 0.41875 0.246875 0.0421875 0.0390625
0 0.421875 0.2640625 0.0265625 0.025
0 0.3859375 0.2078125 0.0265625 0.025
0 0.4484375 0.1765625 0.0296875 0.028125
0 0.3640625 0.25625 0.03125 0.0234375
0 0.3984375 0.2953125 0.0328125 0.0265625
0 0.421875 0.296875 0.0328125 0.025
0 0.4296875 0.278125 0.025 0.0203125
0 0.678125 0.0140625 0.0234375 0.028125
0 0.3953125 0.2171875 0.0328125 0.0328125
0 0.3765625 0.2765625 0.040625 0.0359375
0 0.35 0.2328125 0.0421875 0.0328125
0 0.109375 0.0859375 0.0203125 0.0390625
0 0.45625 0.1859375 0.025 0.025
0 0.6703125 0.6546875 0.0234375 0.0203125
0 0.6375 0.0375 0.021875 0.0203125
0 0.66875 0.0171875 0.015625 0.01875
0 0.7109375 0.015625 0.0203125 0.0234375
0 0.475 0.1640625 0.0203125 0.0234375
