0 0.465625 0.6578125 0.0421875 0.0390625
0 0.46875 0.675 0.0265625 0.025
0 0.4328125 0.61875 0.0265625 0.025
0 0.4953125 0.5875 0.0296875 0.028125
0 0.4109375 0.6671875 0.03125 0.0234375
0 0.4453125 0.70625 0.0328125 0.0265625
0 0.46875 0.7078125 0.0328125 0.025
0 0.4765625 0.6890625 0.025 0.0203125
0 0.725 0.425 0.0234375 0.028125
0 0.4421875 0.628125 0.0328125 0.0328125
0 0.4234375 0.6875 0.040625 0.0359375
0 0.396875 0.64375 0.0421875 0.0328125
0 0.15625 0.496875 0.0203125 0.0390625
0 0.321875 0.39375 0.025 0.021875
0 0.503125 0.596875 0.025 0.025
0 0.684375 0.4484375 0.021875 0.0203125
0 0.715625 0.428125 0.015625 0.01875
0 0.7578125 0.4265625 0.0203125 0.0234375
0 0.521875 0.575 0.0203125 0.0234375
