0 0.4796875 0.75625 0.0421875 0.0390625
0 0.4828125 0.7734375 0.0265625 0.025
0 0.446875 0.7171875 0.0265625 0.025
0 0.509375 0.6859375 0.0296875 0.028125
0 0.425 0.765625 0.03125 0.0234375
0 0.459375 0.8046875 0.0328125 0.0265625
0 0.4828125 0.80625 0.0328125 0.025
0 0.490625 0.7875 0.025 0.0203125
0 0.7390625 0.5234375 0.0234375 0.028125
0 0.45625 0.7265625 0.0328125 0.0328125
0 0.4375 0.7859375 0.040625 0.0359375
0 0.4109375 0.7421875 0.0421875 0.0328125
0 0.1703125 0.5953125 0.0203125 0.0390625
0 0.3359375 0.4921875 0.025 0.021875
0 0.5171875 0.6953125 0.025 0.025
0 0.6984375 0.546875 0.021875 0.0203125
0 0.7296875 0.5265625 0.015625 0.01875
0 0.771875 0.525 0.0203125 0.0234375
0 0.5359375 0.6734375 0.0203125 0.0234375
