0 0.334375 0.596875 0.0421875 0.0390625
0 0.3375 0.6140625 0.0265625 0.025
0 0.3015625 0.5578125 0.0265625 0.025
0 0.3640625 0.5265625 0.0296875 0.028125
0 0.2796875 0.60625 0.03125 0.0234375
0 0.3140625 0.6453125 0.0328125 0.0265625
0 0.3375 0.646875 0.0328125 0.025
0 0.3453125 0.628125 0.025 0.0203125
0 0.59375 0.3640625 0.0234375 0.028125
0 0.3109375 0.5671875 0.0328125 0.0328125
0 0.2921875 0.6265625 0.040625 0.0359375
0 0.265625 0.5828125 0.0421875 0.0328125
0 0.025 0.4359375 0.0203125 0.0390625
0 0.190625 0.3328125 0.025 0.021875
0 0.371875 0.5359375 0.025 0.025
0 0.553125 0.3875 0.021875 0.0203125
0 0.584375 0.3671875 0.015625 0.01875
0 0.6265625 0.365625 0.0203125 0.0234375
0 0.390625 0.5140625 0.0203125 0.0234375
