0 0.9984375 0.5109375 0.0109375 0.021875
0 0.3140625 0.703125 0.0421875 0.0390625
0 0.3171875 0.7203125 0.0265625 0.025
0 0.28125 0.6640625 0.0265625 0.025
0 0.34375 0.6328125 0.0296875 0.028125
0 0.259375 0.7125 0.03125 0.0234375
0 0.29375 0.7515625 0.0328125 0.0265625
0 0.3171875 0.753125 0.0328125 0.025
0 0.325 0.734375 0.025 0.0203125
0 0.5734375 0.4703125 0.0234375 0.028125
0 0.290625 0.6734375 0.0328125 0.0328125
0 0.271875 0.7328125 0.040625 0.0359375
0 0.2453125 0.6890625 0.0421875 0.0328125
0 0.0046875 0.5421875 0.0203125 0.0390625
0 0.1703125 0.4390625 0.025 0.021875
0 0.3515625 0.6421875 0.025 0.025
0 0.5328125 0.49375 0.021875 0.0203125
0 0.5640625 0.4734375 0.015625 0.01875
0 0.60625 0.471875 0.0203125 0.0234375
0 0.3703125 0.6203125 0.0203125 0.0234375
