0 0.3921875 0.1734375 0.0421875 0.0390625
0 0.3953125 0.190625 0.0265625 0.025
0 0.359375 0.134375 0.0265625 0.025
0 0.421875 0.103125 0.0296875 0.028125
0 0.3375 0.1828125 0.03125 0.0234375
0 0.371875 0.221875 0.0328125 0.0265625
0 0.3953125 0.2234375 0.0328125 0.025
0 0.403125 0.2046875 0.025 0.0203125
0 0.36875 0.14375 0.0328125 0.0328125
0 0.35 0.203125 0.040625 0.0359375
0 0.3234375 0.159375 0.0421875 0.0328125
0 0.0828125 0.0125 0.0203125 0.0390625
0 0.4296875 0.1125 0.025 0.025
0 0.64375 0.58125 0.0234375 0.0203125
0 0.4484375 0.090625 0.0203125 0.0234375
