0 0.4953125 0.66875 0.0421875 0.0390625
0 0.4984375 0.6859375 0.0265625 0.025
0 0.4625 0.6296875 0.0265625 0.025
0 0.525 0.5984375 0.0296875 0.028125
0 0.440625 0.678125 0.03125 0.0234375
0 0.475 0.7171875 0.0328125 0.0265625
0 0.4984375 0.71875 0.0328125 0.025
0 0.50625 0.7 0.025 0.0203125
0 0.7546875 0.4359375 0.0234375 0.028125
0 0.471875 0.6390625 0.0328125 0.0328125
0 0.453125 0.6984375 0.040625 0.0359375
0 0.4265625 0.6546875 0.0421875 0.0328125
0 0.1859375 0.5078125 0.0203125 0.0390625
0 0.3515625 0.4046875 0.025 0.021875
0 0.5328125 0.6078125 0.025 0.025
0 0.7140625 0.459375 0.021875 0.0203125
0 0.7453125 0.4390625 0.015625 0.01875
0 0.7875 0.4375 0.0203125 0.0234375
0 0.5515625 0.5859375 0.0203125 0.0234375
