0 0.3203125 0.796875 0.0421875 0.04375
0 0.1796875 0.7671875 0.0421875 0.05
0 0.2640625 0.746875 0.040625 0.0453125
0 0.2 0.7796875 0.0453125 0.0453125
0 0.21875 0.796875 0.0421875 0.046875
0 0.240625 0.815625 0.0390625 0.040625
0 0.2578125 0.83125 0.040625 0.046875
0 0.2796875 0.85 0.040625 0.0453125
0 0.284375 0.765625 0.046875 0.0484375
0 0.303125 0.7828125 0.040625 0.046875
0 0.2984375 0.865625 0.040625 0.046875
0 0.3390625 0.8171875 0.0390625 0.0421875
0 0.31875 0.88125 0.040625 0.04375
0 0.3609375 0.834375 0.034375 0.040625
0 0.3375 0.896875 0.0421875 0.046875
0 0.3828125 0.846875 0.04375 0.046875
0 0.4015625 0.8625 0.0421875 0.046875
0 0.359375 0.9140625 0.04375 0.046875
0 0.4234375 0.8796875 0.0390625 0.0453125
0 0.3953125 0.9515625 0.0421875 0.05
0 0.1609375 0.75 0.040625 0.046875
0 0.1421875 0.73125 0.0453125 0.0515625
0 0.121875 0.7125 0.0453125 0.05
0 0.1 0.6984375 0.0484375 0.053125
0 0.0015625 0.615625 0.046875 0.0515625
0 0.0265625 0.6328125 0.0375 0.0390625
0 0.040625 0.646875 0.040625 0.046875
0 0.0625 0.6625 0.040625 0.0453125
0 0.0828125 0.68125 0.04375 0.046875
0 0.415625 0.965625 0.04375 0.0484375
0 0.4359375 0.978125 0.0390625 0.0421875
0 0.4609375 0.9140625 0.046875 0.0484375
0 0.0265625 0.3953125 0.0390625 0.0421875
0 0.05 0.4125 0.0421875 0.0453125
0 0.06875 0.4296875 0.0421875 0.0484375
0 0.0890625 0.45 0.0375 0.0390625
0 0.1078125 0.4640625 0.0421875 0.05
0 0.1265625 0.4828125 0.0375 0.040625
0 0.171875 0.4625 0.0265625 0.0234375
0 0.2046875 0.490625 0.03125 0.0296875
0 0.1671875 0.515625 0.0421875 0.0484375
0 0.1859375 0.53125 0.040625 0.04375
0 0.2046875 0.546875 0.0421875 0.046875
0 0.2234375 0.565625 0.0390625 0.0453125
0 0.2453125 0.58125 0.040625 0.046875
0 0.2421875 0.5203125 0.0515625 0.046875
0 0.265625 0.5984375 0.040625 0.046875
0 0.2828125 0.6171875 0.0421875 0.046875
0 0.3046875 0.63125 0.0390625 0.0453125
0 0.325 0.6453125 0.046875 0.0515625
0 0.3421875 0.665625 0.0421875 0.046875
0 0.0078125 0.3796875 0.0375 0.0421875
0 0.4765625 0.934375 0.0421875 0.046875
0 0.4765625 0.9890625 0.06875 0.0796875
0 0.20625 0.6953125 0.0390625 0.0390625
0 0.1828125 0.684375 0.0375 0.0421875
0 0.1640625 0.665625 0.0375 0.04375
0 0.1234375 0.63125 0.0453125 0.04375
0 0.1046875 0.6140625 0.0421875 0.0390625
0 0.08125 0.596875 0.0328125 0.0359375
0 0.0640625 0.584375 0.0390625 0.0421875
0 0.046875 0.565625 0.04375 0.046875
0 0.025 0.5484375 0.0359375 0.0484375
0 0.00625 0.53125 0.040625 0.04375
0 0.1390625 0.934375 0.0484375 0.0515625
0 0.09375 0.8921875 0.0484375 0.0546875
0 0.0734375 0.871875 0.0546875 0.0609375
0 0.0515625 0.853125 0.0546875 0.0609375
0 0.028125 0.834375 0.05 0.0546875
0 0.00625 0.815625 0.05 0.05625
0 0.1203125 0.9078125 0.053125 0.0625
0 0.159375 0.9515625 0.0515625 0.053125
0 0.0 0.915625 0.059375 0.065625
0 0.18125 0.965625 0.0453125 0.05625
0 0.0234375 0.9359375 0.046875 0.0546875
0 0.0453125 0.9515625 0.05 0.0546875
0 0.06875 0.9703125 0.0546875 0.0625
0 0.0890625 0.990625 0.0453125 0.0546875
0 0.20625 0.9875 0.053125 0.059375
0 0.3609375 0.6828125 0.0421875 0.05
0 0.3609375 0.6203125 0.0421875 0.0375
0 0.3828125 0.7 0.0375 0.05
0 0.4578125 0.703125 0.040625 0.0390625
0 0.5359375 0.259375 0.0421875 0.0484375
0 0.49375 0.228125 0.0390625 0.046875
0 0.515625 0.30625 0.0453125 0.040625
0 0.4734375 0.271875 0.034375 0.034375
0 0.475 0.2109375 0.0390625 0.046875
0 0.45625 0.19375 0.0421875 0.0453125
0 0.4375 0.178125 0.0390625 0.04375
0 0.3765625 0.1875 0.0359375 0.0328125
0 0.4015625 0.1390625 0.04375 0.0515625
0 0.359375 0.109375 0.0421875 0.0453125
0 0.340625 0.0921875 0.0421875 0.0484375
0 0.3203125 0.0734375 0.046875 0.05
0 0.296875 0.0609375 0.040625 0.04375
0 0.278125 0.04375 0.0390625 0.0421875
0 0.25625 0.025 0.0375 0.0375
0 0.2390625 0.0109375 0.0390625 0.04375
0 0.515625 0.24375 0.0421875 0.046875
0 0.553125 0.275 0.0421875 0.0453125
0 0.5734375 0.2921875 0.0359375 0.0453125
0 0.5078125 0.74375 0.0453125 0.0390625
0 0.44375 0.7484375 0.0375 0.040625
0 0.459375 0.7609375 0.04375 0.0515625
0 0.48125 0.78125 0.040625 0.0453125
0 0.5171875 0.8125 0.04375 0.0484375
0 0.5484375 0.778125 0.0453125 0.0390625
0 0.5515625 0.83125 0.0546875 0.0578125
0 0.3828125 0.475 0.08125 0.0875
0 0.425 0.378125 0.0296875 0.0296875
0 0.4609375 0.490625 0.0875 0.075
0 0.5140625 0.5234375 0.0375 0.0375
0 0.5546875 0.484375 0.0609375 0.0609375
0 0.5671875 0.5125 0.065625 0.0703125
0 0.6921875 0.403125 0.059375 0.0671875
0 0.675 0.375 0.0421875 0.046875
0 0.634375 0.3421875 0.0453125 0.0453125
0 0.653125 0.3578125 0.04375 0.0484375
0 0.6125 0.325 0.04375 0.0484375
0 0.5953125 0.309375 0.040625 0.04375
0 0.51875 0.0046875 0.04375 0.0421875
0 0.5390625 0.01875 0.0421875 0.0484375
0 0.559375 0.0359375 0.0390625 0.040625
0 0.578125 0.0515625 0.040625 0.0484375
0 0.5953125 0.06875 0.0359375 0.0359375
0 0.615625 0.0875 0.0421875 0.0453125
0 0.6359375 0.103125 0.0390625 0.0453125
0 0.65625 0.11875 0.046875 0.05
0 0.6765625 0.1359375 0.0421875 0.05
0 0.6984375 0.15 0.0453125 0.053125
0 0.7125 0.171875 0.0390625 0.0421875
0 0.73125 0.184375 0.0359375 0.046875
0 0.753125 0.203125 0.040625 0.0453125
0 0.7765625 0.221875 0.0421875 0.0484375
0 0.8203125 0.05625 0.04375 0.0578125
0 0.7953125 0.0359375 0.053125 0.0625
0 0.7734375 0.0171875 0.0515625 0.0578125
0 0.41875 0.0015625 0.0421875 0.04375
0 0.4359375 0.0203125 0.046875 0.05
0 0.4578125 0.0359375 0.0453125 0.0484375
0 0.478125 0.053125 0.046875 0.0515625
0 0.4984375 0.06875 0.04375 0.0515625
0 0.5328125 0.10625 0.046875 0.0515625
0 0.5546875 0.1203125 0.0453125 0.0484375
0 0.575 0.1375 0.0390625 0.04375
0 0.5953125 0.1546875 0.0359375 0.046875
0 0.6140625 0.1703125 0.0390625 0.0453125
0 0.6359375 0.1859375 0.034375 0.0390625
0 0.653125 0.203125 0.0375 0.040625
0 0.671875 0.2171875 0.0421875 0.0453125
0 0.690625 0.234375 0.0453125 0.046875
0 0.715625 0.25 0.0390625 0.046875
0 0.7421875 0.2671875 0.053125 0.0609375
0 0.853125 0.08125 0.0796875 0.084375
0 0.4171875 0.1609375 0.04375 0.046875
0 0.375 0.9328125 0.05 0.0546875
0 0.2234375 0.715625 0.0453125 0.05
0 0.2421875 0.7296875 0.046875 0.0484375
0 0.4125 0.6609375 0.040625 0.0390625
0 0.41875 0.734375 0.05 0.053125
0 0.8265625 0.75625 0.059375 0.034375
0 0.825 0.803125 0.065625 0.025
0 0.83125 0.83125 0.05625 0.021875
0 0.83125 0.8625 0.059375 0.025
0 0.834375 0.890625 0.0640625 0.0234375
0 0.8359375 0.921875 0.0625 0.0296875
0 0.8390625 0.9484375 0.0625 0.015625
0 0.8296875 0.9828125 0.090625 0.0296875
0 0.8421875 0.7 0.0640625 0.0375
0 0.834375 0.728125 0.0609375 0.0375
0 0.846875 0.671875 0.06875 0.04375
0 0.859375 0.6453125 0.065625 0.0390625
0 0.9953125 0.240625 0.0484375 0.0265625
0 0.9875 0.2640625 0.0546875 0.034375
0 0.9828125 0.2890625 0.05 0.0296875
0 0.9734375 0.3125 0.046875 0.0296875
0 0.965625 0.3421875 0.0484375 0.0265625
0 0.95625 0.3625 0.046875 0.028125
0 0.94375 0.409375 0.05 0.034375
0 0.9328125 0.4359375 0.0546875 0.0328125
0 0.91875 0.459375 0.06875 0.0390625
0 0.9 0.5125 0.0703125 0.04375
0 0.8953125 0.5375 0.0546875 0.034375
0 0.88125 0.5609375 0.0546875 0.0296875
0 0.8765625 0.590625 0.06875 0.040625
0 0.871875 0.6171875 0.0625 0.0375
