0 0.7390625 0.7578125 0.0453125 0.05625
0 0.7828125 0.796875 0.046875 0.053125
0 0.80625 0.815625 0.053125 0.0578125
0 0.8296875 0.834375 0.05625 0.059375
0 0.8515625 0.85625 0.053125 0.059375
0 0.875 0.8734375 0.053125 0.059375
0 0.8984375 0.89375 0.05 0.0546875
0 0.9328125 0.715625 0.0546875 0.0625
0 0.9125 0.696875 0.053125 0.0578125
0 0.89375 0.6765625 0.0546875 0.0640625
0 0.8734375 0.659375 0.053125 0.0609375
0 0.8515625 0.64375 0.05625 0.0640625
0 0.83125 0.6234375 0.053125 0.0578125
0 0.8078125 0.609375 0.0546875 0.0625
0 0.7859375 0.590625 0.053125 0.0578125
0 0.765625 0.571875 0.0515625 0.05625
0 0.7453125 0.55625 0.053125 0.0609375
0 0.725 0.5359375 0.0515625 0.05625
0 0.70625 0.5171875 0.0546875 0.0609375
0 0.68125 0.503125 0.0484375 0.05625
0 0.7640625 0.778125 0.053125 0.0625
0 0.7140625 0.7375 0.0515625 0.05625
0 0.6390625 0.465625 0.053125 0.0609375
0 0.6890625 0.7203125 0.04375 0.0546875
0 0.6890625 0.8171875 0.05 0.05625
0 0.6671875 0.7984375 0.0484375 0.0578125
0 0.64375 0.778125 0.053125 0.0609375
0 0.61875 0.7609375 0.05625 0.0625
0 0.5953125 0.7421875 0.0515625 0.059375
0 0.5765625 0.721875 0.0484375 0.053125
0 0.5515625 0.7015625 0.0359375 0.05625
0 0.5265625 0.684375 0.05625 0.0625
0 0.503125 0.6640625 0.0546875 0.0578125
0 0.4796875 0.6453125 0.0578125 0.0625
0 0.4375 0.609375 0.0515625 0.05625
0 0.4828125 0.5578125 0.0328125 0.0375
0 0.5109375 0.565625 0.0546875 0.0609375
0 0.5359375 0.5828125 0.034375 0.0421875
0 0.578125 0.6234375 0.053125 0.0578125
0 0.6015625 0.640625 0.0453125 0.0578125
0 0.6296875 0.65625 0.05625 0.0640625
0 0.646875 0.6796875 0.046875 0.053125
0 0.66875 0.7 0.0484375 0.05625
0 0.6640625 0.4828125 0.05 0.0546875
0 0.6203125 0.446875 0.0453125 0.0515625
0 0.73125 0.85625 0.053125 0.0578125
0 0.7015625 0.4015625 0.0625 0.06875
0 0.7265625 0.4203125 0.0609375 0.065625
0 0.75 0.4484375 0.0609375 0.071875
0 0.778125 0.46875 0.059375 0.065625
0 0.803125 0.4921875 0.0640625 0.0703125
0 0.8328125 0.5140625 0.0578125 0.0625
0 0.8546875 0.5359375 0.0609375 0.0734375
0 0.8796875 0.559375 0.0609375 0.065625
0 0.9375 0.6015625 0.0625 0.0703125
0 0.9578125 0.628125 0.053125 0.0609375
0 0.9875 0.646875 0.0671875 0.075
0 0.815625 0.2234375 0.0640625 0.075
0 0.84375 0.2390625 0.0625 0.0734375
0 0.86875 0.2609375 0.0625 0.071875
0 0.89375 0.2875 0.0640625 0.071875
0 0.9203125 0.309375 0.06875 0.075
0 0.946875 0.33125 0.0703125 0.0765625
0 0.971875 0.3546875 0.0703125 0.0765625
0 0.9984375 0.3734375 0.0625 0.0734375
0 0.7140625 0.8375 0.0484375 0.053125
0 0.7578125 0.8765625 0.0453125 0.05625
0 0.3703125 0.9890625 0.0421875 0.0484375
0 0.35 0.9703125 0.046875 0.05
0 0.3265625 0.9578125 0.040625 0.04375
0 0.3078125 0.940625 0.0390625 0.0421875
0 0.2859375 0.921875 0.0375 0.0375
0 0.26875 0.9078125 0.0390625 0.04375
0 0.2515625 0.8921875 0.040625 0.04375
0 0.2375 0.8734375 0.04375 0.046875
0 0.309375 0.7875 0.0375 0.040625
0 0.3296875 0.7984375 0.0484375 0.053125
0 0.3703125 0.83125 0.04375 0.0484375
0 0.3484375 0.815625 0.04375 0.046875
0 0.390625 0.85 0.0421875 0.046875
0 0.7796875 0.8953125 0.0515625 0.0609375
0 0.43125 0.7984375 0.04375 0.0484375
0 0.5109375 0.865625 0.0484375 0.0515625
0 0.5296875 0.8828125 0.0453125 0.0515625
0 0.5484375 0.9015625 0.04375 0.0421875
0 0.56875 0.915625 0.0421875 0.0484375
0 0.5890625 0.9328125 0.0390625 0.040625
0 0.6078125 0.9484375 0.040625 0.0484375
0 0.625 0.965625 0.0359375 0.0359375
0 0.6453125 0.984375 0.0421875 0.0453125
0 0.85 0.953125 0.04375 0.0578125
0 0.825 0.9328125 0.053125 0.0625
0 0.803125 0.9140625 0.0515625 0.0578125
0 0.4703125 0.8328125 0.0421875 0.0484375
0 0.409375 0.7828125 0.03125 0.040625
0 0.40625 0.8671875 0.0421875 0.046875
0 0.3890625 0.7671875 0.0328125 0.0359375
0 0.4296875 0.8859375 0.04375 0.046875
0 0.4484375 0.8984375 0.0421875 0.04375
0 0.465625 0.9171875 0.046875 0.05
0 0.4875 0.9328125 0.0453125 0.0484375
0 0.5078125 0.95 0.046875 0.0515625
0 0.528125 0.965625 0.04375 0.0515625
0 0.3515625 0.7375 0.040625 0.0453125
0 0.3734375 0.75 0.040625 0.0484375
0 0.8828125 0.978125 0.0796875 0.084375
0 0.95625 0.74375 0.0625 0.065625
0 0.6671875 0.3765625 0.0828125 0.090625
