0 0.759375 0.9953125 0.0453125 0.0515625
0 0.7390625 0.9765625 0.0453125 0.05
0 0.7171875 0.9625 0.0484375 0.053125
0 0.403125 0.8921875 0.053125 0.05625
0 0.3796875 0.871875 0.04375 0.053125
0 0.3578125 0.8546875 0.053125 0.0578125
0 0.334375 0.8390625 0.0453125 0.0484375
0 0.3125 0.821875 0.0484375 0.0515625
0 0.4453125 0.7296875 0.0453125 0.046875
0 0.4640625 0.746875 0.040625 0.0453125
0 0.4828125 0.7625 0.04375 0.0484375
0 0.5015625 0.7828125 0.0390625 0.0453125
0 0.5234375 0.7984375 0.034375 0.040625
0 0.540625 0.8140625 0.04375 0.0453125
0 0.5625 0.8265625 0.046875 0.04375
0 0.5796875 0.84375 0.0421875 0.0484375
0 0.6015625 0.8625 0.0421875 0.04375
0 0.61875 0.8796875 0.046875 0.0515625
0 0.64375 0.896875 0.0375 0.0390625
0 0.6578125 0.9109375 0.040625 0.046875
0 0.6796875 0.9265625 0.040625 0.0453125
0 0.7 0.9453125 0.04375 0.046875
0 0.60625 0.6296875 0.04375 0.0484375
0 0.64375 0.659375 0.0390625 0.0421875
0 0.6671875 0.6765625 0.0421875 0.0453125
0 0.6859375 0.69375 0.0421875 0.0484375
0 0.70625 0.7140625 0.0375 0.0390625
0 0.725 0.728125 0.0421875 0.05
0 0.74375 0.746875 0.0375 0.040625
0 0.7890625 0.7265625 0.0265625 0.0234375
0 0.821875 0.7546875 0.03125 0.0296875
0 0.784375 0.7796875 0.0421875 0.0484375
0 0.803125 0.7953125 0.040625 0.04375
0 0.821875 0.8109375 0.0421875 0.046875
0 0.840625 0.8296875 0.0390625 0.0453125
0 0.8625 0.8453125 0.040625 0.046875
0 0.859375 0.784375 0.0515625 0.046875
0 0.8828125 0.8625 0.040625 0.046875
0 0.9 0.88125 0.0421875 0.046875
0 0.921875 0.8953125 0.0390625 0.0453125
0 0.9421875 0.909375 0.046875 0.0515625
0 0.959375 0.9296875 0.0421875 0.046875
0 0.625 0.64375 0.0375 0.0421875
0 0.5859375 0.615625 0.0421875 0.046875
0 0.5640625 0.596875 0.0375 0.0453125
0 0.8234375 0.959375 0.0390625 0.0390625
0 0.8 0.9484375 0.0375 0.0421875
0 0.78125 0.9296875 0.0375 0.04375
0 0.740625 0.8953125 0.0453125 0.04375
0 0.721875 0.878125 0.0421875 0.0390625
0 0.6984375 0.8609375 0.0328125 0.0359375
0 0.68125 0.8484375 0.0390625 0.0421875
0 0.6640625 0.8296875 0.04375 0.046875
0 0.6421875 0.8125 0.0359375 0.0484375
0 0.6234375 0.7953125 0.040625 0.04375
0 0.6046875 0.778125 0.04375 0.0515625
0 0.58125 0.7625 0.0390625 0.04375
0 0.5625 0.746875 0.0390625 0.04375
0 0.54375 0.7296875 0.040625 0.046875
0 0.525 0.7125 0.0453125 0.046875
0 0.503125 0.696875 0.0390625 0.046875
0 0.4859375 0.684375 0.0390625 0.0421875
0 0.4234375 0.7171875 0.0390625 0.0421875
0 0.4234375 0.9140625 0.053125 0.05625
0 0.446875 0.9296875 0.053125 0.05625
0 0.46875 0.9484375 0.053125 0.059375
0 0.4890625 0.9671875 0.0453125 0.053125
0 0.5109375 0.984375 0.05 0.0546875
0 0.396875 0.9875 0.0453125 0.05
0 0.3734375 0.9703125 0.053125 0.059375
0 0.353125 0.95 0.0515625 0.0578125
0 0.325 0.934375 0.053125 0.0546875
0 0.3078125 0.9140625 0.053125 0.0578125
0 0.284375 0.8953125 0.053125 0.053125
0 0.978125 0.946875 0.0421875 0.05
0 0.978125 0.884375 0.0421875 0.0375
0 0.99375 0.4515625 0.0359375 0.0328125
0 0.9765625 0.3734375 0.0421875 0.0453125
0 0.9578125 0.35625 0.0421875 0.0484375
0 0.9375 0.3375 0.046875 0.05
0 0.9140625 0.325 0.040625 0.04375
0 0.8953125 0.3078125 0.0390625 0.0421875
0 0.8734375 0.2890625 0.0375 0.0375
0 0.85625 0.275 0.0390625 0.04375
0 0.8390625 0.259375 0.040625 0.04375
0 0.825 0.240625 0.04375 0.046875
0 0.896875 0.1546875 0.0375 0.040625
0 0.9171875 0.165625 0.0484375 0.053125
0 0.9578125 0.1984375 0.04375 0.0484375
0 0.9359375 0.1828125 0.04375 0.046875
0 0.978125 0.2171875 0.0421875 0.046875
0 0.996875 0.15 0.03125 0.040625
0 0.99375 0.234375 0.0421875 0.046875
0 0.9765625 0.134375 0.0328125 0.0359375
0 0.9390625 0.1046875 0.040625 0.0453125
0 0.9609375 0.1171875 0.040625 0.0484375
0 0.840625 0.9796875 0.0453125 0.05
0 0.859375 0.99375 0.046875 0.0484375
0 0.184375 0.9890625 0.0296875 0.04375
