0 0.928125 0.546875 0.0140625 0.021875
0 0.2484375 0.00625 0.040625 0.0453125
0 0.2671875 0.021875 0.040625 0.046875
0 0.2875 0.0375 0.040625 0.04375
0 0.30625 0.053125 0.0421875 0.046875
0 0.3515625 0.003125 0.04375 0.046875
0 0.3703125 0.01875 0.0421875 0.046875
0 0.328125 0.0703125 0.04375 0.046875
0 0.3921875 0.0359375 0.0390625 0.0453125
0 0.3640625 0.1078125 0.0421875 0.05
0 0.384375 0.121875 0.04375 0.0484375
0 0.4046875 0.134375 0.0390625 0.0421875
0 0.4296875 0.0703125 0.046875 0.0484375
0 0.4453125 0.090625 0.0421875 0.046875
0 0.4453125 0.1453125 0.06875 0.0796875
0 0.009375 0.309375 0.0484375 0.05
0 0.0546875 0.3453125 0.0546875 0.0609375
0 0.0734375 0.3671875 0.053125 0.0578125
0 0.096875 0.3859375 0.0546875 0.0578125
0 0.11875 0.403125 0.0484375 0.05625
0 0.1375 0.4203125 0.0515625 0.05625
0 0.159375 0.4390625 0.0453125 0.0546875
0 0.1828125 0.45625 0.0421875 0.0484375
0 0.2078125 0.4796875 0.046875 0.0609375
0 0.1078125 0.090625 0.0484375 0.0515625
0 0.0625 0.0484375 0.0484375 0.0546875
0 0.0421875 0.028125 0.0546875 0.0609375
0 0.0203125 0.009375 0.0546875 0.0609375
0 0.0890625 0.0640625 0.053125 0.0625
0 0.128125 0.1078125 0.0515625 0.053125
0 0.15 0.121875 0.0453125 0.05625
0 0.0140625 0.1078125 0.05 0.0546875
0 0.0375 0.1265625 0.0546875 0.0625
0 0.0578125 0.146875 0.0453125 0.0546875
0 0.0796875 0.165625 0.046875 0.0546875
0 0.1015625 0.184375 0.05 0.0515625
0 0.146875 0.221875 0.05625 0.059375
0 0.1703125 0.240625 0.0546875 0.059375
0 0.1875 0.2640625 0.0484375 0.0546875
0 0.2140625 0.2796875 0.0515625 0.059375
0 0.2375 0.2984375 0.05 0.059375
0 0.259375 0.3125 0.0515625 0.0578125
0 0.3109375 0.25625 0.05 0.0546875
0 0.290625 0.234375 0.05 0.059375
0 0.2640625 0.2234375 0.046875 0.053125
0 0.24375 0.196875 0.059375 0.0671875
0 0.21875 0.1796875 0.05 0.05625
0 0.196875 0.1609375 0.0515625 0.0609375
0 0.175 0.14375 0.053125 0.059375
0 0.84375 0.4625 0.034375 0.015625
0 0.321875 0.3015625 0.0890625 0.090625
0 0.1859375 0.525 0.01875 0.0234375
0 0.34375 0.0890625 0.05 0.0546875
0 0.9125 0.8578125 0.05 0.021875
0 0.91875 0.96875 0.04375 0.01875
0 0.946875 0.6828125 0.01875 0.0484375
0 0.8671875 0.60625 0.06875 0.025
0 0.8 0.01875 0.059375 0.025
0 0.803125 0.046875 0.0640625 0.0234375
0 0.8046875 0.078125 0.0625 0.0296875
0 0.8078125 0.1046875 0.0625 0.015625
0 0.7984375 0.1390625 0.090625 0.0296875
0 0.8 0.178125 0.090625 0.0328125
0 0.809375 0.2140625 0.090625 0.034375
0 0.8109375 0.2515625 0.08125 0.03125
0 0.8109375 0.2890625 0.0796875 0.0328125
0 0.821875 0.3296875 0.084375 0.03125
0 0.825 0.3625 0.08125 0.03125
0 0.8828125 0.459375 0.04375 0.0203125
0 0.8609375 0.4859375 0.053125 0.0203125
0 0.875 0.5125 0.040625 0.01875
0 0.865625 0.5390625 0.05625 0.021875
0 0.8734375 0.571875 0.05 0.028125
0 0.290625 0.9578125 0.0484375 0.0546875
0 0.271875 0.9375 0.0546875 0.0625
0 0.246875 0.9125 0.059375 0.0671875
0 0.2234375 0.890625 0.06875 0.0796875
0 0.2 0.8671875 0.059375 0.0703125
0 0.1703125 0.8453125 0.0609375 0.0703125
0 0.153125 0.81875 0.075 0.084375
0 0.1265625 0.7953125 0.0671875 0.0765625
0 0.096875 0.7734375 0.0734375 0.078125
0 0.0734375 0.7421875 0.0828125 0.0890625
0 0.040625 0.7265625 0.0734375 0.08125
0 0.0125 0.7 0.0703125 0.075
0 0.0296875 0.328125 0.05 0.0515625
0 0.0203125 0.421875 0.053125 0.0609375
0 0.040625 0.4390625 0.0484375 0.053125
0 0.0640625 0.453125 0.04375 0.05
0 0.0828125 0.4703125 0.04375 0.05
0 0.1015625 0.4859375 0.0421875 0.05
0 0.1234375 0.5015625 0.0390625 0.0421875
0 0.14375 0.5171875 0.0421875 0.0484375
0 0.165625 0.5375 0.040625 0.046875
0 0.3140625 0.975 0.05625 0.059375
0 0.3328125 0.9921875 0.046875 0.053125
