0 0.04375 0.484375 0.0421875 0.04375
0 0.003125 0.5375 0.040625 0.0453125
0 0.0078125 0.453125 0.046875 0.0484375
0 0.0265625 0.4703125 0.040625 0.046875
0 0.021875 0.553125 0.040625 0.046875
0 0.0625 0.5046875 0.0390625 0.0421875
0 0.0421875 0.56875 0.040625 0.04375
0 0.084375 0.521875 0.034375 0.040625
0 0.0609375 0.584375 0.0421875 0.046875
0 0.10625 0.534375 0.04375 0.046875
0 0.125 0.55 0.0421875 0.046875
0 0.0828125 0.6015625 0.04375 0.046875
0 0.146875 0.5671875 0.0390625 0.0453125
0 0.11875 0.6390625 0.0421875 0.05
0 0.1390625 0.653125 0.04375 0.0484375
0 0.159375 0.665625 0.0390625 0.0421875
0 0.184375 0.6015625 0.046875 0.0484375
0 0.00625 0.3046875 0.0421875 0.046875
0 0.028125 0.31875 0.0390625 0.0453125
0 0.0484375 0.3328125 0.046875 0.0515625
0 0.065625 0.353125 0.0421875 0.046875
0 0.2 0.621875 0.0421875 0.046875
0 0.2 0.6765625 0.06875 0.0796875
0 0.0140625 0.84375 0.0515625 0.0578125
0 0.065625 0.7875 0.05 0.0546875
0 0.0453125 0.765625 0.05 0.059375
0 0.01875 0.7546875 0.046875 0.053125
0 0.084375 0.3703125 0.0421875 0.05
0 0.084375 0.3078125 0.0421875 0.0375
0 0.10625 0.3875 0.0375 0.05
0 0.18125 0.390625 0.040625 0.0390625
0 0.23125 0.43125 0.0453125 0.0390625
0 0.1671875 0.4359375 0.0375 0.040625
0 0.1828125 0.4484375 0.04375 0.0515625
0 0.2046875 0.46875 0.040625 0.0453125
0 0.240625 0.5 0.04375 0.0484375
0 0.271875 0.465625 0.0453125 0.0390625
0 0.275 0.51875 0.0546875 0.0578125
0 0.10625 0.1625 0.08125 0.0875
0 0.1484375 0.065625 0.0296875 0.0296875
0 0.184375 0.178125 0.0875 0.075
0 0.2375 0.2109375 0.0375 0.0375
0 0.278125 0.171875 0.0609375 0.0609375
0 0.290625 0.2 0.065625 0.0703125
0 0.415625 0.090625 0.059375 0.0671875
0 0.3984375 0.0625 0.0421875 0.046875
0 0.3578125 0.0296875 0.0453125 0.0453125
0 0.3765625 0.0453125 0.04375 0.0484375
0 0.3359375 0.0125 0.04375 0.0484375
0 0.5984375 0.99375 0.034375 0.015625
0 0.0765625 0.8328125 0.0890625 0.090625
0 0.0984375 0.6203125 0.05 0.0546875
0 0.1359375 0.3484375 0.040625 0.0390625
0 0.1421875 0.421875 0.05 0.053125
0 0.55 0.44375 0.059375 0.034375
0 0.5484375 0.490625 0.065625 0.025
0 0.5546875 0.51875 0.05625 0.021875
0 0.5546875 0.55 0.059375 0.025
0 0.5578125 0.578125 0.0640625 0.0234375
0 0.559375 0.609375 0.0625 0.0296875
0 0.5625 0.6359375 0.0625 0.015625
0 0.553125 0.6703125 0.090625 0.0296875
0 0.5546875 0.709375 0.090625 0.0328125
0 0.5640625 0.7453125 0.090625 0.034375
0 0.565625 0.7828125 0.08125 0.03125
0 0.565625 0.8203125 0.0796875 0.0328125
0 0.5765625 0.8609375 0.084375 0.03125
0 0.5796875 0.89375 0.08125 0.03125
0 0.6375 0.990625 0.04375 0.0203125
0 0.565625 0.3875 0.0640625 0.0375
0 0.5578125 0.415625 0.0609375 0.0375
0 0.5703125 0.359375 0.06875 0.04375
0 0.84375 0.5890625 0.0421875 0.0171875
0 0.83125 0.5265625 0.046875 0.0453125
0 0.85625 0.5140625 0.025 0.04375
0 0.875 0.53125 0.015625 0.0390625
0 0.9109375 0.55 0.015625 0.04375
0 0.9421875 0.565625 0.0203125 0.05
0 0.99375 0.5734375 0.01875 0.0421875
0 0.9609375 0.5625 0.0171875 0.0421875
0 0.9671875 0.821875 0.0421875 0.0171875
0 0.975 0.8046875 0.0625 0.021875
0 0.9375 0.8734375 0.0421875 0.040625
0 0.965625 0.871875 0.0375 0.0359375
0 0.99375 0.871875 0.0375 0.0390625
0 0.8359375 0.56875 0.0453125 0.0203125
0 0.8484375 0.60625 0.0515625 0.01875
0 0.85 0.6421875 0.0421875 0.0203125
0 0.9578125 0.7890625 0.034375 0.015625
0 0.9609375 0.7203125 0.046875 0.0234375
0 0.5828125 0.3328125 0.065625 0.0390625
0 0.696875 0.0 0.046875 0.0296875
0 0.6890625 0.0296875 0.0484375 0.0265625
0 0.6796875 0.05 0.046875 0.028125
0 0.6671875 0.096875 0.05 0.034375
0 0.65625 0.1234375 0.0546875 0.0328125
0 0.6421875 0.146875 0.06875 0.0390625
0 0.6234375 0.2 0.0703125 0.04375
0 0.61875 0.225 0.0546875 0.034375
0 0.6046875 0.2484375 0.0546875 0.0296875
0 0.6 0.278125 0.06875 0.040625
0 0.5953125 0.3046875 0.0625 0.0375
