0 0.4875 0.45 0.0140625 0.021875
0 0.0046875 0.0484375 0.06875 0.0796875
0 0.403125 0.365625 0.034375 0.015625
0 0.8640625 0.08125 0.034375 0.0484375
0 0.890625 0.3453125 0.0375 0.040625
0 0.471875 0.7609375 0.05 0.021875
0 0.478125 0.871875 0.04375 0.01875
0 0.50625 0.5859375 0.01875 0.0484375
0 0.4265625 0.509375 0.06875 0.025
0 0.3671875 0.0078125 0.0625 0.015625
0 0.3578125 0.0421875 0.090625 0.0296875
0 0.359375 0.08125 0.090625 0.0328125
0 0.36875 0.1171875 0.090625 0.034375
0 0.3703125 0.1546875 0.08125 0.03125
0 0.3703125 0.1921875 0.0796875 0.0328125
0 0.38125 0.2328125 0.084375 0.03125
0 0.384375 0.265625 0.08125 0.03125
0 0.4421875 0.3625 0.04375 0.0203125
0 0.4203125 0.3890625 0.053125 0.0203125
0 0.434375 0.415625 0.040625 0.01875
0 0.425 0.4421875 0.05625 0.021875
0 0.4328125 0.475 0.05 0.028125
0 0.771875 0.19375 0.0421875 0.0171875
0 0.7796875 0.1765625 0.0625 0.021875
0 0.7421875 0.2453125 0.0421875 0.040625
0 0.7703125 0.24375 0.0375 0.0359375
0 0.7984375 0.24375 0.0375 0.0390625
0 0.821875 0.2421875 0.04375 0.0453125
0 0.975 0.25 0.0390625 0.015625
0 0.95625 0.3140625 0.0296875 0.0359375
0 0.903125 0.334375 0.0359375 0.0421875
0 0.6546875 0.0140625 0.0421875 0.0203125
0 0.7625 0.1609375 0.034375 0.015625
0 0.765625 0.0921875 0.046875 0.0234375
0 0.9421875 0.321875 0.0296875 0.034375
0 0.9421875 0.1921875 0.0890625 0.0328125
0 0.9234375 0.15 0.040625 0.015625
0 0.96875 0.11875 0.05 0.0171875
0 0.9625 0.090625 0.05 0.0203125
0 0.9234375 0.040625 0.0515625 0.025
0 0.9171875 0.00625 0.0640625 0.0296875
0 0.94375 0.0625 0.0875 0.0359375
