0 0.0140625 0.653125 0.0515625 0.084375
0 0.0453125 0.6359375 0.0453125 0.0734375
0 0.0984375 0.61875 0.0484375 0.08125
0 0.03125 0.54375 0.05 0.08125
0 0.1390625 0.4921875 0.05625 0.0890625
0 0.0859375 0.5203125 0.0546875 0.078125
0 0.125 0.60625 0.0453125 0.0765625
0 0.153125 0.5953125 0.0515625 0.078125
0 0.1796875 0.58125 0.046875 0.078125
0 0.2078125 0.5734375 0.053125 0.0796875
0 0.7171875 0.1984375 0.034375 0.046875
0 0.696875 0.20625 0.0375 0.0515625
0 0.678125 0.2203125 0.0359375 0.0578125
0 0.6578125 0.2265625 0.0375 0.053125
0 0.6359375 0.24375 0.0375 0.0578125
0 0.6171875 0.2421875 0.0265625 0.0390625
0 0.5796875 0.2671875 0.034375 0.0515625
0 0.5171875 0.29375 0.0359375 0.059375
0 0.478125 0.2203125 0.0484375 0.071875
0 0.4765625 0.3125 0.034375 0.05625
0 0.4546875 0.3109375 0.0296875 0.04375
0 0.525 0.425 0.0296875 0.0421875
0 0.5453125 0.41875 0.03125 0.04375
0 0.5875 0.475 0.0453125 0.0703125
0 0.6078125 0.453125 0.0296875 0.04375
0 0.6765625 0.421875 0.0296875 0.046875
0 0.6265625 0.3859375 0.0265625 0.0328125
0 0.6671875 0.365625 0.028125 0.0390625
0 0.65 0.15 0.053125 0.0734375
0 0.7578125 0.1765625 0.025 0.0390625
0 0.7703125 0.3234375 0.0296875 0.0390625
0 0.75625 0.096875 0.0546875 0.0828125
0 0.5046875 0.0125 0.0453125 0.0734375
0 0.8890625 0.040625 0.05 0.0765625
0 0.8078125 0.0734375 0.053125 0.078125
0 0.9015625 0.125 0.0359375 0.053125
0 0.8796875 0.128125 0.0328125 0.0546875
0 0.8609375 0.1375 0.0375 0.053125
0 0.8390625 0.1484375 0.03125 0.0515625
0 0.8171875 0.1546875 0.0328125 0.046875
0 0.7828125 0.178125 0.04375 0.0609375
0 0.746875 0.3234375 0.0390625 0.059375
0 0.7875 0.315625 0.0296875 0.046875
0 0.6984375 0.665625 0.0328125 0.05
0 0.65 0.6953125 0.040625 0.065625
0 0.61875 0.6203125 0.0390625 0.0625
0 0.59375 0.6296875 0.0421875 0.0625
0 0.70625 0.83125 0.0484375 0.0703125
0 0.759375 0.809375 0.0375 0.065625
0 0.7453125 0.884375 0.0328125 0.04375
0 0.8515625 0.8484375 0.0390625 0.0578125
0 0.8890625 0.828125 0.0359375 0.0515625
0 0.9125 0.821875 0.0328125 0.05
0 0.95 0.8046875 0.03125 0.053125
0 0.971875 0.796875 0.0390625 0.0515625
0 0.6671875 0.6046875 0.046875 0.065625
0 0.6921875 0.590625 0.0453125 0.065625
0 0.828125 0.290625 0.0453125 0.0609375
0 0.7140625 0.58125 0.046875 0.0734375
0 0.86875 0.28125 0.0296875 0.0453125
0 0.890625 0.271875 0.0296875 0.0390625
0 0.9984375 0.2921875 0.0328125 0.05625
0 0.9203125 0.3234375 0.034375 0.0484375
0 0.9828125 0.4640625 0.0453125 0.075
0 0.9578125 0.478125 0.0421875 0.0640625
0 0.909375 0.496875 0.0453125 0.0703125
0 0.9140625 0.578125 0.0453125 0.06875
0 0.8625 0.521875 0.0453125 0.0640625
0 0.865625 0.596875 0.0453125 0.0609375
0 0.81875 0.6203125 0.04375 0.0640625
0 0.765625 0.5578125 0.04375 0.0703125
0 0.7453125 0.6546875 0.0484375 0.071875
