0 0.4046875 0.509375 0.05625 0.0859375
0 0.7171875 0.2671875 0.05 0.08125
0 0.753125 0.353125 0.0453125 0.078125
0 0.728125 0.3703125 0.05625 0.096875
0 0.671875 0.3875 0.0546875 0.0765625
0 0.634375 0.303125 0.0484375 0.075
0 0.6078125 0.31875 0.05 0.0734375
0 0.61875 0.4109375 0.046875 0.0703125
0 0.5890625 0.4234375 0.0484375 0.0859375
0 0.5828125 0.3296875 0.05 0.071875
0 0.55 0.3375 0.05625 0.084375
0 0.5 0.3609375 0.046875 0.0765625
0 0.4734375 0.371875 0.05 0.078125
0 0.5625 0.4328125 0.040625 0.06875
0 0.5359375 0.4453125 0.0484375 0.071875
0 0.509375 0.459375 0.0453125 0.075
0 0.48125 0.4703125 0.05 0.078125
0 0.4453125 0.384375 0.0546875 0.078125
0 0.4203125 0.4 0.0453125 0.071875
0 0.6859375 0.2765625 0.059375 0.075
0 0.178125 0.1484375 0.0625 0.0953125
0 0.2109375 0.1234375 0.0734375 0.115625
0 0.2046875 0.259375 0.0703125 0.1109375
0 0.2515625 0.2296875 0.0453125 0.0828125
0 0.290625 0.2203125 0.0546875 0.0890625
0 0.321875 0.2015625 0.05625 0.0859375
0 0.3578125 0.1859375 0.05625 0.0859375
0 0.390625 0.1703125 0.0546875 0.0859375
0 0.4578125 0.14375 0.0609375 0.090625
0 0.4921875 0.1359375 0.0625 0.1015625
0 0.5578125 0.1078125 0.065625 0.10625
0 0.346875 0.0734375 0.0625 0.1
0 0.378125 0.0546875 0.0625 0.103125
0 0.415625 0.0484375 0.05625 0.0859375
0 0.278125 0.103125 0.0625 0.09375
0 0.246875 0.1140625 0.0578125 0.090625
0 0.01875 0.603125 0.075 0.103125
0 0.0328125 0.721875 0.059375 0.0953125
0 0.428125 0.4890625 0.05 0.075
0 0.3734375 0.515625 0.05 0.08125
0 0.3453125 0.5234375 0.04375 0.0703125
0 0.809375 0.903125 0.034375 0.046875
0 0.7890625 0.9109375 0.0375 0.0515625
0 0.7703125 0.925 0.0359375 0.0578125
0 0.75 0.93125 0.0375 0.053125
0 0.728125 0.9484375 0.0375 0.0578125
0 0.709375 0.946875 0.0265625 0.0390625
0 0.671875 0.971875 0.034375 0.0515625
0 0.609375 0.9984375 0.0359375 0.059375
0 0.5703125 0.925 0.0484375 0.071875
0 0.7421875 0.8546875 0.053125 0.0734375
0 0.85 0.88125 0.025 0.0390625
0 0.8484375 0.8015625 0.0546875 0.0828125
0 0.3140625 0.440625 0.05 0.075
0 0.3671875 0.421875 0.0484375 0.0765625
0 0.5359375 0.65 0.0453125 0.071875
0 0.596875 0.7171875 0.0453125 0.0734375
0 0.6484375 0.696875 0.0453125 0.071875
0 0.75 0.5515625 0.0515625 0.084375
0 0.78125 0.546875 0.040625 0.065625
0 0.815625 0.621875 0.03125 0.0421875
0 0.83125 0.5296875 0.04375 0.0578125
0 0.98125 0.7453125 0.05 0.0765625
0 0.9 0.778125 0.053125 0.078125
0 0.99375 0.8296875 0.0359375 0.053125
0 0.971875 0.8328125 0.0328125 0.0546875
0 0.953125 0.8421875 0.0375 0.053125
0 0.93125 0.853125 0.03125 0.0515625
0 0.909375 0.859375 0.0328125 0.046875
0 0.875 0.8828125 0.04375 0.0609375
0 0.9203125 0.9953125 0.0453125 0.0609375
0 0.9609375 0.9859375 0.0296875 0.0453125
0 0.9828125 0.9765625 0.0296875 0.0390625
