0 0.5234375 0.1984375 0.05625 0.0859375
0 0.1765625 0.9609375 0.071875 0.0890625
0 0.121875 0.9828125 0.06875 0.0890625
0 0.2421875 0.9375 0.05 0.08125
0 0.35 0.8859375 0.05625 0.0890625
0 0.296875 0.9140625 0.0546875 0.078125
0 0.3640625 0.9890625 0.0515625 0.078125
0 0.390625 0.975 0.046875 0.078125
0 0.41875 0.9671875 0.053125 0.0796875
0 0.871875 0.0421875 0.0453125 0.078125
0 0.846875 0.059375 0.05625 0.096875
0 0.790625 0.0765625 0.0546875 0.0765625
0 0.7265625 0.0078125 0.05 0.0734375
0 0.7375 0.1 0.046875 0.0703125
0 0.7078125 0.1125 0.0484375 0.0859375
0 0.7015625 0.01875 0.05 0.071875
0 0.66875 0.0265625 0.05625 0.084375
0 0.61875 0.05 0.046875 0.0765625
0 0.5921875 0.0609375 0.05 0.078125
0 0.68125 0.121875 0.040625 0.06875
0 0.6546875 0.134375 0.0484375 0.071875
0 0.628125 0.1484375 0.0453125 0.075
0 0.6 0.159375 0.05 0.078125
0 0.5640625 0.0734375 0.0546875 0.078125
0 0.5390625 0.0890625 0.0453125 0.071875
0 0.003125 0.0765625 0.0296875 0.04375
0 0.1375 0.2921875 0.075 0.103125
0 0.1515625 0.4109375 0.059375 0.0953125
0 0.0734375 0.31875 0.0609375 0.0953125
0 0.1125 0.4171875 0.059375 0.0875
0 0.08125 0.4359375 0.05 0.0859375
0 0.05 0.45 0.05625 0.090625
0 0.0140625 0.4640625 0.0484375 0.0921875
0 0.00625 0.35 0.0640625 0.096875
0 0.546875 0.178125 0.05 0.075
0 0.4921875 0.2046875 0.05 0.08125
0 0.4640625 0.2125 0.04375 0.0703125
0 0.928125 0.5921875 0.034375 0.046875
0 0.9078125 0.6 0.0375 0.0515625
0 0.8890625 0.6140625 0.0359375 0.0578125
0 0.86875 0.6203125 0.0375 0.053125
0 0.846875 0.6375 0.0375 0.0578125
0 0.828125 0.6359375 0.0265625 0.0390625
0 0.790625 0.6609375 0.034375 0.0515625
0 0.728125 0.6875 0.0359375 0.059375
0 0.6890625 0.6140625 0.0484375 0.071875
0 0.6875 0.70625 0.034375 0.05625
0 0.665625 0.7046875 0.0296875 0.04375
0 0.7359375 0.81875 0.0296875 0.0421875
0 0.75625 0.8125 0.03125 0.04375
0 0.7984375 0.86875 0.0453125 0.0703125
0 0.81875 0.846875 0.0296875 0.04375
0 0.8875 0.815625 0.0296875 0.046875
0 0.8375 0.7796875 0.0265625 0.0328125
0 0.878125 0.759375 0.028125 0.0390625
0 0.8609375 0.54375 0.053125 0.0734375
0 0.96875 0.5703125 0.025 0.0390625
0 0.98125 0.7171875 0.0296875 0.0390625
0 0.9671875 0.490625 0.0546875 0.0828125
0 0.4328125 0.1296875 0.05 0.075
0 0.4859375 0.1109375 0.0484375 0.0765625
0 0.6546875 0.3390625 0.0453125 0.071875
0 0.715625 0.40625 0.0453125 0.0734375
0 0.7671875 0.3859375 0.0453125 0.071875
0 0.86875 0.240625 0.0515625 0.084375
0 0.9 0.2359375 0.040625 0.065625
0 0.934375 0.3109375 0.03125 0.0421875
0 0.95 0.21875 0.04375 0.0578125
0 0.99375 0.571875 0.04375 0.0609375
0 0.9578125 0.7171875 0.0390625 0.059375
0 0.9984375 0.709375 0.0296875 0.046875
0 0.878125 0.9984375 0.046875 0.065625
0 0.903125 0.984375 0.0453125 0.065625
0 0.925 0.975 0.046875 0.0734375
0 0.9765625 0.9515625 0.04375 0.0703125
