0 0.915625 0.2765625 0.0515625 0.084375
0 0.946875 0.259375 0.0453125 0.0734375
0 0.8671875 0.190625 0.071875 0.0890625
0 0.8125 0.2125 0.06875 0.0890625
0 0.9328125 0.1671875 0.05 0.08125
0 0.9875 0.14375 0.0546875 0.078125
0 0.8640625 0.3015625 0.046875 0.08125
0 0.8359375 0.30625 0.0453125 0.0734375
0 0.8109375 0.3203125 0.04375 0.0671875
0 0.0109375 0.478125 0.059375 0.103125
0 0.075 0.2953125 0.071875 0.1140625
0 0.7828125 0.33125 0.0453125 0.071875
0 0.2390625 0.209375 0.06875 0.1078125
0 0.34375 0.4640625 0.0734375 0.103125
0 0.403125 0.490625 0.0484375 0.071875
0 0.4328125 0.4828125 0.05625 0.078125
0 0.3875 0.4015625 0.0640625 0.0828125
0 0.515625 0.4484375 0.0484375 0.0796875
0 0.4484375 0.3703125 0.0515625 0.0828125
0 0.53125 0.3390625 0.05 0.0765625
0 0.478125 0.3578125 0.05625 0.0765625
0 0.5859375 0.3140625 0.0515625 0.0765625
0 0.621875 0.396875 0.0515625 0.075
0 0.675 0.3734375 0.0484375 0.0703125
0 0.7015625 0.3671875 0.04375 0.0796875
0 0.7296875 0.353125 0.0546875 0.071875
0 0.665625 0.2828125 0.05625 0.075
0 0.715625 0.25625 0.05625 0.084375
0 0.76875 0.234375 0.053125 0.084375
