0 0.99375 0.69375 0.06875 0.0890625
0 0.9921875 0.8015625 0.04375 0.0671875
0 0.1265625 0.9828125 0.0578125 0.1125
0 0.1921875 0.959375 0.059375 0.103125
0 0.25625 0.7765625 0.071875 0.1140625
0 0.9453125 0.0296875 0.0609375 0.0953125
0 0.984375 0.128125 0.059375 0.0875
0 0.9640625 0.8125 0.0453125 0.071875
0 0.409375 0.26875 0.0609375 0.084375
0 0.4203125 0.690625 0.06875 0.1078125
0 0.525 0.9453125 0.0734375 0.103125
0 0.584375 0.971875 0.0484375 0.071875
0 0.6140625 0.9640625 0.05625 0.078125
0 0.56875 0.8828125 0.0640625 0.0828125
0 0.696875 0.9296875 0.0484375 0.0796875
0 0.6296875 0.8515625 0.0515625 0.0828125
0 0.7125 0.8203125 0.05 0.0765625
0 0.659375 0.8390625 0.05625 0.0765625
0 0.7671875 0.7953125 0.0515625 0.0765625
0 0.803125 0.878125 0.0515625 0.075
0 0.85625 0.8546875 0.0484375 0.0703125
0 0.8828125 0.8484375 0.04375 0.0796875
0 0.9109375 0.834375 0.0546875 0.071875
0 0.846875 0.7640625 0.05625 0.075
0 0.896875 0.7375 0.05625 0.084375
0 0.95 0.715625 0.053125 0.084375
0 0.6546875 0.1578125 0.0828125 0.1
0 0.3375 0.2921875 0.0625 0.090625
0 0.953125 0.146875 0.05 0.0859375
0 0.2859375 0.3875 0.06875 0.1015625
0 0.921875 0.1609375 0.05625 0.090625
0 0.8859375 0.175 0.0484375 0.0921875
0 0.8515625 0.1859375 0.05 0.090625
0 0.878125 0.0609375 0.0640625 0.096875
0 0.84375 0.0796875 0.053125 0.0890625
0 0.815625 0.09375 0.0609375 0.0859375
0 0.7765625 0.103125 0.0640625 0.0984375
0 0.74375 0.1203125 0.0578125 0.09375
0 0.8171875 0.2 0.0515625 0.084375
0 0.765625 0.225 0.0703125 0.0921875
0 0.71875 0.24375 0.05 0.0921875
0 0.61875 0.2984375 0.0640625 0.096875
0 0.5828125 0.303125 0.053125 0.09375
0 0.496875 0.3484375 0.0828125 0.10625
0 0.4296875 0.36875 0.075 0.096875
0 0.378125 0.3921875 0.053125 0.0984375
0 0.3421875 0.4046875 0.053125 0.096875
