0 0.36875 0.3125 0.0859375 0.15625
0 0.5953125 0.209375 0.0875 0.13125
0 0.1046875 0.434375 0.1 0.1609375
0 0.2671875 0.8125 0.075 0.128125
0 0.3234375 0.9515625 0.0609375 0.10625
0 0.5 0.8828125 0.0578125 0.115625
0 0.565625 0.8546875 0.0671875 0.115625
0 0.5328125 0.8609375 0.059375 0.1171875
0 0.6453125 0.8078125 0.059375 0.1109375
0 0.675 0.7984375 0.0453125 0.109375
0 0.746875 0.7796875 0.0734375 0.125
0 0.8296875 0.73125 0.0578125 0.1125
0 0.8953125 0.7078125 0.059375 0.103125
0 0.959375 0.525 0.071875 0.1140625
0 0.6515625 0.6453125 0.0859375 0.134375
0 0.603125 0.6515625 0.090625 0.15625
0 0.5296875 0.703125 0.0828125 0.128125
0 0.45 0.28125 0.090625 0.1390625
0 0.2921875 0.3546875 0.09375 0.175
0 0.1640625 0.0984375 0.14375 0.2421875
0 0.253125 0.0578125 0.1546875 0.25625
0 0.31875 0.0609375 0.1171875 0.190625
0 0.3671875 0.04375 0.125 0.19375
0 0.9890625 0.1359375 0.06875 0.1015625
