0 0.2484375 0.3796875 0.0703125 0.115625
0 0.559375 0.1859375 0.0640625 0.08125
0 0.596875 0.153125 0.065625 0.084375
0 0.4875 0.159375 0.0359375 0.04375
0 0.5140625 0.2046875 0.040625 0.0515625
0 0.4765625 0.2296875 0.0421875 0.0546875
0 0.38125 0.2515625 0.0421875 0.05625
0 0.409375 0.3171875 0.0609375 0.0875
0 0.3796875 0.346875 0.0453125 0.0625
0 0.271875 0.3203125 0.0640625 0.09375
0 0.340625 0.365625 0.0296875 0.0359375
0 0.1390625 0.303125 0.1 0.1421875
0 0.271875 0.00625 0.059375 0.065625
0 0.2375 0.028125 0.053125 0.0578125
0 0.1734375 0.034375 0.0734375 0.0796875
0 0.1484375 0.125 0.071875 0.046875
0 0.5578125 0.2609375 0.046875 0.0609375
0 0.603125 0.2515625 0.0375 0.053125
0 0.64375 0.21875 0.05 0.0609375
0 0.640625 0.1421875 0.0328125 0.0484375
0 0.0265625 0.0140625 0.0765625 0.125
0 0.746875 0.103125 0.071875 0.0640625
0 0.8046875 0.15 0.0625 0.0578125
0 0.390625 0.8890625 0.1015625 0.1546875
0 0.053125 0.9890625 0.14375 0.2421875
0 0.1421875 0.9484375 0.1546875 0.25625
0 0.2078125 0.9515625 0.1171875 0.190625
0 0.25625 0.934375 0.125 0.19375
0 0.9296875 0.93125 0.0625 0.090625
0 0.3421875 0.2796875 0.0609375 0.078125
0 0.4171875 0.2109375 0.05625 0.06875
0 0.4515625 0.2921875 0.0640625 0.0828125
0 0.5078125 0.2859375 0.05 0.0703125
0 0.2984375 0.396875 0.034375 0.046875
0 0.6984375 0.19375 0.0765625 0.096875
0 0.771875 0.1859375 0.0328125 0.0421875
0 0.9984375 0.1171875 0.0171875 0.021875
0 0.978125 0.078125 0.0234375 0.0265625
0 0.86875 0.1359375 0.0328125 0.04375
0 0.8390625 0.0421875 0.03125 0.0515625
