0 0.0375 0.271875 0.05 0.0609375
0 0.034375 0.1953125 0.0328125 0.0484375
0 0.0734375 0.0203125 0.1484375 0.0953125
0 0.140625 0.15625 0.071875 0.0640625
0 0.1984375 0.203125 0.0625 0.0578125
0 0.565625 0.546875 0.05 0.0328125
0 0.7859375 0.4484375 0.075 0.0484375
0 0.8609375 0.4796875 0.0296875 0.04375
0 0.9953125 0.6953125 0.075 0.103125
0 0.93125 0.721875 0.0609375 0.0953125
0 0.9703125 0.8203125 0.059375 0.0875
0 0.3953125 0.9609375 0.0609375 0.084375
0 0.640625 0.85 0.0828125 0.1
0 0.3234375 0.984375 0.0625 0.090625
0 0.9390625 0.8390625 0.05 0.0859375
0 0.9078125 0.853125 0.05625 0.090625
0 0.871875 0.8671875 0.0484375 0.0921875
0 0.8375 0.878125 0.05 0.090625
0 0.8640625 0.753125 0.0640625 0.096875
0 0.8296875 0.771875 0.053125 0.0890625
0 0.8015625 0.7859375 0.0609375 0.0859375
0 0.7625 0.7953125 0.0640625 0.0984375
0 0.7296875 0.8125 0.0578125 0.09375
0 0.803125 0.8921875 0.0515625 0.084375
0 0.7515625 0.9171875 0.0703125 0.0921875
0 0.7046875 0.9359375 0.05 0.0921875
0 0.6046875 0.990625 0.0640625 0.096875
0 0.56875 0.9953125 0.053125 0.09375
0 0.7375 0.11875 0.0390625 0.0515625
0 0.7578125 0.10625 0.0390625 0.0578125
0 0.0921875 0.246875 0.0765625 0.096875
0 0.165625 0.2390625 0.0328125 0.0421875
0 0.3921875 0.1703125 0.0171875 0.021875
0 0.371875 0.13125 0.0234375 0.0265625
0 0.5734375 0.1578125 0.0890625 0.04375
0 0.2625 0.1890625 0.0328125 0.04375
0 0.2328125 0.0953125 0.03125 0.0515625
0 0.5421875 0.346875 0.0734375 0.053125
