0 0.0484375 0.346875 0.0515625 0.084375
0 0.0796875 0.3296875 0.0453125 0.0734375
0 0.0 0.2609375 0.071875 0.0890625
0 0.1328125 0.3125 0.0484375 0.08125
0 0.065625 0.2375 0.05 0.08125
0 0.1734375 0.1859375 0.05625 0.0890625
0 0.1203125 0.2140625 0.0546875 0.078125
0 0.159375 0.3 0.0453125 0.0765625
0 0.1875 0.2890625 0.0515625 0.078125
0 0.2140625 0.275 0.046875 0.078125
0 0.2421875 0.2671875 0.053125 0.0796875
0 0.5109375 0.00625 0.034375 0.05625
0 0.4890625 0.0046875 0.0296875 0.04375
0 0.559375 0.11875 0.0296875 0.0421875
0 0.5796875 0.1125 0.03125 0.04375
0 0.621875 0.16875 0.0453125 0.0703125
0 0.6421875 0.146875 0.0296875 0.04375
0 0.7109375 0.115625 0.0296875 0.046875
0 0.6609375 0.0796875 0.0265625 0.0328125
0 0.7015625 0.059375 0.028125 0.0390625
0 0.8046875 0.0171875 0.0296875 0.0390625
0 0.78125 0.0171875 0.0390625 0.059375
0 0.821875 0.009375 0.0296875 0.046875
0 0.7328125 0.359375 0.0328125 0.05
0 0.684375 0.3890625 0.040625 0.065625
0 0.653125 0.3140625 0.0390625 0.0625
0 0.628125 0.3234375 0.0421875 0.0625
0 0.740625 0.525 0.0484375 0.0703125
0 0.79375 0.503125 0.0375 0.065625
0 0.7796875 0.578125 0.0328125 0.04375
0 0.8859375 0.5421875 0.0390625 0.0578125
0 0.9234375 0.521875 0.0359375 0.0515625
0 0.946875 0.515625 0.0328125 0.05
0 0.984375 0.4984375 0.03125 0.053125
0 0.7015625 0.2984375 0.046875 0.065625
0 0.7265625 0.284375 0.0453125 0.065625
0 0.7484375 0.275 0.046875 0.0734375
0 0.9546875 0.0171875 0.034375 0.0484375
0 0.9921875 0.171875 0.0421875 0.0640625
0 0.94375 0.190625 0.0453125 0.0703125
0 0.9484375 0.271875 0.0453125 0.06875
0 0.896875 0.215625 0.0453125 0.0640625
0 0.9 0.290625 0.0453125 0.0609375
0 0.853125 0.3140625 0.04375 0.0640625
0 0.8 0.2515625 0.04375 0.0703125
0 0.7796875 0.3484375 0.0484375 0.071875
