0 0.8328125 0.26875 0.05625 0.0859375
0 0.659375 0.95625 0.05625 0.0890625
0 0.60625 0.984375 0.0546875 0.078125
0 0.978125 0.096875 0.05625 0.084375
0 0.928125 0.1203125 0.046875 0.0765625
0 0.9015625 0.13125 0.05 0.078125
0 0.990625 0.1921875 0.040625 0.06875
0 0.9640625 0.2046875 0.0484375 0.071875
0 0.9375 0.21875 0.0453125 0.075
0 0.909375 0.2296875 0.05 0.078125
0 0.8734375 0.14375 0.0546875 0.078125
0 0.8484375 0.159375 0.0453125 0.071875
0 0.0171875 0.2140625 0.05 0.0328125
0 0.2375 0.115625 0.075 0.0484375
0 0.3125 0.146875 0.0296875 0.04375
0 0.6328125 0.01875 0.0703125 0.1109375
0 0.446875 0.3625 0.075 0.103125
0 0.4609375 0.48125 0.059375 0.0953125
0 0.3828125 0.3890625 0.0609375 0.0953125
0 0.421875 0.4875 0.059375 0.0875
0 0.0921875 0.5171875 0.0828125 0.1
0 0.390625 0.50625 0.05 0.0859375
0 0.359375 0.5203125 0.05625 0.090625
0 0.3234375 0.534375 0.0484375 0.0921875
0 0.2890625 0.5453125 0.05 0.090625
0 0.315625 0.4203125 0.0640625 0.096875
0 0.28125 0.4390625 0.053125 0.0890625
0 0.253125 0.453125 0.0609375 0.0859375
0 0.2140625 0.4625 0.0640625 0.0984375
0 0.18125 0.4796875 0.0578125 0.09375
0 0.2546875 0.559375 0.0515625 0.084375
0 0.203125 0.584375 0.0703125 0.0921875
0 0.15625 0.603125 0.05 0.0921875
0 0.05625 0.6578125 0.0640625 0.096875
0 0.0203125 0.6625 0.053125 0.09375
0 0.85625 0.2484375 0.05 0.075
0 0.8015625 0.275 0.05 0.08125
0 0.7734375 0.2828125 0.04375 0.0703125
0 0.9984375 0.684375 0.0484375 0.071875
0 0.996875 0.7765625 0.034375 0.05625
0 0.975 0.775 0.0296875 0.04375
0 0.7421875 0.2 0.05 0.075
0 0.7953125 0.18125 0.0484375 0.0765625
0 0.9640625 0.409375 0.0453125 0.071875
