0 0.7734375 0.715625 0.0359375 0.01875
0 0.690625 0.8828125 0.0703125 0.1
0 0.69375 0.559375 0.1109375 0.0640625
0 0.6703125 0.525 0.0625 0.040625
0 0.6640625 0.4578125 0.0515625 0.034375
0 0.665625 0.3765625 0.0375 0.0390625
0 0.540625 0.153125 0.0734375 0.0796875
0 0.4015625 0.1828125 0.0296875 0.05
0 0.7796875 0.8 0.025 0.040625
0 0.3640625 0.0609375 0.0390625 0.0234375
0 0.628125 0.321875 0.0421875 0.0421875
0 0.59375 0.275 0.040625 0.040625
0 0.734375 0.878125 0.0328125 0.040625
0 0.68125 0.66875 0.0375 0.021875
