0 0.8875 0.51875 0.0609375 0.0796875
0 0.4875 0.29375 0.06875 0.103125
0 0.7078125 0.921875 0.1015625 0.0625
0 0.9328125 0.3953125 0.06875 0.103125
0 0.853125 0.4234375 0.1171875 0.1796875
0 0.6671875 0.3890625 0.0578125 0.0890625
0 0.6765625 0.3046875 0.0609375 0.0875
0 0.571875 0.3265625 0.11875 0.20625
0 0.4140625 0.2875 0.2 0.315625
0 0.2640625 0.1921875 0.115625 0.190625
0 0.0875 0.103125 0.0609375 0.0875
0 0.9546875 0.9265625 0.0984375 0.053125
0 0.953125 0.9546875 0.0890625 0.05
0 0.9296875 0.840625 0.11875 0.0703125
0 0.6265625 0.4796875 0.09375 0.05625
0 0.7578125 0.390625 0.05625 0.0875
