0 0.015625 0.8390625 0.0484375 0.075
0 0.1671875 0.853125 0.08125 0.053125
0 0.4671875 0.9390625 0.090625 0.0546875
0 0.9734375 0.3640625 0.134375 0.10625
0 0.9921875 0.409375 0.0703125 0.0609375
0 0.978125 0.484375 0.0765625 0.0640625
0 0.2796875 0.59375 0.0765625 0.046875
0 0.025 0.5828125 0.06875 0.04375
0 0.921875 0.4734375 0.0453125 0.0375
0 0.6421875 0.3 0.0375 0.0203125
0 0.6375 0.3109375 0.0359375 0.0265625
0 0.921875 0.125 0.0546875 0.0109375
0 0.940625 0.578125 0.14375 0.1234375
0 0.9359375 0.6609375 0.0671875 0.059375
0 0.915625 0.7296875 0.121875 0.1078125
0 0.9984375 0.8140625 0.090625 0.1234375
0 0.9140625 0.796875 0.125 0.1125
0 0.1890625 0.65 0.14375 0.0859375
