0 0.0125 0.175 0.053125 0.0671875
0 0.06875 0.3375 0.0859375 0.08125
0 0.1421875 0.3265625 0.1046875 0.1171875
0 0.1265625 0.3640625 0.040625 0.046875
0 0.2078125 0.4328125 0.08125 0.1015625
0 0.2359375 0.121875 0.05625 0.046875
0 0.3703125 0.1671875 0.0328125 0.0234375
0 0.321875 0.2421875 0.053125 0.0421875
0 0.3453125 0.2671875 0.075 0.0546875
0 0.453125 0.4828125 0.0796875 0.065625
0 0.3828125 0.4078125 0.06875 0.0640625
0 0.371875 0.290625 0.075 0.05625
0 0.2140625 0.1796875 0.0578125 0.0453125
0 0.184375 0.0875 0.0875 0.05625
