0 0.0265625 0.5 0.090625 0.0546875
0 0.328125 0.6203125 0.11875 0.0828125
0 0.4234375 0.6609375 0.0609375 0.04375
0 0.3703125 0.6796875 0.034375 0.05
0 0.9484375 0.8625 0.0703125 0.0484375
0 0.6328125 0.0140625 0.0546875 0.0546875
0 0.5375 0.0453125 0.0765625 0.0640625
0 0.6640625 0.790625 0.0296875 0.0421875
0 0.48125 0.034375 0.0453125 0.0375
0 0.615625 0.065625 0.071875 0.078125
0 0.5 0.1390625 0.14375 0.1234375
0 0.625 0.1875 0.06875 0.0796875
0 0.590625 0.2265625 0.0875 0.1015625
0 0.4953125 0.221875 0.0671875 0.059375
0 0.475 0.290625 0.121875 0.1078125
0 0.5765625 0.2828125 0.0640625 0.0859375
0 0.5578125 0.375 0.090625 0.1234375
0 0.5984375 0.35 0.053125 0.0625
0 0.4734375 0.3578125 0.125 0.1125
