0 0.103125 0.61875 0.06875 0.0640625
0 0.1515625 0.5453125 0.05 0.0546875
0 0.203125 0.503125 0.059375 0.071875
0 0.3578125 0.4203125 0.1078125 0.0875
0 0.7 0.196875 0.0953125 0.08125
0 0.61875 0.1828125 0.059375 0.071875
0 0.996875 0.11875 0.075 0.0625
0 0.890625 0.03125 0.0375 0.03125
0 0.7921875 0.33125 0.040625 0.040625
0 0.675 0.1640625 0.040625 0.0375
0 0.36875 0.5765625 0.075 0.05625
0 0.9203125 0.1828125 0.06875 0.059375
0 0.8671875 0.2734375 0.0734375 0.078125
0 0.7390625 0.321875 0.0796875 0.0625
0 0.6421875 0.378125 0.08125 0.0671875
0 0.103125 0.821875 0.0921875 0.1078125
0 0.1703125 0.7703125 0.0828125 0.0890625
0 0.475 0.5046875 0.06875 0.0546875
0 0.6234375 0.4765625 0.0453125 0.05625
