0 0.159375 0.64375 0.06875 0.0640625
0 0.2078125 0.5703125 0.05 0.0546875
0 0.259375 0.528125 0.059375 0.071875
0 0.4140625 0.4453125 0.1078125 0.0875
0 0.75625 0.221875 0.0953125 0.08125
0 0.675 0.2078125 0.059375 0.071875
0 0.946875 0.05625 0.0375 0.03125
0 0.8484375 0.35625 0.040625 0.040625
0 0.73125 0.1890625 0.040625 0.0375
0 0.425 0.6015625 0.075 0.05625
0 0.9765625 0.2078125 0.06875 0.059375
0 0.9234375 0.2984375 0.0734375 0.078125
0 0.7953125 0.346875 0.0796875 0.0625
0 0.6984375 0.403125 0.08125 0.0671875
0 0.159375 0.846875 0.0921875 0.1078125
0 0.2265625 0.7953125 0.0828125 0.0890625
0 0.53125 0.5296875 0.06875 0.0546875
0 0.6796875 0.5015625 0.0453125 0.05625
