0 0.1359375 0.5671875 0.0703125 0.0609375
0 0.4078125 0.378125 0.06875 0.0640625
0 0.45625 0.3046875 0.05 0.0546875
0 0.5078125 0.2625 0.059375 0.071875
0 0.6625 0.1796875 0.1078125 0.0875
0 0.1921875 0.4921875 0.0578125 0.0671875
0 0.6734375 0.3359375 0.075 0.05625
0 0.946875 0.1375 0.08125 0.0671875
0 0.028125 0.8515625 0.0515625 0.0625
0 0.1671875 0.7078125 0.0875 0.0703125
0 0.2328125 0.640625 0.0953125 0.084375
0 0.4078125 0.58125 0.0921875 0.1078125
0 0.475 0.5296875 0.0828125 0.0890625
0 0.7796875 0.2640625 0.06875 0.0546875
0 0.928125 0.2359375 0.0453125 0.05625
