0 0.1375 0.8765625 0.090625 0.0546875
0 0.4390625 0.996875 0.11875 0.0828125
0 0.778125 0.34375 0.065625 0.075
0 0.64375 0.3015625 0.134375 0.10625
0 0.74375 0.390625 0.0546875 0.0546875
0 0.6625 0.346875 0.0703125 0.0609375
0 0.6484375 0.421875 0.0765625 0.0640625
0 0.5921875 0.4109375 0.0453125 0.0375
0 0.3125 0.2375 0.0375 0.0203125
0 0.3078125 0.2484375 0.0359375 0.0265625
0 0.946875 0.15625 0.040625 0.0328125
0 0.5921875 0.0625 0.0546875 0.0109375
0 0.7265625 0.4421875 0.071875 0.078125
0 0.6109375 0.515625 0.14375 0.1234375
0 0.7359375 0.5640625 0.06875 0.0796875
0 0.7015625 0.603125 0.0875 0.1015625
0 0.60625 0.5984375 0.0671875 0.059375
0 0.5859375 0.6671875 0.121875 0.1078125
0 0.6875 0.659375 0.0640625 0.0859375
0 0.66875 0.7515625 0.090625 0.1234375
0 0.709375 0.7265625 0.053125 0.0625
0 0.584375 0.734375 0.125 0.1125
