0 0.03125 0.80625 0.06875 0.0640625
0 0.0796875 0.7328125 0.05 0.0546875
0 0.13125 0.690625 0.059375 0.071875
0 0.2859375 0.6078125 0.1078125 0.0875
0 0.628125 0.384375 0.0953125 0.08125
0 0.546875 0.3703125 0.059375 0.071875
0 0.8765625 0.1484375 0.103125 0.084375
0 0.925 0.30625 0.075 0.0625
0 0.81875 0.21875 0.0375 0.03125
0 0.7203125 0.51875 0.040625 0.040625
0 0.603125 0.3515625 0.040625 0.0375
0 0.296875 0.7640625 0.075 0.05625
0 0.8484375 0.3703125 0.06875 0.059375
0 0.7953125 0.4609375 0.0734375 0.078125
0 0.6671875 0.509375 0.0796875 0.0625
0 0.5703125 0.565625 0.08125 0.0671875
0 0.0984375 0.9578125 0.0828125 0.0890625
0 0.403125 0.6921875 0.06875 0.0546875
0 0.5515625 0.6640625 0.0453125 0.05625
