0 0.01875 0.890625 0.0703125 0.0609375
0 0.290625 0.7015625 0.06875 0.0640625
0 0.3390625 0.628125 0.05 0.0546875
0 0.390625 0.5859375 0.059375 0.071875
0 0.5453125 0.503125 0.1078125 0.0875
0 0.8875 0.2796875 0.0953125 0.08125
0 0.80625 0.265625 0.059375 0.071875
0 0.075 0.815625 0.0578125 0.0671875
0 0.9796875 0.4140625 0.040625 0.040625
0 0.8625 0.246875 0.040625 0.0375
0 0.55625 0.659375 0.075 0.05625
0 0.9265625 0.4046875 0.0796875 0.0625
0 0.8296875 0.4609375 0.08125 0.0671875
0 0.115625 0.9640625 0.0953125 0.084375
0 0.290625 0.9046875 0.0921875 0.1078125
0 0.3578125 0.853125 0.0828125 0.0890625
0 0.6625 0.5875 0.06875 0.0546875
0 0.8109375 0.559375 0.0453125 0.05625
