0 0.359375 0.625 0.065625 0.075
0 0.225 0.5828125 0.134375 0.10625
0 0.325 0.671875 0.0546875 0.0546875
0 0.24375 0.628125 0.0703125 0.0609375
0 0.2296875 0.703125 0.0765625 0.0640625
0 0.1734375 0.6921875 0.0453125 0.0375
0 0.528125 0.4375 0.040625 0.0328125
0 0.1734375 0.34375 0.0546875 0.0109375
0 0.3078125 0.7234375 0.071875 0.078125
0 0.1921875 0.796875 0.14375 0.1234375
0 0.3171875 0.8453125 0.06875 0.0796875
0 0.2828125 0.884375 0.0875 0.1015625
0 0.1875 0.8796875 0.0671875 0.059375
0 0.1671875 0.9484375 0.121875 0.1078125
0 0.26875 0.940625 0.0640625 0.0859375
