0 0.240625 0.371875 0.075 0.090625
0 0.175 0.078125 0.059375 0.071875
0 0.2265625 0.153125 0.0703125 0.0796875
0 0.1359375 0.278125 0.0703125 0.059375
0 0.2296875 0.4390625 0.065625 0.05625
0 0.2984375 0.471875 0.053125 0.0671875
0 0.3546875 0.634375 0.0859375 0.08125
0 0.428125 0.6234375 0.1046875 0.1171875
0 0.4125 0.6609375 0.040625 0.046875
0 0.49375 0.7296875 0.08125 0.1015625
0 0.521875 0.41875 0.05625 0.046875
0 0.65625 0.4640625 0.0328125 0.0234375
0 0.6078125 0.5390625 0.053125 0.0421875
0 0.63125 0.5640625 0.075 0.0546875
0 0.7390625 0.7796875 0.0796875 0.065625
0 0.66875 0.7046875 0.06875 0.0640625
0 0.6578125 0.5875 0.075 0.05625
0 0.5 0.4765625 0.0578125 0.0453125
0 0.4703125 0.384375 0.0875 0.05625
