0 0.01875 0.7625 0.0765625 0.0765625
0 0.1171875 0.7640625 0.078125 0.06875
0 0.171875 0.70625 0.0625 0.0828125
0 0.48125 0.5390625 0.0703125 0.0609375
0 0.753125 0.35 0.06875 0.0640625
0 0.8015625 0.2765625 0.05 0.0546875
0 0.853125 0.234375 0.059375 0.071875
0 0.5375 0.4640625 0.0578125 0.0671875
0 0.30625 0.8234375 0.09375 0.059375
0 0.1375 0.9546875 0.06875 0.0640625
0 0.3734375 0.8234375 0.0515625 0.0625
0 0.5125 0.6796875 0.0875 0.0703125
0 0.578125 0.6125 0.0953125 0.084375
0 0.753125 0.553125 0.0921875 0.1078125
0 0.8203125 0.5015625 0.0828125 0.0890625
