0 0.946875 0.1296875 0.059375 0.0453125
0 0.8828125 0.00625 0.053125 0.040625
0 0.9078125 0.0546875 0.059375 0.0484375
0 0.925 0.078125 0.0625 0.046875
0 0.93125 0.10625 0.0625 0.046875
0 0.9671875 0.1625 0.0609375 0.0453125
0 0.5625 0.1203125 0.075 0.05625
0 0.98125 0.1828125 0.0515625 0.0375
0 0.9921875 0.2046875 0.046875 0.034375
0 0.9125 0.2421875 0.075 0.05625
0 0.9015625 0.2125 0.0671875 0.04375
0 0.890625 0.184375 0.0625 0.046875
0 0.875 0.153125 0.071875 0.0515625
0 0.859375 0.1296875 0.0703125 0.05
0 0.571875 0.159375 0.0859375 0.0625
0 0.8015625 0.0171875 0.0671875 0.053125
0 0.7109375 0.2453125 0.04375 0.0234375
0 0.621875 0.0421875 0.071875 0.0515625
0 0.6328125 0.071875 0.0703125 0.0515625
0 0.646875 0.096875 0.0671875 0.0484375
0 0.6625 0.1265625 0.0734375 0.0515625
0 0.675 0.153125 0.0671875 0.0484375
0 0.6921875 0.178125 0.0734375 0.0578125
0 0.721875 0.2296875 0.053125 0.0375
0 0.7296875 0.2640625 0.0671875 0.053125
0 0.5890625 0.1921875 0.084375 0.059375
0 0.7484375 0.290625 0.059375 0.046875
0 0.76875 0.31875 0.0546875 0.040625
0 0.6828125 0.353125 0.0765625 0.053125
0 0.659375 0.321875 0.053125 0.040625
0 0.6421875 0.296875 0.08125 0.0609375
0 0.621875 0.2640625 0.0921875 0.0671875
0 0.6046875 0.228125 0.0984375 0.0671875
0 0.8453125 0.1 0.0671875 0.046875
0 0.5453125 0.0890625 0.0828125 0.0625
0 0.25 0.275 0.0734375 0.1015625
0 0.28125 0.25 0.0671875 0.0953125
0 0.3125 0.2328125 0.06875 0.0984375
0 0.3359375 0.3015625 0.06875 0.0515625
0 0.234375 0.6890625 0.0546875 0.0796875
0 0.41875 0.5 0.0625 0.034375
0 0.409375 0.4671875 0.065625 0.0390625
0 0.4125 0.434375 0.05625 0.0390625
0 0.3890625 0.415625 0.06875 0.0515625
0 0.378125 0.3859375 0.0640625 0.05
0 0.3671875 0.3609375 0.0671875 0.0484375
0 0.4125 0.2640625 0.0671875 0.053125
0 0.428125 0.29375 0.071875 0.053125
0 0.446875 0.3234375 0.0671875 0.046875
0 0.465625 0.3546875 0.0625 0.046875
0 0.478125 0.3875 0.071875 0.0515625
0 0.421875 0.1734375 0.0625 0.0953125
0 0.3875 0.190625 0.06875 0.10625
0 0.3515625 0.209375 0.0671875 0.103125
0 0.2625 0.665625 0.053125 0.0765625
0 0.2046875 0.5796875 0.0859375 0.0609375
0 0.190625 0.5421875 0.1 0.071875
0 0.19375 0.5 0.078125 0.05625
0 0.0953125 0.3234375 0.0921875 0.065625
0 0.1015625 0.3640625 0.109375 0.0734375
0 0.13125 0.3953125 0.09375 0.0703125
0 0.146875 0.434375 0.0984375 0.06875
0 0.1625 0.465625 0.0890625 0.0625
0 0.825 0.0765625 0.065625 0.0515625
0 0.2984375 0.4796875 0.0296875 0.0359375
0 0.309375 0.5078125 0.025 0.028125
0 0.3421875 0.5546875 0.025 0.021875
0 0.334375 0.5390625 0.028125 0.025
0 0.5078125 0.4484375 0.0734375 0.0578125
0 0.4921875 0.415625 0.08125 0.059375
0 0.0859375 0.7703125 0.0578125 0.0796875
0 0.0140625 0.8140625 0.04375 0.059375
0 0.0140625 0.9984375 0.065625 0.0828125
0 0.0625 0.9703125 0.065625 0.0890625
0 0.1109375 0.94375 0.0703125 0.0984375
0 0.1609375 0.915625 0.0671875 0.090625
0 0.2125 0.903125 0.1140625 0.1640625
0 0.275 0.896875 0.115625 0.1640625
0 0.3125 0.840625 0.053125 0.075
0 0.59375 0.0078125 0.103125 0.0828125
0 0.5125 0.05 0.0890625 0.0765625
