0 0.965625 0.4015625 0.03125 0.040625
0 0.446875 0.715625 0.059375 0.0453125
0 0.34375 0.5140625 0.0671875 0.0484375
0 0.3578125 0.5390625 0.059375 0.04375
0 0.36875 0.565625 0.05625 0.0453125
0 0.3828125 0.5921875 0.053125 0.040625
0 0.4078125 0.640625 0.059375 0.0484375
0 0.425 0.6640625 0.0625 0.046875
0 0.43125 0.6921875 0.0625 0.046875
0 0.4671875 0.7484375 0.0609375 0.0453125
0 0.0625 0.70625 0.075 0.05625
0 0.48125 0.76875 0.0515625 0.0375
0 0.4921875 0.790625 0.046875 0.034375
0 0.4125 0.828125 0.075 0.05625
0 0.4015625 0.7984375 0.0671875 0.04375
0 0.390625 0.7703125 0.0625 0.046875
0 0.375 0.7390625 0.071875 0.0515625
0 0.359375 0.715625 0.0703125 0.05
0 0.278125 0.50625 0.1078125 0.0734375
0 0.071875 0.7453125 0.0859375 0.0625
0 0.3015625 0.603125 0.0671875 0.053125
0 0.2109375 0.83125 0.04375 0.0234375
0 0.121875 0.628125 0.071875 0.0515625
0 0.1328125 0.6578125 0.0703125 0.0515625
0 0.146875 0.6828125 0.0671875 0.0484375
0 0.1625 0.7125 0.0734375 0.0515625
0 0.175 0.7390625 0.0671875 0.0484375
0 0.1921875 0.7640625 0.0734375 0.0578125
0 0.221875 0.815625 0.053125 0.0375
0 0.2296875 0.85 0.0671875 0.053125
0 0.0890625 0.778125 0.084375 0.059375
0 0.2484375 0.8765625 0.059375 0.046875
0 0.26875 0.9046875 0.0546875 0.040625
0 0.1828125 0.9390625 0.0765625 0.053125
0 0.159375 0.9078125 0.053125 0.040625
0 0.1421875 0.8828125 0.08125 0.0609375
0 0.121875 0.85 0.0921875 0.0671875
0 0.1046875 0.8140625 0.0984375 0.0671875
0 0.3453125 0.6859375 0.0671875 0.046875
0 0.2875 0.578125 0.0640625 0.0453125
0 0.6890625 0.4546875 0.0453125 0.0328125
0 0.5234375 0.55 0.059375 0.05
0 0.5125 0.521875 0.053125 0.0421875
0 0.4921875 0.5 0.0546875 0.0421875
0 0.48125 0.471875 0.06875 0.05
0 0.653125 0.3109375 0.103125 0.0703125
0 0.6390625 0.3578125 0.0515625 0.0390625
0 0.6546875 0.378125 0.05 0.0390625
0 0.6984375 0.4796875 0.0578125 0.040625
0 0.5453125 0.6015625 0.0609375 0.0453125
0 0.7125 0.503125 0.05625 0.04375
0 0.7203125 0.528125 0.05625 0.04375
0 0.7375 0.55 0.04375 0.0328125
0 0.7453125 0.571875 0.053125 0.0375
0 0.759375 0.5953125 0.05 0.0359375
0 0.7796875 0.6390625 0.046875 0.0359375
0 0.8046875 0.56875 0.046875 0.0703125
0 0.5375 0.5734375 0.059375 0.04375
0 0.55625 0.625 0.0640625 0.05
0 0.2671875 0.5515625 0.071875 0.0484375
0 0.6015625 0.55 0.0484375 0.0375
0 0.4671875 0.4453125 0.065625 0.0453125
0 0.528125 0.4125 0.05 0.0359375
0 0.5453125 0.434375 0.053125 0.040625
0 0.55625 0.4625 0.0453125 0.0359375
0 0.565625 0.484375 0.0515625 0.0359375
0 0.578125 0.50625 0.04375 0.0359375
0 0.590625 0.528125 0.0484375 0.0390625
0 0.615625 0.575 0.0484375 0.0359375
0 0.575 0.646875 0.0515625 0.0390625
0 0.6296875 0.5953125 0.053125 0.040625
0 0.6421875 0.6203125 0.053125 0.0390625
0 0.6578125 0.646875 0.05 0.0375
0 0.68125 0.6875 0.0421875 0.0359375
0 0.6140625 0.725 0.053125 0.0375
0 0.6015625 0.6984375 0.0546875 0.040625
0 0.5890625 0.66875 0.0578125 0.04375
0 0.0453125 0.675 0.0828125 0.0625
0 0.7609375 0.4484375 0.0515625 0.0375
0 0.7453125 0.425 0.0484375 0.0359375
0 0.7296875 0.3984375 0.0453125 0.0359375
0 0.325 0.6625 0.065625 0.0515625
0 0.7640625 0.5 0.0234375 0.0234375
0 0.7765625 0.521875 0.0203125 0.0265625
0 0.721875 0.3765625 0.0453125 0.0359375
0 0.9640625 0.4953125 0.05625 0.078125
0 0.990625 0.4671875 0.0578125 0.0828125
0 0.8890625 0.303125 0.059375 0.0484375
0 0.709375 0.35 0.0453125 0.0375
0 0.671875 0.4328125 0.05 0.0359375
0 0.8703125 0.19375 0.115625 0.08125
0 0.8515625 0.2484375 0.0703125 0.046875
0 0.9265625 0.209375 0.0671875 0.05
0 0.9453125 0.2328125 0.0765625 0.0546875
0 0.871875 0.275 0.0640625 0.05
0 0.9 0.3296875 0.0671875 0.0515625
0 0.9140625 0.3625 0.065625 0.0453125
0 0.9765625 0.284375 0.0828125 0.0609375
0 0.9625 0.2578125 0.0640625 0.05
0 0.9890625 0.3125 0.0890625 0.0671875
0 0.9265625 0.3875 0.0734375 0.05
0 0.88125 0.7796875 0.0703125 0.0984375
0 0.8859375 0.859375 0.0609375 0.0484375
0 0.8796875 0.9953125 0.05625 0.078125
0 0.6953125 0.065625 0.059375 0.0484375
0 0.49375 0.3875 0.0953125 0.0703125
0 0.09375 0.59375 0.103125 0.0828125
0 0.0125 0.6359375 0.0890625 0.0765625
0 0.9140625 0.7515625 0.0546875 0.0734375
