0 0.346875 0.83125 0.0703125 0.05
0 0.0453125 0.059375 0.028125 0.06875
0 0.003125 0.0625 0.0234375 0.05
0 0.3578125 0.8546875 0.065625 0.0453125
0 0.3203125 0.8 0.08125 0.071875
0 0.3140625 0.7453125 0.0828125 0.059375
0 0.2984375 0.7140625 0.084375 0.059375
0 0.28125 0.6859375 0.0734375 0.053125
0 0.265625 0.65625 0.075 0.059375
0 0.4078125 0.609375 0.0515625 0.0765625
0 0.4875 0.759375 0.0828125 0.128125
0 0.753125 0.7078125 0.084375 0.059375
0 0.6703125 0.7734375 0.0703125 0.05
0 0.6546875 0.7421875 0.0796875 0.0625
0 0.6328125 0.7109375 0.0640625 0.046875
0 0.73125 0.6734375 0.0796875 0.059375
0 0.9703125 0.6046875 0.0859375 0.0609375
0 0.95625 0.5671875 0.1 0.071875
0 0.959375 0.525 0.078125 0.05625
0 0.7125 0.6359375 0.0875 0.065625
0 0.6203125 0.6796875 0.071875 0.05625
0 0.6046875 0.65 0.065625 0.05
0 0.6953125 0.60625 0.0859375 0.0609375
0 0.6796875 0.5703125 0.0734375 0.05625
0 0.69375 0.478125 0.075 0.1125
0 0.64375 0.490625 0.08125 0.115625
0 0.6046875 0.5078125 0.0828125 0.121875
0 0.5734375 0.5359375 0.065625 0.0921875
0 0.5296875 0.5578125 0.071875 0.1109375
0 0.8609375 0.3484375 0.0921875 0.065625
0 0.8671875 0.3890625 0.109375 0.0734375
0 0.896875 0.4203125 0.09375 0.0703125
0 0.9125 0.459375 0.0984375 0.06875
0 0.928125 0.490625 0.0890625 0.0625
0 0.2328125 0.9515625 0.0390625 0.046875
0 0.196875 0.875 0.0390625 0.0453125
0 0.2125 0.909375 0.0296875 0.0390625
0 0.5875 0.61875 0.05625 0.0390625
0 0.8515625 0.7953125 0.0578125 0.0796875
0 0.375 0.9140625 0.0453125 0.0328125
0 0.7140625 0.8703125 0.0515625 0.071875
0 0.7796875 0.8390625 0.04375 0.059375
0 0.828125 0.9953125 0.065625 0.0890625
0 0.8765625 0.96875 0.0703125 0.0984375
0 0.9265625 0.940625 0.0671875 0.090625
0 0.978125 0.928125 0.1140625 0.1640625
