0 0.821875 0.6203125 0.0734375 0.1015625
0 0.853125 0.5953125 0.0671875 0.0953125
0 0.071875 0.9765625 0.075 0.059375
0 0.2140625 0.9296875 0.0515625 0.0765625
0 0.884375 0.578125 0.06875 0.0984375
0 0.9078125 0.646875 0.06875 0.0515625
0 0.990625 0.8453125 0.0625 0.034375
0 0.98125 0.8125 0.065625 0.0390625
0 0.984375 0.7796875 0.05625 0.0390625
0 0.9609375 0.7609375 0.06875 0.0515625
0 0.95 0.73125 0.0640625 0.05
0 0.9390625 0.70625 0.0671875 0.0484375
0 0.984375 0.609375 0.0671875 0.053125
0 0.5375 0.99375 0.0796875 0.059375
0 0.99375 0.51875 0.0625 0.0953125
0 0.959375 0.5359375 0.06875 0.10625
0 0.9234375 0.5546875 0.0671875 0.103125
0 0.7765625 0.925 0.0859375 0.0609375
0 0.7625 0.8875 0.1 0.071875
0 0.765625 0.8453125 0.078125 0.05625
0 0.51875 0.95625 0.0875 0.065625
0 0.4109375 0.9703125 0.065625 0.05
0 0.5015625 0.9265625 0.0859375 0.0609375
0 0.4859375 0.890625 0.0734375 0.05625
0 0.5 0.7984375 0.075 0.1125
0 0.45 0.8109375 0.08125 0.115625
0 0.4109375 0.828125 0.0828125 0.121875
0 0.3796875 0.85625 0.065625 0.0921875
0 0.3359375 0.878125 0.071875 0.1109375
0 0.6671875 0.66875 0.0921875 0.065625
0 0.6734375 0.709375 0.109375 0.0734375
0 0.703125 0.740625 0.09375 0.0703125
0 0.71875 0.7796875 0.0984375 0.06875
0 0.734375 0.8109375 0.0890625 0.0625
0 0.8703125 0.825 0.0296875 0.0359375
0 0.88125 0.853125 0.025 0.028125
0 0.9140625 0.9 0.025 0.021875
0 0.90625 0.884375 0.028125 0.025
0 0.946875 0.059375 0.0234375 0.028125
0 0.9484375 0.0359375 0.0265625 0.021875
0 0.9375 0.028125 0.025 0.025
0 0.39375 0.9390625 0.05625 0.0390625
0 0.9734375 0.0390625 0.040625 0.0546875
0 0.8953125 0.078125 0.05625 0.071875
0 0.9203125 0.0640625 0.0421875 0.0546875
0 0.8578125 0.10625 0.05 0.0671875
0 0.9953125 0.025 0.040625 0.053125
0 0.6046875 0.2296875 0.034375 0.0484375
0 0.759375 0.1515625 0.046875 0.0578125
