0 0.8265625 0.2171875 0.075 0.05625
0 0.8359375 0.25625 0.0859375 0.0625
0 0.975 0.3421875 0.04375 0.0234375
0 0.8859375 0.1390625 0.071875 0.0515625
0 0.896875 0.16875 0.0703125 0.0515625
0 0.9109375 0.19375 0.0671875 0.0484375
0 0.9265625 0.2234375 0.0734375 0.0515625
0 0.9390625 0.25 0.0671875 0.0484375
0 0.95625 0.275 0.0734375 0.0578125
0 0.9859375 0.3265625 0.053125 0.0375
0 0.99375 0.3609375 0.0671875 0.053125
0 0.853125 0.2890625 0.084375 0.059375
0 0.946875 0.45 0.0765625 0.053125
0 0.9234375 0.41875 0.053125 0.040625
0 0.90625 0.39375 0.08125 0.0609375
0 0.8859375 0.3609375 0.0921875 0.0671875
0 0.86875 0.325 0.0984375 0.0671875
0 0.809375 0.1859375 0.0828125 0.0625
0 0.5140625 0.371875 0.0734375 0.1015625
0 0.5453125 0.346875 0.0671875 0.0953125
0 0.2515625 0.7796875 0.084375 0.059375
0 0.5765625 0.3296875 0.06875 0.0984375
0 0.16875 0.8453125 0.0703125 0.05
0 0.153125 0.8140625 0.0796875 0.0625
0 0.13125 0.7828125 0.0640625 0.046875
0 0.6 0.3984375 0.06875 0.0515625
0 0.4984375 0.7859375 0.0546875 0.0796875
0 0.6828125 0.596875 0.0625 0.034375
0 0.6734375 0.5640625 0.065625 0.0390625
0 0.6765625 0.53125 0.05625 0.0390625
0 0.653125 0.5125 0.06875 0.0515625
0 0.6421875 0.4828125 0.0640625 0.05
0 0.63125 0.4578125 0.0671875 0.0484375
0 0.6765625 0.3609375 0.0671875 0.053125
0 0.2296875 0.7453125 0.0796875 0.059375
0 0.6921875 0.390625 0.071875 0.053125
0 0.7109375 0.4203125 0.0671875 0.046875
0 0.7296875 0.4515625 0.0625 0.046875
0 0.7421875 0.484375 0.071875 0.0515625
0 0.6859375 0.2703125 0.0625 0.0953125
0 0.6515625 0.2875 0.06875 0.10625
0 0.615625 0.30625 0.0671875 0.103125
0 0.5265625 0.7625 0.053125 0.0765625
0 0.46875 0.6765625 0.0859375 0.0609375
0 0.4546875 0.6390625 0.1 0.071875
0 0.4578125 0.596875 0.078125 0.05625
0 0.2109375 0.7078125 0.0875 0.065625
0 0.11875 0.7515625 0.071875 0.05625
0 0.103125 0.721875 0.065625 0.05
0 0.19375 0.678125 0.0859375 0.0609375
0 0.178125 0.6421875 0.0734375 0.05625
0 0.1921875 0.55 0.075 0.1125
0 0.1421875 0.5625 0.08125 0.115625
0 0.103125 0.5796875 0.0828125 0.121875
0 0.071875 0.6078125 0.065625 0.0921875
0 0.028125 0.6296875 0.071875 0.1109375
0 0.359375 0.4203125 0.0921875 0.065625
0 0.365625 0.4609375 0.109375 0.0734375
0 0.3953125 0.4921875 0.09375 0.0703125
0 0.4109375 0.53125 0.0984375 0.06875
0 0.4265625 0.5625 0.0890625 0.0625
0 0.5625 0.5765625 0.0296875 0.0359375
0 0.5734375 0.6046875 0.025 0.028125
0 0.60625 0.6515625 0.025 0.021875
0 0.5984375 0.6359375 0.028125 0.025
0 0.771875 0.5453125 0.0734375 0.0578125
0 0.75625 0.5125 0.08125 0.059375
0 0.0859375 0.690625 0.05625 0.0390625
0 0.35 0.8671875 0.0578125 0.0796875
0 0.2125 0.9421875 0.0515625 0.071875
0 0.278125 0.9109375 0.04375 0.059375
0 0.5390625 0.99375 0.115625 0.1640625
0 0.5765625 0.9375 0.053125 0.075
0 0.8578125 0.1046875 0.103125 0.0828125
0 0.7765625 0.146875 0.0890625 0.0765625
