0 0.91875 0.0 0.0671875 0.0484375
0 0.9328125 0.025 0.059375 0.04375
0 0.94375 0.0515625 0.05625 0.0453125
0 0.9578125 0.078125 0.053125 0.040625
0 0.9828125 0.1265625 0.059375 0.0484375
0 0.6375 0.1921875 0.075 0.05625
0 0.9875 0.3140625 0.075 0.05625
0 0.9765625 0.284375 0.0671875 0.04375
0 0.965625 0.25625 0.0625 0.046875
0 0.95 0.225 0.071875 0.0515625
0 0.934375 0.2015625 0.0703125 0.05
0 0.646875 0.23125 0.0859375 0.0625
0 0.8765625 0.0890625 0.0671875 0.053125
0 0.7859375 0.3171875 0.04375 0.0234375
0 0.696875 0.1140625 0.071875 0.0515625
0 0.7078125 0.14375 0.0703125 0.0515625
0 0.721875 0.16875 0.0671875 0.0484375
0 0.7375 0.1984375 0.0734375 0.0515625
0 0.75 0.225 0.0671875 0.0484375
0 0.7671875 0.25 0.0734375 0.0578125
0 0.796875 0.3015625 0.053125 0.0375
0 0.8046875 0.3359375 0.0671875 0.053125
0 0.6640625 0.2640625 0.084375 0.059375
0 0.8234375 0.3625 0.059375 0.046875
0 0.84375 0.390625 0.0546875 0.040625
0 0.7578125 0.425 0.0765625 0.053125
0 0.734375 0.39375 0.053125 0.040625
0 0.7171875 0.36875 0.08125 0.0609375
0 0.696875 0.3359375 0.0921875 0.0671875
0 0.6796875 0.3 0.0984375 0.0671875
0 0.9203125 0.171875 0.0671875 0.046875
0 0.8625 0.0640625 0.0640625 0.0453125
0 0.8421875 0.0375 0.071875 0.0484375
0 0.6203125 0.1609375 0.0828125 0.0625
0 0.325 0.346875 0.0734375 0.1015625
0 0.35625 0.321875 0.0671875 0.0953125
0 0.0625 0.7546875 0.084375 0.059375
0 0.3875 0.3046875 0.06875 0.0984375
0 0.4109375 0.3734375 0.06875 0.0515625
0 0.309375 0.7609375 0.0546875 0.0796875
0 0.49375 0.571875 0.0625 0.034375
0 0.484375 0.5390625 0.065625 0.0390625
0 0.4875 0.50625 0.05625 0.0390625
0 0.4640625 0.4875 0.06875 0.0515625
0 0.453125 0.4578125 0.0640625 0.05
0 0.4421875 0.4328125 0.0671875 0.0484375
0 0.4875 0.3359375 0.0671875 0.053125
0 0.040625 0.7203125 0.0796875 0.059375
0 0.503125 0.365625 0.071875 0.053125
0 0.521875 0.3953125 0.0671875 0.046875
0 0.540625 0.4265625 0.0625 0.046875
0 0.553125 0.459375 0.071875 0.0515625
0 0.496875 0.2453125 0.0625 0.0953125
0 0.4625 0.2625 0.06875 0.10625
0 0.4265625 0.28125 0.0671875 0.103125
0 0.3375 0.7375 0.053125 0.0765625
0 0.2796875 0.6515625 0.0859375 0.0609375
0 0.265625 0.6140625 0.1 0.071875
0 0.26875 0.571875 0.078125 0.05625
0 0.021875 0.6828125 0.0875 0.065625
0 0.0046875 0.653125 0.0859375 0.0609375
0 0.003125 0.525 0.075 0.1125
0 0.1703125 0.3953125 0.0921875 0.065625
0 0.1765625 0.4359375 0.109375 0.0734375
0 0.20625 0.4671875 0.09375 0.0703125
0 0.221875 0.50625 0.0984375 0.06875
0 0.2375 0.5375 0.0890625 0.0625
0 0.9 0.1484375 0.065625 0.0515625
0 0.3734375 0.5515625 0.0296875 0.0359375
0 0.384375 0.5796875 0.025 0.028125
0 0.4171875 0.6265625 0.025 0.021875
0 0.409375 0.6109375 0.028125 0.025
0 0.5828125 0.5203125 0.0734375 0.0578125
0 0.5671875 0.4875 0.08125 0.059375
0 0.1609375 0.8421875 0.0578125 0.0796875
0 0.0234375 0.9171875 0.0515625 0.071875
0 0.0890625 0.8859375 0.04375 0.059375
0 0.2359375 0.9875 0.0671875 0.090625
0 0.2875 0.975 0.1140625 0.1640625
0 0.35 0.96875 0.115625 0.1640625
0 0.3875 0.9125 0.053125 0.075
0 0.66875 0.0796875 0.103125 0.0828125
0 0.5875 0.121875 0.0890625 0.0765625
