0 0.940625 0.0078125 0.053125 0.040625
0 0.965625 0.05625 0.059375 0.0484375
0 0.9828125 0.0796875 0.0625 0.046875
0 0.9890625 0.1078125 0.0625 0.046875
0 0.6203125 0.121875 0.075 0.05625
0 0.9703125 0.24375 0.075 0.05625
0 0.959375 0.2140625 0.0671875 0.04375
0 0.9484375 0.1859375 0.0625 0.046875
0 0.9328125 0.1546875 0.071875 0.0515625
0 0.9171875 0.13125 0.0703125 0.05
0 0.6296875 0.1609375 0.0859375 0.0625
0 0.859375 0.01875 0.0671875 0.053125
0 0.76875 0.246875 0.04375 0.0234375
0 0.6796875 0.04375 0.071875 0.0515625
0 0.690625 0.0734375 0.0703125 0.0515625
0 0.7046875 0.0984375 0.0671875 0.0484375
0 0.7203125 0.128125 0.0734375 0.0515625
0 0.7328125 0.1546875 0.0671875 0.0484375
0 0.75 0.1796875 0.0734375 0.0578125
0 0.7796875 0.23125 0.053125 0.0375
0 0.7875 0.265625 0.0671875 0.053125
0 0.646875 0.19375 0.084375 0.059375
0 0.80625 0.2921875 0.059375 0.046875
0 0.8265625 0.3203125 0.0546875 0.040625
0 0.740625 0.3546875 0.0765625 0.053125
0 0.7171875 0.3234375 0.053125 0.040625
0 0.7 0.2984375 0.08125 0.0609375
0 0.6796875 0.265625 0.0921875 0.0671875
0 0.6625 0.2296875 0.0984375 0.0671875
0 0.903125 0.1015625 0.0671875 0.046875
0 0.603125 0.090625 0.0828125 0.0625
0 0.3078125 0.2765625 0.0734375 0.1015625
0 0.3390625 0.2515625 0.0671875 0.0953125
0 0.0453125 0.684375 0.084375 0.059375
0 0.3703125 0.234375 0.06875 0.0984375
0 0.39375 0.303125 0.06875 0.0515625
0 0.2921875 0.690625 0.0546875 0.0796875
0 0.4765625 0.5015625 0.0625 0.034375
0 0.4671875 0.46875 0.065625 0.0390625
0 0.4703125 0.4359375 0.05625 0.0390625
0 0.446875 0.4171875 0.06875 0.0515625
0 0.4359375 0.3875 0.0640625 0.05
0 0.425 0.3625 0.0671875 0.0484375
0 0.4703125 0.265625 0.0671875 0.053125
0 0.0234375 0.65 0.0796875 0.059375
0 0.4859375 0.2953125 0.071875 0.053125
0 0.5046875 0.325 0.0671875 0.046875
0 0.5234375 0.35625 0.0625 0.046875
0 0.5359375 0.3890625 0.071875 0.0515625
0 0.4796875 0.175 0.0625 0.0953125
0 0.4453125 0.1921875 0.06875 0.10625
0 0.409375 0.2109375 0.0671875 0.103125
0 0.3203125 0.6671875 0.053125 0.0765625
0 0.2625 0.58125 0.0859375 0.0609375
0 0.2484375 0.54375 0.1 0.071875
0 0.2515625 0.5015625 0.078125 0.05625
0 0.0046875 0.6125 0.0875 0.065625
0 0.153125 0.325 0.0921875 0.065625
0 0.159375 0.365625 0.109375 0.0734375
0 0.1890625 0.396875 0.09375 0.0703125
0 0.2046875 0.4359375 0.0984375 0.06875
0 0.2203125 0.4671875 0.0890625 0.0625
0 0.8828125 0.078125 0.065625 0.0515625
0 0.35625 0.48125 0.0296875 0.0359375
0 0.3671875 0.509375 0.025 0.028125
0 0.4 0.55625 0.025 0.021875
0 0.3921875 0.540625 0.028125 0.025
0 0.565625 0.45 0.0734375 0.0578125
0 0.55 0.4171875 0.08125 0.059375
0 0.14375 0.771875 0.0578125 0.0796875
0 0.00625 0.846875 0.0515625 0.071875
0 0.071875 0.815625 0.04375 0.059375
0 0.1203125 0.971875 0.065625 0.0890625
0 0.16875 0.9453125 0.0703125 0.0984375
0 0.21875 0.9171875 0.0671875 0.090625
0 0.2703125 0.9046875 0.1140625 0.1640625
0 0.3328125 0.8984375 0.115625 0.1640625
0 0.3703125 0.8421875 0.053125 0.075
0 0.6515625 0.009375 0.103125 0.0828125
0 0.5703125 0.0515625 0.0890625 0.0765625
