0 0.85 0.325 0.03125 0.040625
0 0.33125 0.6390625 0.059375 0.0453125
0 0.228125 0.4375 0.0671875 0.0484375
0 0.2421875 0.4625 0.059375 0.04375
0 0.253125 0.4890625 0.05625 0.0453125
0 0.2671875 0.515625 0.053125 0.040625
0 0.2921875 0.5640625 0.059375 0.0484375
0 0.309375 0.5875 0.0625 0.046875
0 0.315625 0.615625 0.0625 0.046875
0 0.3515625 0.671875 0.0609375 0.0453125
0 0.365625 0.6921875 0.0515625 0.0375
0 0.3765625 0.7140625 0.046875 0.034375
0 0.296875 0.7515625 0.075 0.05625
0 0.2859375 0.721875 0.0671875 0.04375
0 0.275 0.69375 0.0625 0.046875
0 0.259375 0.6625 0.071875 0.0515625
0 0.24375 0.6390625 0.0703125 0.05
0 0.1625 0.4296875 0.1078125 0.0734375
0 0.1859375 0.5265625 0.0671875 0.053125
0 0.0953125 0.7546875 0.04375 0.0234375
0 0.00625 0.5515625 0.071875 0.0515625
0 0.0171875 0.58125 0.0703125 0.0515625
0 0.03125 0.60625 0.0671875 0.0484375
0 0.046875 0.6359375 0.0734375 0.0515625
0 0.059375 0.6625 0.0671875 0.0484375
0 0.0765625 0.6875 0.0734375 0.0578125
0 0.10625 0.7390625 0.053125 0.0375
0 0.1140625 0.7734375 0.0671875 0.053125
0 0.1328125 0.8 0.059375 0.046875
0 0.153125 0.828125 0.0546875 0.040625
0 0.0671875 0.8625 0.0765625 0.053125
0 0.04375 0.83125 0.053125 0.040625
0 0.0265625 0.80625 0.08125 0.0609375
0 0.00625 0.7734375 0.0921875 0.0671875
0 0.2296875 0.609375 0.0671875 0.046875
0 0.171875 0.5015625 0.0640625 0.0453125
0 0.5734375 0.378125 0.0453125 0.0328125
0 0.4078125 0.4734375 0.059375 0.05
0 0.396875 0.4453125 0.053125 0.0421875
0 0.3765625 0.4234375 0.0546875 0.0421875
0 0.365625 0.3953125 0.06875 0.05
0 0.5375 0.234375 0.103125 0.0703125
0 0.5234375 0.28125 0.0515625 0.0390625
0 0.5390625 0.3015625 0.05 0.0390625
0 0.5828125 0.403125 0.0578125 0.040625
0 0.4296875 0.525 0.0609375 0.0453125
0 0.596875 0.4265625 0.05625 0.04375
0 0.6046875 0.4515625 0.05625 0.04375
0 0.621875 0.4734375 0.04375 0.0328125
0 0.6296875 0.4953125 0.053125 0.0375
0 0.64375 0.51875 0.05 0.0359375
0 0.6640625 0.5625 0.046875 0.0359375
0 0.6890625 0.4921875 0.046875 0.0703125
0 0.421875 0.496875 0.059375 0.04375
0 0.440625 0.5484375 0.0640625 0.05
0 0.1515625 0.475 0.071875 0.0484375
0 0.4859375 0.4734375 0.0484375 0.0375
0 0.3515625 0.36875 0.065625 0.0453125
0 0.4125 0.3359375 0.05 0.0359375
0 0.4296875 0.3578125 0.053125 0.040625
0 0.440625 0.3859375 0.0453125 0.0359375
0 0.45 0.4078125 0.0515625 0.0359375
0 0.4625 0.4296875 0.04375 0.0359375
0 0.475 0.4515625 0.0484375 0.0390625
0 0.5 0.4984375 0.0484375 0.0359375
0 0.459375 0.5703125 0.0515625 0.0390625
0 0.5140625 0.51875 0.053125 0.040625
0 0.5265625 0.54375 0.053125 0.0390625
0 0.5421875 0.5703125 0.05 0.0375
0 0.565625 0.6109375 0.0421875 0.0359375
0 0.4984375 0.6484375 0.053125 0.0375
0 0.4859375 0.621875 0.0546875 0.040625
0 0.4734375 0.5921875 0.0578125 0.04375
0 0.6453125 0.371875 0.0515625 0.0375
0 0.6296875 0.3484375 0.0484375 0.0359375
0 0.6140625 0.321875 0.0453125 0.0359375
0 0.209375 0.5859375 0.065625 0.0515625
0 0.6484375 0.4234375 0.0234375 0.0234375
0 0.6609375 0.4453125 0.0203125 0.0265625
0 0.60625 0.3 0.0453125 0.0359375
0 0.946875 0.375 0.0671875 0.0484375
0 0.9703125 0.396875 0.075 0.05625
0 0.8484375 0.41875 0.05625 0.078125
0 0.93125 0.35 0.08125 0.0578125
0 0.875 0.390625 0.0578125 0.0828125
0 0.7734375 0.2265625 0.059375 0.0484375
0 0.59375 0.2734375 0.0453125 0.0375
0 0.55625 0.35625 0.05 0.0359375
0 0.7546875 0.1171875 0.115625 0.08125
0 0.7359375 0.171875 0.0703125 0.046875
0 0.8109375 0.1328125 0.0671875 0.05
0 0.8296875 0.15625 0.0765625 0.0546875
0 0.75625 0.1984375 0.0640625 0.05
0 0.784375 0.253125 0.0671875 0.0515625
0 0.7984375 0.2859375 0.065625 0.0453125
0 0.8609375 0.2078125 0.0828125 0.0609375
0 0.846875 0.18125 0.0640625 0.05
0 0.8734375 0.2359375 0.0890625 0.0671875
0 0.8859375 0.265625 0.0734375 0.053125
0 0.9015625 0.2921875 0.0671875 0.0515625
0 0.9171875 0.3203125 0.0703125 0.0515625
0 0.8109375 0.3109375 0.0734375 0.05
0 0.9421875 0.5640625 0.0640625 0.0453125
0 0.765625 0.703125 0.0703125 0.0984375
0 0.7703125 0.7828125 0.0609375 0.0484375
0 0.884375 0.8671875 0.0546875 0.0796875
0 0.7640625 0.91875 0.05625 0.078125
0 0.7234375 0.934375 0.06875 0.10625
0 0.9984375 0.8109375 0.0421875 0.0625
0 0.378125 0.3109375 0.0953125 0.0703125
0 0.7984375 0.675 0.0546875 0.0734375
