0 0.78125 0.34375 0.075 0.05625
0 0.996875 0.14375 0.1078125 0.0734375
0 0.790625 0.3828125 0.0859375 0.0625
0 0.9296875 0.46875 0.04375 0.0234375
0 0.840625 0.265625 0.071875 0.0515625
0 0.8515625 0.2953125 0.0703125 0.0515625
0 0.865625 0.3203125 0.0671875 0.0484375
0 0.88125 0.35 0.0734375 0.0515625
0 0.89375 0.3765625 0.0671875 0.0484375
0 0.9109375 0.4015625 0.0734375 0.0578125
0 0.940625 0.453125 0.053125 0.0375
0 0.9484375 0.4875 0.0671875 0.053125
0 0.8078125 0.415625 0.084375 0.059375
0 0.9671875 0.5140625 0.059375 0.046875
0 0.9875 0.5421875 0.0546875 0.040625
0 0.9015625 0.5765625 0.0765625 0.053125
0 0.878125 0.5453125 0.053125 0.040625
0 0.8609375 0.5203125 0.08125 0.0609375
0 0.840625 0.4875 0.0921875 0.0671875
0 0.8234375 0.4515625 0.0984375 0.0671875
0 0.9859375 0.1890625 0.071875 0.0484375
0 0.7640625 0.3125 0.0828125 0.0625
0 0.46875 0.4984375 0.0734375 0.1015625
0 0.5 0.4734375 0.0671875 0.0953125
0 0.20625 0.90625 0.084375 0.059375
0 0.53125 0.45625 0.06875 0.0984375
0 0.1234375 0.971875 0.0703125 0.05
0 0.1078125 0.940625 0.0796875 0.0625
0 0.0859375 0.909375 0.0640625 0.046875
0 0.5546875 0.525 0.06875 0.0515625
0 0.453125 0.9125 0.0546875 0.0796875
0 0.6375 0.7234375 0.0625 0.034375
0 0.628125 0.690625 0.065625 0.0390625
0 0.63125 0.6578125 0.05625 0.0390625
0 0.6078125 0.6390625 0.06875 0.0515625
0 0.596875 0.609375 0.0640625 0.05
0 0.5859375 0.584375 0.0671875 0.0484375
0 0.63125 0.4875 0.0671875 0.053125
0 0.184375 0.871875 0.0796875 0.059375
0 0.646875 0.5171875 0.071875 0.053125
0 0.665625 0.546875 0.0671875 0.046875
0 0.684375 0.578125 0.0625 0.046875
0 0.696875 0.6109375 0.071875 0.0515625
0 0.640625 0.396875 0.0625 0.0953125
0 0.60625 0.4140625 0.06875 0.10625
0 0.5703125 0.4328125 0.0671875 0.103125
0 0.48125 0.8890625 0.053125 0.0765625
0 0.4234375 0.803125 0.0859375 0.0609375
0 0.409375 0.765625 0.1 0.071875
0 0.4125 0.7234375 0.078125 0.05625
0 0.165625 0.834375 0.0875 0.065625
0 0.0734375 0.878125 0.071875 0.05625
0 0.0578125 0.8484375 0.065625 0.05
0 0.1484375 0.8046875 0.0859375 0.0609375
0 0.1328125 0.76875 0.0734375 0.05625
0 0.146875 0.6765625 0.075 0.1125
0 0.096875 0.6890625 0.08125 0.115625
0 0.0578125 0.70625 0.0828125 0.121875
0 0.0265625 0.734375 0.065625 0.0921875
0 0.3140625 0.546875 0.0921875 0.065625
0 0.3203125 0.5875 0.109375 0.0734375
0 0.35 0.61875 0.09375 0.0703125
0 0.365625 0.6578125 0.0984375 0.06875
0 0.38125 0.6890625 0.0890625 0.0625
0 0.5171875 0.703125 0.0296875 0.0359375
0 0.528125 0.73125 0.025 0.028125
0 0.5609375 0.778125 0.025 0.021875
0 0.553125 0.7625 0.028125 0.025
0 0.7265625 0.671875 0.0734375 0.0578125
0 0.7109375 0.6390625 0.08125 0.059375
0 0.040625 0.8171875 0.05625 0.0390625
0 0.3046875 0.99375 0.0578125 0.0796875
0 0.8125 0.23125 0.103125 0.0828125
0 0.73125 0.2734375 0.0890625 0.0765625
0 0.2515625 0.1078125 0.034375 0.0484375
0 0.40625 0.0296875 0.046875 0.0578125
