0 0.909375 0.359375 0.0671875 0.0484375
0 0.9234375 0.384375 0.059375 0.04375
0 0.934375 0.4109375 0.05625 0.0453125
0 0.9484375 0.4375 0.053125 0.040625
0 0.9734375 0.4859375 0.059375 0.0484375
0 0.990625 0.509375 0.0625 0.046875
0 0.996875 0.5375 0.0625 0.046875
0 0.628125 0.5515625 0.075 0.05625
0 0.978125 0.6734375 0.075 0.05625
0 0.9671875 0.64375 0.0671875 0.04375
0 0.95625 0.615625 0.0625 0.046875
0 0.940625 0.584375 0.071875 0.0515625
0 0.925 0.5609375 0.0703125 0.05
0 0.84375 0.3515625 0.1078125 0.0734375
0 0.6375 0.590625 0.0859375 0.0625
0 0.8671875 0.4484375 0.0671875 0.053125
0 0.7765625 0.6765625 0.04375 0.0234375
0 0.6875 0.4734375 0.071875 0.0515625
0 0.6984375 0.503125 0.0703125 0.0515625
0 0.7125 0.528125 0.0671875 0.0484375
0 0.728125 0.5578125 0.0734375 0.0515625
0 0.740625 0.584375 0.0671875 0.0484375
0 0.7578125 0.609375 0.0734375 0.0578125
0 0.7875 0.6609375 0.053125 0.0375
0 0.7953125 0.6953125 0.0671875 0.053125
0 0.6546875 0.6234375 0.084375 0.059375
0 0.8140625 0.721875 0.059375 0.046875
0 0.834375 0.75 0.0546875 0.040625
0 0.7484375 0.784375 0.0765625 0.053125
0 0.725 0.753125 0.053125 0.040625
0 0.7078125 0.728125 0.08125 0.0609375
0 0.6875 0.6953125 0.0921875 0.0671875
0 0.6703125 0.659375 0.0984375 0.0671875
0 0.9109375 0.53125 0.0671875 0.046875
0 0.853125 0.4234375 0.0640625 0.0453125
0 0.8328125 0.396875 0.071875 0.0484375
0 0.6109375 0.5203125 0.0828125 0.0625
0 0.315625 0.70625 0.0734375 0.1015625
0 0.346875 0.68125 0.0671875 0.0953125
0 0.378125 0.6640625 0.06875 0.0984375
0 0.4015625 0.7328125 0.06875 0.0515625
0 0.484375 0.93125 0.0625 0.034375
0 0.475 0.8984375 0.065625 0.0390625
0 0.478125 0.865625 0.05625 0.0390625
0 0.4546875 0.846875 0.06875 0.0515625
0 0.44375 0.8171875 0.0640625 0.05
0 0.4328125 0.7921875 0.0671875 0.0484375
0 0.478125 0.6953125 0.0671875 0.053125
0 0.49375 0.725 0.071875 0.053125
0 0.5125 0.7546875 0.0671875 0.046875
0 0.53125 0.7859375 0.0625 0.046875
0 0.54375 0.81875 0.071875 0.0515625
0 0.4875 0.6046875 0.0625 0.0953125
0 0.453125 0.621875 0.06875 0.10625
0 0.4171875 0.640625 0.0671875 0.103125
0 0.25625 0.9734375 0.1 0.071875
0 0.259375 0.93125 0.078125 0.05625
0 0.1609375 0.7546875 0.0921875 0.065625
0 0.1671875 0.7953125 0.109375 0.0734375
0 0.196875 0.8265625 0.09375 0.0703125
0 0.2125 0.865625 0.0984375 0.06875
0 0.228125 0.896875 0.0890625 0.0625
0 0.890625 0.5078125 0.065625 0.0515625
0 0.3640625 0.9109375 0.0296875 0.0359375
0 0.375 0.9390625 0.025 0.028125
0 0.4078125 0.9859375 0.025 0.021875
0 0.4 0.9703125 0.028125 0.025
0 0.440625 0.1453125 0.0234375 0.028125
0 0.4421875 0.121875 0.0265625 0.021875
0 0.43125 0.1140625 0.025 0.025
0 0.5734375 0.8796875 0.0734375 0.0578125
0 0.5578125 0.846875 0.08125 0.059375
0 0.4671875 0.125 0.040625 0.0546875
0 0.3890625 0.1640625 0.05625 0.071875
0 0.4140625 0.15 0.0421875 0.0546875
0 0.3515625 0.1921875 0.05 0.0671875
0 0.4890625 0.1109375 0.040625 0.053125
0 0.521875 0.0984375 0.0359375 0.0484375
0 0.659375 0.4390625 0.103125 0.0828125
0 0.578125 0.48125 0.0890625 0.0765625
0 0.0984375 0.315625 0.034375 0.0484375
0 0.253125 0.2375 0.046875 0.0578125
