0 0.70625 0.934375 0.0859375 0.0375
0 0.6171875 0.9515625 0.0640625 0.0296875
0 0.6203125 0.9796875 0.0625 0.0296875
0 0.6140625 0.896875 0.0625 0.03125
0 0.7015625 0.89375 0.0859375 0.0390625
0 0.60625 0.84375 0.0609375 0.0265625
0 0.0046875 0.9484375 0.0515625 0.025
0 0.1171875 0.6828125 0.0578125 0.025
0 0.696875 0.8234375 0.1015625 0.0453125
0 0.3578125 0.86875 0.0578125 0.0296875
0 0.36875 0.9765625 0.0609375 0.0265625
0 0.3671875 0.9515625 0.05625 0.025
0 0.3625 0.925 0.05625 0.025
0 0.3578125 0.8390625 0.05625 0.028125
0 0.4375 0.9203125 0.0640625 0.028125
0 0.3484375 0.784375 0.0515625 0.0265625
0 0.671875 0.646875 0.0890625 0.0328125
0 0.671875 0.60625 0.0921875 0.0390625
0 0.5765625 0.6234375 0.0734375 0.03125
0 0.590625 0.6796875 0.0546875 0.0296875
0 0.6796875 0.7171875 0.0828125 0.034375
0 0.675 0.678125 0.0734375 0.03125
0 0.59375 0.7578125 0.0453125 0.0234375
0 0.596875 0.7890625 0.0640625 0.028125
0 0.6046875 0.8171875 0.065625 0.028125
0 0.4453125 0.971875 0.0671875 0.0296875
0 0.434375 0.8921875 0.065625 0.0296875
0 0.1921875 0.6953125 0.05625 0.025
0 0.196875 0.746875 0.053125 0.028125
0 0.2046875 0.775 0.0578125 0.0265625
0 0.20625 0.803125 0.053125 0.025
0 0.2078125 0.83125 0.05 0.0234375
0 0.21875 0.8828125 0.053125 0.0234375
0 0.2296875 0.9984375 0.053125 0.0265625
0 0.428125 0.8359375 0.0578125 0.0296875
0 0.1453125 0.9015625 0.0578125 0.0265625
0 0.13125 0.7921875 0.0578125 0.028125
0 0.13125 0.7640625 0.0546875 0.0265625
0 0.409375 0.6453125 0.059375 0.0265625
0 0.4109375 0.6734375 0.0625 0.03125
0 0.334375 0.7015625 0.0640625 0.0296875
0 0.340625 0.7296875 0.053125 0.0265625
0 0.4203125 0.75625 0.06875 0.0265625
0 0.421875 0.7828125 0.059375 0.0265625
0 0.425 0.809375 0.065625 0.0265625
0 0.3265625 0.64375 0.0359375 0.0234375
0 0.6140625 0.4 0.03125 0.0234375
0 0.1703125 0.9796875 0.021875 0.025
0 0.759375 0.059375 0.0828125 0.053125
0 0.75 0.096875 0.08125 0.053125
0 0.7390625 0.1734375 0.1125 0.0703125
0 0.7046875 0.2484375 0.103125 0.0640625
0 0.696875 0.2859375 0.0921875 0.05625
0 0.6703125 0.31875 0.103125 0.0640625
0 0.653125 0.3625 0.1046875 0.065625
0 0.6265625 0.434375 0.10625 0.0625
0 0.584375 0.5046875 0.090625 0.0609375
