0 0.5703125 0.9203125 0.03125 0.0234375
0 0.765625 0.0125 0.0484375 0.021875
0 0.7625 0.0953125 0.05625 0.0234375
0 0.7640625 0.1234375 0.053125 0.0234375
0 0.7625 0.15625 0.0484375 0.0203125
0 0.7609375 0.1875 0.0484375 0.01875
0 0.759375 0.2109375 0.053125 0.01875
0 0.7640625 0.2625 0.0421875 0.0203125
0 0.765625 0.290625 0.05625 0.0203125
0 0.759375 0.3171875 0.05 0.0171875
0 0.7578125 0.365625 0.053125 0.0203125
0 0.7578125 0.3953125 0.0578125 0.0203125
0 0.746875 0.471875 0.0734375 0.028125
0 0.753125 0.4453125 0.0484375 0.0203125
0 0.7453125 0.5171875 0.084375 0.05625
0 0.715625 0.5796875 0.0828125 0.053125
0 0.70625 0.6171875 0.08125 0.053125
0 0.6953125 0.69375 0.1125 0.0703125
0 0.6609375 0.76875 0.103125 0.0640625
0 0.653125 0.80625 0.0921875 0.05625
0 0.6265625 0.8390625 0.103125 0.0640625
0 0.609375 0.8828125 0.1046875 0.065625
0 0.5828125 0.9546875 0.10625 0.0625
