0 0.94375 0.91875 0.0328125 0.090625
0 0.98125 0.9265625 0.0296875 0.0984375
0 0.90625 0.921875 0.0296875 0.0828125
0 0.8640625 0.91875 0.0359375 0.096875
0 0.9671875 0.675 0.0296875 0.065625
0 0.9234375 0.6703125 0.025 0.065625
0 0.8875 0.6671875 0.028125 0.0796875
0 0.96875 0.484375 0.0234375 0.0625
0 0.9265625 0.475 0.0234375 0.065625
0 0.8890625 0.4359375 0.0390625 0.115625
0 0.56875 0.090625 0.0421875 0.0171875
0 0.56875 0.0109375 0.04375 0.01875
0 0.56875 0.0359375 0.04375 0.0171875
0 0.565625 0.11875 0.0484375 0.021875
0 0.5625 0.2015625 0.05625 0.0234375
0 0.5640625 0.2296875 0.053125 0.0234375
0 0.5625 0.2625 0.0484375 0.0203125
0 0.5609375 0.29375 0.0484375 0.01875
0 0.559375 0.3171875 0.053125 0.01875
0 0.5640625 0.36875 0.0421875 0.0203125
0 0.565625 0.396875 0.05625 0.0203125
0 0.559375 0.4234375 0.05 0.0171875
0 0.5578125 0.471875 0.053125 0.0203125
0 0.5578125 0.5015625 0.0578125 0.0203125
0 0.546875 0.578125 0.0734375 0.028125
0 0.9765625 0.16875 0.028125 0.0890625
0 0.9296875 0.390625 0.0265625 0.0609375
0 0.96875 0.390625 0.025 0.0671875
0 0.9375 0.1703125 0.028125 0.0796875
0 0.9015625 0.1796875 0.0328125 0.096875
0 0.553125 0.5515625 0.0484375 0.0203125
0 0.5453125 0.6234375 0.084375 0.05625
0 0.515625 0.6859375 0.0828125 0.053125
0 0.50625 0.7234375 0.08125 0.053125
0 0.4953125 0.8 0.1125 0.0703125
0 0.4609375 0.875 0.103125 0.0640625
0 0.453125 0.9125 0.0921875 0.05625
0 0.4265625 0.9453125 0.103125 0.0640625
0 0.409375 0.9890625 0.1046875 0.065625
