0 0.728125 0.94375 0.0265625 0.0796875
0 0.646875 0.9421875 0.025 0.059375
0 0.6125 0.9515625 0.0296875 0.065625
0 0.56875 0.946875 0.025 0.065625
0 0.5328125 0.94375 0.028125 0.0796875
0 0.7703125 0.7640625 0.028125 0.065625
0 0.725 0.7625 0.025 0.0640625
0 0.6859375 0.7625 0.0203125 0.0625
0 0.6140625 0.7609375 0.0234375 0.0625
0 0.659375 0.7609375 0.021875 0.0625
0 0.571875 0.7515625 0.0234375 0.065625
0 0.9328125 0.2796875 0.0421875 0.0234375
0 0.534375 0.7125 0.0390625 0.115625
0 0.2140625 0.3671875 0.0421875 0.0171875
0 0.221875 0.0203125 0.05 0.0203125
0 0.225 0.0453125 0.0453125 0.01875
0 0.221875 0.0703125 0.0609375 0.0203125
0 0.2125 0.1734375 0.0546875 0.021875
0 0.2203125 0.2109375 0.0375 0.01875
0 0.21875 0.2375 0.040625 0.01875
0 0.21875 0.2625 0.04375 0.01875
0 0.2140625 0.2875 0.04375 0.01875
0 0.2140625 0.3125 0.04375 0.0171875
0 0.2109375 0.3953125 0.0484375 0.021875
0 0.2078125 0.478125 0.05625 0.0234375
0 0.209375 0.50625 0.053125 0.0234375
0 0.2078125 0.5390625 0.0484375 0.0203125
0 0.20625 0.5703125 0.0484375 0.01875
0 0.2046875 0.59375 0.053125 0.01875
0 0.209375 0.6453125 0.0421875 0.0203125
0 0.2109375 0.6734375 0.05625 0.0203125
0 0.2046875 0.7 0.05 0.0171875
0 0.203125 0.7484375 0.053125 0.0203125
0 0.203125 0.778125 0.0578125 0.0203125
0 0.1921875 0.8546875 0.0734375 0.028125
0 0.621875 0.4453125 0.028125 0.0890625
0 0.575 0.6671875 0.0265625 0.0609375
0 0.6140625 0.6671875 0.025 0.0671875
0 0.653125 0.6671875 0.025 0.05625
0 0.6890625 0.675 0.0265625 0.0671875
0 0.7421875 0.6703125 0.0140625 0.04375
0 0.76875 0.6703125 0.028125 0.065625
0 0.7796875 0.459375 0.0265625 0.0890625
0 0.740625 0.4515625 0.025 0.0796875
0 0.7015625 0.453125 0.03125 0.090625
0 0.6625 0.4484375 0.03125 0.084375
0 0.5828125 0.446875 0.028125 0.0796875
0 0.546875 0.45625 0.0328125 0.096875
0 0.771875 0.2046875 0.1953125 0.065625
0 0.9328125 0.1515625 0.090625 0.065625
0 0.9390625 0.05625 0.0671875 0.0296875
0 0.9421875 0.0234375 0.0484375 0.0203125
0 0.7640625 0.13125 0.08125 0.0296875
0 0.765625 0.096875 0.071875 0.025
0 0.76875 0.0703125 0.0703125 0.021875
0 0.7703125 0.0359375 0.0765625 0.0296875
0 0.1984375 0.828125 0.0484375 0.0203125
0 0.190625 0.9 0.084375 0.05625
0 0.1609375 0.9625 0.0828125 0.053125
0 0.9453125 0.6859375 0.0640625 0.021875
0 0.95 0.6109375 0.071875 0.0234375
0 0.9921875 0.571875 0.090625 0.0296875
0 0.9703125 0.5328125 0.0890625 0.0296875
