0 0.9890625 0.484375 0.0640625 0.0296875
0 0.9921875 0.5125 0.0625 0.0296875
0 0.9984375 0.540625 0.06875 0.0328125
0 0.9859375 0.4296875 0.0625 0.03125
0 0.978125 0.3765625 0.0609375 0.0265625
0 0.3765625 0.48125 0.0515625 0.025
0 0.0296875 0.0671875 0.05 0.034375
0 0.0265625 0.04375 0.0390625 0.028125
0 0.0140625 0.01875 0.05 0.034375
0 0.2609375 0.28125 0.08125 0.034375
0 0.3390625 0.234375 0.053125 0.0234375
0 0.353125 0.290625 0.05625 0.025
0 0.3578125 0.34375 0.0515625 0.0265625
0 0.3609375 0.371875 0.0515625 0.0265625
0 0.3671875 0.3984375 0.053125 0.0234375
0 0.3703125 0.4265625 0.05625 0.0234375
0 0.38125 0.534375 0.0546875 0.025
0 0.071875 0.1625 0.05625 0.0390625
0 0.3921875 0.5890625 0.0484375 0.021875
0 0.4 0.6171875 0.0578125 0.025
0 0.40625 0.6703125 0.053125 0.0265625
0 0.35625 0.7140625 0.0828125 0.0515625
0 0.3234375 0.678125 0.071875 0.03125
0 0.3125 0.640625 0.0921875 0.0375
0 0.2921875 0.56875 0.0703125 0.0328125
0 0.2921875 0.5328125 0.071875 0.034375
0 0.2921875 0.4953125 0.0890625 0.0390625
0 0.28125 0.425 0.071875 0.0328125
0 0.0515625 0.115625 0.053125 0.0359375
0 0.08125 0.184375 0.0546875 0.0359375
0 0.2671875 0.3109375 0.0890625 0.0390625
0 0.09375 0.209375 0.05 0.0328125
0 0.10625 0.2328125 0.0640625 0.0421875
0 0.2734375 0.3515625 0.0796875 0.0375
0 0.4890625 0.215625 0.0578125 0.025
0 0.7296875 0.4015625 0.0578125 0.0296875
0 0.8234375 0.5328125 0.06875 0.0265625
0 0.828125 0.5625 0.0671875 0.0296875
0 0.83125 0.5890625 0.06875 0.0296875
0 0.840625 0.6140625 0.0671875 0.028125
0 0.7578125 0.625 0.0640625 0.0296875
0 0.753125 0.5953125 0.0609375 0.028125
0 0.7453125 0.540625 0.0578125 0.028125
0 0.740625 0.509375 0.0609375 0.0265625
0 0.7390625 0.484375 0.05625 0.025
0 0.734375 0.4578125 0.05625 0.025
0 0.7296875 0.371875 0.05625 0.028125
0 0.809375 0.453125 0.0640625 0.028125
0 0.7203125 0.3171875 0.0515625 0.0265625
0 0.9484375 0.15625 0.0734375 0.03125
0 0.9625 0.2125 0.0546875 0.0296875
0 0.965625 0.290625 0.0453125 0.0234375
0 0.96875 0.321875 0.0640625 0.028125
0 0.9765625 0.35 0.065625 0.028125
0 0.8171875 0.5046875 0.0671875 0.0296875
0 0.80625 0.425 0.065625 0.0296875
0 0.5640625 0.228125 0.05625 0.025
0 0.5375 0.6 0.0609375 0.0265625
0 0.56875 0.2796875 0.053125 0.028125
0 0.5765625 0.3078125 0.0578125 0.0265625
0 0.578125 0.3359375 0.053125 0.025
0 0.5796875 0.3640625 0.05 0.0234375
0 0.590625 0.415625 0.053125 0.0234375
0 0.6015625 0.53125 0.053125 0.0265625
0 0.609375 0.615625 0.05625 0.025
0 0.615625 0.6421875 0.0546875 0.025
0 0.571875 0.678125 0.0796875 0.0390625
0 0.5484375 0.6515625 0.0515625 0.025
0 0.5328125 0.5421875 0.0578125 0.025
0 0.8 0.36875 0.0578125 0.0296875
0 0.5171875 0.434375 0.0578125 0.0265625
0 0.503125 0.325 0.0578125 0.028125
0 0.503125 0.296875 0.0546875 0.0265625
0 0.78125 0.178125 0.059375 0.0265625
0 0.7828125 0.20625 0.0625 0.03125
0 0.70625 0.234375 0.0640625 0.0296875
0 0.7125 0.2625 0.053125 0.0265625
0 0.7921875 0.2890625 0.06875 0.0265625
0 0.79375 0.315625 0.059375 0.0265625
0 0.796875 0.3421875 0.065625 0.0265625
0 0.7875 0.6625 0.08125 0.0453125
0 0.6984375 0.1765625 0.0359375 0.0234375
0 0.278125 0.5984375 0.0234375 0.01875
0 0.5421875 0.5125 0.021875 0.025
0 0.95625 0.0375 0.090625 0.0609375
