0 0.90625 0.9921875 0.075 0.0328125
0 0.946875 0.9734375 0.0671875 0.0328125
0 0.921875 0.9125 0.1328125 0.046875
0 0.93125 0.5734375 0.121875 0.05
0 0.9171875 0.490625 0.071875 0.0296875
0 0.9375 0.4375 0.1203125 0.0484375
0 0.9359375 0.365625 0.128125 0.0515625
0 0.93125 0.23125 0.1296875 0.04375
0 0.940625 0.1625 0.1296875 0.053125
0 0.0671875 0.3375 0.0359375 0.03125
0 0.94375 0.30625 0.05625 0.046875
0 0.9265625 0.28125 0.04375 0.0234375
0 0.4390625 0.9234375 0.0640625 0.0625
0 0.096875 0.5296875 0.10625 0.040625
0 0.096875 0.48125 0.10625 0.0328125
0 0.1046875 0.41875 0.125 0.0453125
0 0.1015625 0.3015625 0.1078125 0.04375
0 0.1109375 0.2515625 0.128125 0.040625
0 0.1125 0.1921875 0.125 0.0453125
0 0.1140625 0.1375 0.11875 0.0390625
0 0.109375 0.0796875 0.1203125 0.0453125
0 0.1078125 0.025 0.1234375 0.040625
0 0.1015625 0.584375 0.11875 0.04375
0 0.1015625 0.9515625 0.078125 0.0296875
0 0.0953125 0.6390625 0.11875 0.034375
0 0.0875 0.8703125 0.10625 0.046875
0 0.09375 0.8015625 0.11875 0.0421875
0 0.0875 0.7515625 0.1078125 0.0453125
0 0.090625 0.696875 0.115625 0.0375
0 0.428125 0.3359375 0.1125 0.05
0 0.1984375 0.978125 0.0703125 0.0453125
0 0.40625 0.803125 0.115625 0.0453125
0 0.4140625 0.6875 0.121875 0.04375
0 0.415625 0.634375 0.1140625 0.0421875
0 0.4140625 0.56875 0.1109375 0.05
0 0.415625 0.5140625 0.109375 0.046875
0 0.4203125 0.4546875 0.1140625 0.0453125
0 0.421875 0.4015625 0.1109375 0.04375
0 0.4234375 0.2796875 0.1078125 0.0484375
0 0.3453125 0.98125 0.0796875 0.0359375
0 0.43125 0.2171875 0.1171875 0.05
0 0.428125 0.1640625 0.1203125 0.0515625
0 0.428125 0.046875 0.1171875 0.0515625
0 0.2671875 0.9765625 0.0640625 0.0328125
0 0.5875 0.1515625 0.14375 0.046875
0 0.6046875 0.0109375 0.1421875 0.05625
0 0.5875 0.08125 0.140625 0.053125
0 0.596875 0.215625 0.1421875 0.0484375
0 0.5625 0.928125 0.1265625 0.05
0 0.5875 0.28125 0.140625 0.059375
0 0.584375 0.421875 0.1203125 0.0484375
0 0.5703125 0.490625 0.125 0.0484375
0 0.56875 0.5484375 0.1140625 0.0453125
0 0.5671875 0.60625 0.1265625 0.0484375
0 0.5609375 0.6703125 0.109375 0.04375
0 0.565625 0.7375 0.13125 0.0546875
0 0.559375 0.85625 0.1265625 0.04375
