0 0.98125 0.9921875 0.0296875 0.06875
0 0.590625 0.840625 0.0859375 0.0375
0 0.5015625 0.8578125 0.0640625 0.0296875
0 0.5046875 0.8859375 0.0625 0.0296875
0 0.60625 0.9171875 0.075 0.03125
0 0.5109375 0.9140625 0.06875 0.0328125
0 0.515625 0.940625 0.065625 0.028125
0 0.51875 0.9671875 0.065625 0.028125
0 0.609375 0.95 0.0875 0.0390625
0 0.98125 0.75625 0.0359375 0.14375
0 0.4984375 0.803125 0.0625 0.03125
0 0.9875 0.415625 0.0375 0.09375
0 0.9890625 0.5078125 0.025 0.075
0 0.9921875 0.1984375 0.0359375 0.096875
0 0.5859375 0.8 0.0859375 0.0390625
0 0.490625 0.75 0.0609375 0.0265625
0 0.0015625 0.5890625 0.0578125 0.025
0 0.58125 0.7296875 0.1015625 0.0453125
0 0.2421875 0.775 0.0578125 0.0296875
0 0.3359375 0.90625 0.06875 0.0265625
0 0.340625 0.9359375 0.0671875 0.0296875
0 0.34375 0.9625 0.06875 0.0296875
0 0.353125 0.9875 0.0671875 0.028125
0 0.2703125 0.9984375 0.0640625 0.0296875
0 0.265625 0.96875 0.0609375 0.028125
0 0.2578125 0.9140625 0.0578125 0.028125
0 0.253125 0.8828125 0.0609375 0.0265625
0 0.2515625 0.8578125 0.05625 0.025
0 0.246875 0.83125 0.05625 0.025
0 0.2421875 0.7453125 0.05625 0.028125
0 0.321875 0.8265625 0.0640625 0.028125
0 0.2328125 0.690625 0.0515625 0.0265625
0 0.55625 0.553125 0.0890625 0.0328125
0 0.55625 0.5125 0.0921875 0.0390625
0 0.4609375 0.5296875 0.0734375 0.03125
0 0.475 0.5859375 0.0546875 0.0296875
0 0.5640625 0.6234375 0.0828125 0.034375
0 0.559375 0.584375 0.0734375 0.03125
0 0.478125 0.6640625 0.0453125 0.0234375
0 0.48125 0.6953125 0.0640625 0.028125
0 0.4890625 0.7234375 0.065625 0.028125
0 0.3296875 0.878125 0.0671875 0.0296875
0 0.31875 0.7984375 0.065625 0.0296875
0 0.0765625 0.6015625 0.05625 0.025
0 0.05 0.9734375 0.0609375 0.0265625
0 0.08125 0.653125 0.053125 0.028125
0 0.0890625 0.68125 0.0578125 0.0265625
0 0.090625 0.709375 0.053125 0.025
0 0.0921875 0.7375 0.05 0.0234375
0 0.103125 0.7890625 0.053125 0.0234375
0 0.1140625 0.9046875 0.053125 0.0265625
0 0.121875 0.9890625 0.05625 0.025
0 0.0453125 0.915625 0.0578125 0.025
0 0.3125 0.7421875 0.0578125 0.0296875
0 0.0296875 0.8078125 0.0578125 0.0265625
0 0.015625 0.6984375 0.0578125 0.028125
0 0.015625 0.6703125 0.0546875 0.0265625
0 0.29375 0.5515625 0.059375 0.0265625
0 0.2953125 0.5796875 0.0625 0.03125
0 0.21875 0.6078125 0.0640625 0.0296875
0 0.225 0.6359375 0.053125 0.0265625
0 0.3046875 0.6625 0.06875 0.0265625
0 0.30625 0.6890625 0.059375 0.0265625
0 0.309375 0.715625 0.065625 0.0265625
0 0.6109375 0.9953125 0.0890625 0.0578125
0 0.2109375 0.55 0.0359375 0.0234375
0 0.4984375 0.30625 0.03125 0.0234375
0 0.0546875 0.8859375 0.021875 0.025
0 0.653125 0.9484375 0.0125 0.021875
0 0.634375 0.003125 0.08125 0.053125
0 0.6234375 0.0796875 0.1125 0.0703125
0 0.5890625 0.1546875 0.103125 0.0640625
0 0.58125 0.1921875 0.0921875 0.05625
0 0.5546875 0.225 0.103125 0.0640625
0 0.5375 0.26875 0.1046875 0.065625
0 0.5109375 0.340625 0.10625 0.0625
0 0.46875 0.4109375 0.090625 0.0609375
