0 0.58125 0.634375 0.1015625 0.0421875
0 0.5765625 0.6859375 0.1078125 0.0421875
0 0.5796875 0.75 0.115625 0.0453125
0 0.575 0.809375 0.1078125 0.0421875
0 0.56875 0.8640625 0.1125 0.0390625
0 0.5625 0.9265625 0.1078125 0.0375
0 0.5703125 0.9828125 0.1125 0.0421875
0 0.425 0.975 0.109375 0.0453125
0 0.58125 0.5765625 0.1046875 0.0375
0 0.5828125 0.5125 0.1078125 0.0390625
0 0.5859375 0.453125 0.103125 0.040625
0 0.5859375 0.39375 0.1078125 0.0421875
0 0.459375 0.19375 0.0953125 0.0359375
0 0.5515625 0.15625 0.0765625 0.028125
0 0.6046875 0.2234375 0.13125 0.040625
0 0.4578125 0.240625 0.0953125 0.0375
0 0.4515625 0.2953125 0.078125 0.0359375
0 0.4625 0.3390625 0.084375 0.0328125
0 0.5890625 0.334375 0.115625 0.0453125
0 0.5953125 0.2828125 0.1015625 0.034375
0 0.4234375 0.91875 0.11875 0.0453125
0 0.421875 0.86875 0.075 0.034375
0 0.4296875 0.79375 0.103125 0.040625
0 0.8984375 0.821875 0.1328125 0.05
0 0.9125 0.6953125 0.115625 0.0484375
0 0.9078125 0.6265625 0.115625 0.05
0 0.9 0.7578125 0.115625 0.046875
0 0.9078125 0.8890625 0.11875 0.05
0 0.9265625 0.4984375 0.121875 0.046875
0 0.9046875 0.9578125 0.11875 0.0515625
0 0.9171875 0.5640625 0.1265625 0.05
0 0.9234375 0.4375 0.103125 0.04375
0 0.425 0.753125 0.075 0.0296875
0 0.678125 0.15625 0.0890625 0.03125
0 0.4390625 0.690625 0.09375 0.0390625
0 0.4453125 0.6390625 0.0921875 0.034375
0 0.4421875 0.5921875 0.0796875 0.0296875
0 0.4390625 0.5359375 0.103125 0.0390625
0 0.45 0.4875 0.09375 0.0359375
0 0.45 0.440625 0.0875 0.0328125
0 0.4515625 0.3953125 0.0921875 0.034375
0 0.865625 0.146875 0.0828125 0.0328125
0 0.915625 0.228125 0.1109375 0.0390625
0 0.91875 0.30625 0.1265625 0.0484375
0 0.9328125 0.359375 0.0859375 0.03125
0 0.934375 0.15625 0.0453125 0.028125
0 0.9 0.3828125 0.046875 0.0203125
