0 0.4015625 0.590625 0.0515625 0.025
0 0.0546875 0.1765625 0.05 0.034375
0 0.0515625 0.153125 0.0390625 0.028125
0 0.0390625 0.128125 0.05 0.034375
0 0.2859375 0.390625 0.08125 0.034375
0 0.3640625 0.34375 0.053125 0.0234375
0 0.378125 0.4 0.05625 0.025
0 0.3828125 0.453125 0.0515625 0.0265625
0 0.3859375 0.48125 0.0515625 0.0265625
0 0.3921875 0.5078125 0.053125 0.0234375
0 0.3953125 0.5359375 0.05625 0.0234375
0 0.40625 0.64375 0.0546875 0.025
0 0.096875 0.271875 0.05625 0.0390625
0 0.4171875 0.6984375 0.0484375 0.021875
0 0.425 0.7265625 0.0578125 0.025
0 0.43125 0.7796875 0.053125 0.0265625
0 0.38125 0.8234375 0.0828125 0.0515625
0 0.3484375 0.7875 0.071875 0.03125
0 0.3375 0.75 0.0921875 0.0375
0 0.3171875 0.678125 0.0703125 0.0328125
0 0.3171875 0.6421875 0.071875 0.034375
0 0.3171875 0.6046875 0.0890625 0.0390625
0 0.30625 0.534375 0.071875 0.0328125
0 0.0765625 0.225 0.053125 0.0359375
0 0.10625 0.29375 0.0546875 0.0359375
0 0.2921875 0.4203125 0.0890625 0.0390625
0 0.11875 0.31875 0.05 0.0328125
0 0.13125 0.3421875 0.0640625 0.0421875
0 0.2984375 0.4609375 0.0796875 0.0375
0 0.5140625 0.325 0.0578125 0.025
0 0.7546875 0.5109375 0.0578125 0.0296875
0 0.8484375 0.6421875 0.06875 0.0265625
0 0.853125 0.671875 0.0671875 0.0296875
0 0.85625 0.6984375 0.06875 0.0296875
0 0.865625 0.7234375 0.0671875 0.028125
0 0.7828125 0.734375 0.0640625 0.0296875
0 0.778125 0.7046875 0.0609375 0.028125
0 0.7703125 0.65 0.0578125 0.028125
0 0.765625 0.61875 0.0609375 0.0265625
0 0.7640625 0.59375 0.05625 0.025
0 0.759375 0.5671875 0.05625 0.025
0 0.7546875 0.48125 0.05625 0.028125
0 0.834375 0.5625 0.0640625 0.028125
0 0.7453125 0.4265625 0.0515625 0.0265625
0 0.9734375 0.265625 0.0734375 0.03125
0 0.9875 0.321875 0.0546875 0.0296875
0 0.990625 0.4 0.0453125 0.0234375
0 0.99375 0.43125 0.0640625 0.028125
0 0.8421875 0.6140625 0.0671875 0.0296875
0 0.83125 0.534375 0.065625 0.0296875
0 0.5890625 0.3375 0.05625 0.025
0 0.5625 0.709375 0.0609375 0.0265625
0 0.59375 0.3890625 0.053125 0.028125
0 0.6015625 0.4171875 0.0578125 0.0265625
0 0.603125 0.4453125 0.053125 0.025
0 0.6046875 0.4734375 0.05 0.0234375
0 0.615625 0.525 0.053125 0.0234375
0 0.6265625 0.640625 0.053125 0.0265625
0 0.634375 0.725 0.05625 0.025
0 0.640625 0.7515625 0.0546875 0.025
0 0.596875 0.7875 0.0796875 0.0390625
0 0.5734375 0.7609375 0.0515625 0.025
0 0.5578125 0.6515625 0.0578125 0.025
0 0.825 0.478125 0.0578125 0.0296875
0 0.5421875 0.54375 0.0578125 0.0265625
0 0.528125 0.434375 0.0578125 0.028125
0 0.528125 0.40625 0.0546875 0.0265625
0 0.80625 0.2875 0.059375 0.0265625
0 0.8078125 0.315625 0.0625 0.03125
0 0.73125 0.34375 0.0640625 0.0296875
0 0.7375 0.371875 0.053125 0.0265625
0 0.8171875 0.3984375 0.06875 0.0265625
0 0.81875 0.425 0.059375 0.0265625
0 0.821875 0.4515625 0.065625 0.0265625
0 0.8125 0.771875 0.08125 0.0453125
0 0.7234375 0.2859375 0.0359375 0.0234375
0 0.303125 0.7078125 0.0234375 0.01875
0 0.5671875 0.621875 0.021875 0.025
0 0.98125 0.146875 0.090625 0.0609375
