0 0.1625 0.55625 0.1015625 0.0421875
0 0.1578125 0.6078125 0.1078125 0.0421875
0 0.1609375 0.671875 0.115625 0.0453125
0 0.15625 0.73125 0.1078125 0.0421875
0 0.15 0.7859375 0.1125 0.0390625
0 0.14375 0.8484375 0.1078125 0.0375
0 0.1515625 0.9046875 0.1125 0.0421875
0 0.1453125 0.96875 0.1046875 0.0375
0 0.0078125 0.9578125 0.1015625 0.0484375
0 0.00625 0.896875 0.109375 0.0453125
0 0.1625 0.4984375 0.1046875 0.0375
0 0.1640625 0.434375 0.1078125 0.0390625
0 0.1671875 0.375 0.103125 0.040625
0 0.1671875 0.315625 0.1078125 0.0421875
0 0.040625 0.115625 0.0953125 0.0359375
0 0.1328125 0.078125 0.0765625 0.028125
0 0.1859375 0.1453125 0.13125 0.040625
0 0.0390625 0.1625 0.0953125 0.0375
0 0.0328125 0.2171875 0.078125 0.0359375
0 0.04375 0.2609375 0.084375 0.0328125
0 0.1703125 0.25625 0.115625 0.0453125
0 0.1765625 0.2046875 0.1015625 0.034375
0 0.0046875 0.840625 0.11875 0.0453125
0 0.003125 0.790625 0.075 0.034375
0 0.0109375 0.715625 0.103125 0.040625
0 0.4796875 0.74375 0.1328125 0.05
0 0.6546875 0.4875 0.1296875 0.0484375
0 0.653125 0.553125 0.13125 0.0546875
0 0.65 0.621875 0.125 0.0515625
0 0.49375 0.6171875 0.115625 0.0484375
0 0.4890625 0.5484375 0.115625 0.05
0 0.48125 0.6796875 0.115625 0.046875
0 0.6484375 0.6859375 0.1328125 0.0609375
0 0.64375 0.75 0.1203125 0.0453125
0 0.4890625 0.8109375 0.11875 0.05
0 0.5078125 0.4203125 0.121875 0.046875
0 0.64375 0.8171875 0.1265625 0.046875
0 0.6390625 0.8828125 0.1265625 0.0515625
0 0.6515625 0.9484375 0.1203125 0.0515625
0 0.4859375 0.8796875 0.11875 0.0515625
0 0.4890625 0.94375 0.1203125 0.0453125
0 0.4984375 0.4859375 0.1265625 0.05
0 0.5046875 0.359375 0.103125 0.04375
0 0.00625 0.675 0.075 0.0296875
0 0.259375 0.078125 0.0890625 0.03125
0 0.0203125 0.6125 0.09375 0.0390625
0 0.0265625 0.5609375 0.0921875 0.034375
0 0.0234375 0.5140625 0.0796875 0.0296875
0 0.0203125 0.4578125 0.103125 0.0390625
0 0.03125 0.409375 0.09375 0.0359375
0 0.03125 0.3625 0.0875 0.0328125
0 0.0328125 0.3171875 0.0921875 0.034375
0 0.446875 0.06875 0.0828125 0.0328125
0 0.6375 0.040625 0.046875 0.025
0 0.6578125 0.4234375 0.13125 0.046875
0 0.6703125 0.09375 0.1046875 0.046875
0 0.66875 0.1609375 0.128125 0.0484375
0 0.496875 0.15 0.1109375 0.0390625
0 0.5 0.228125 0.1265625 0.0484375
0 0.665625 0.228125 0.134375 0.0484375
0 0.6578125 0.29375 0.1203125 0.05
0 0.5140625 0.28125 0.0859375 0.03125
0 0.6578125 0.359375 0.13125 0.05
0 0.515625 0.078125 0.0453125 0.028125
0 0.48125 0.3046875 0.046875 0.0203125
0 0.7125 0.75 0.025 0.0359375
