0 0.74375 0.7140625 0.0859375 0.0375
0 0.6546875 0.73125 0.0640625 0.0296875
0 0.6578125 0.759375 0.0625 0.0296875
0 0.759375 0.790625 0.075 0.03125
0 0.6640625 0.7875 0.06875 0.0328125
0 0.66875 0.8140625 0.065625 0.028125
0 0.671875 0.840625 0.065625 0.028125
0 0.7625 0.8234375 0.0875 0.0390625
0 0.6515625 0.6765625 0.0625 0.03125
0 0.7390625 0.6734375 0.0859375 0.0390625
0 0.64375 0.6234375 0.0609375 0.0265625
0 0.0421875 0.728125 0.0515625 0.025
0 0.0046875 0.48125 0.053125 0.0234375
0 0.01875 0.5375 0.05625 0.025
0 0.0234375 0.590625 0.0515625 0.0265625
0 0.0265625 0.61875 0.0515625 0.0265625
0 0.0328125 0.6453125 0.053125 0.0234375
0 0.0359375 0.6734375 0.05625 0.0234375
0 0.046875 0.78125 0.0546875 0.025
0 0.0578125 0.8359375 0.0484375 0.021875
0 0.065625 0.8640625 0.0578125 0.025
0 0.071875 0.9171875 0.053125 0.0265625
0 0.021875 0.9609375 0.0828125 0.0515625
0 0.1546875 0.4625 0.0578125 0.025
0 0.734375 0.603125 0.1015625 0.0453125
0 0.3953125 0.6484375 0.0578125 0.0296875
0 0.4890625 0.7796875 0.06875 0.0265625
0 0.49375 0.809375 0.0671875 0.0296875
0 0.496875 0.8359375 0.06875 0.0296875
0 0.50625 0.8609375 0.0671875 0.028125
0 0.4234375 0.871875 0.0640625 0.0296875
0 0.41875 0.8421875 0.0609375 0.028125
0 0.4109375 0.7875 0.0578125 0.028125
0 0.40625 0.75625 0.0609375 0.0265625
0 0.4046875 0.73125 0.05625 0.025
0 0.4 0.7046875 0.05625 0.025
0 0.3953125 0.61875 0.05625 0.028125
0 0.475 0.7 0.0640625 0.028125
0 0.3859375 0.5640625 0.0515625 0.0265625
0 0.709375 0.4265625 0.0890625 0.0328125
0 0.709375 0.3859375 0.0921875 0.0390625
0 0.6140625 0.403125 0.0734375 0.03125
0 0.628125 0.459375 0.0546875 0.0296875
0 0.7171875 0.496875 0.0828125 0.034375
0 0.7125 0.4578125 0.0734375 0.03125
0 0.63125 0.5375 0.0453125 0.0234375
0 0.634375 0.56875 0.0640625 0.028125
0 0.6421875 0.596875 0.065625 0.028125
0 0.4828125 0.7515625 0.0671875 0.0296875
0 0.471875 0.671875 0.065625 0.0296875
0 0.2296875 0.475 0.05625 0.025
0 0.203125 0.846875 0.0609375 0.0265625
0 0.234375 0.5265625 0.053125 0.028125
0 0.2421875 0.5546875 0.0578125 0.0265625
0 0.24375 0.5828125 0.053125 0.025
0 0.2453125 0.6109375 0.05 0.0234375
0 0.25625 0.6625 0.053125 0.0234375
0 0.2671875 0.778125 0.053125 0.0265625
0 0.275 0.8625 0.05625 0.025
0 0.28125 0.8890625 0.0546875 0.025
0 0.2375 0.925 0.0796875 0.0390625
0 0.2140625 0.8984375 0.0515625 0.025
0 0.1984375 0.7890625 0.0578125 0.025
0 0.465625 0.615625 0.0578125 0.0296875
0 0.1828125 0.68125 0.0578125 0.0265625
0 0.16875 0.571875 0.0578125 0.028125
0 0.16875 0.54375 0.0546875 0.0265625
0 0.446875 0.425 0.059375 0.0265625
0 0.4484375 0.453125 0.0625 0.03125
0 0.371875 0.48125 0.0640625 0.0296875
0 0.378125 0.509375 0.053125 0.0265625
0 0.4578125 0.5359375 0.06875 0.0265625
0 0.459375 0.5625 0.059375 0.0265625
0 0.4625 0.5890625 0.065625 0.0265625
0 0.453125 0.909375 0.08125 0.0453125
0 0.7640625 0.86875 0.0890625 0.0578125
0 0.3640625 0.4234375 0.0359375 0.0234375
0 0.6515625 0.1796875 0.03125 0.0234375
0 0.2078125 0.759375 0.021875 0.025
0 0.80625 0.821875 0.0125 0.021875
0 0.7421875 0.028125 0.103125 0.0640625
0 0.734375 0.065625 0.0921875 0.05625
0 0.7078125 0.0984375 0.103125 0.0640625
0 0.690625 0.1421875 0.1046875 0.065625
0 0.6640625 0.2140625 0.10625 0.0625
0 0.621875 0.284375 0.090625 0.0609375
