0 0.8171875 0.0609375 0.0796875 0.0328125
0 0.65 0.0703125 0.2328125 0.065625
0 0.1515625 0.053125 0.2109375 0.0671875
0 0.6 0.95 0.1296875 0.053125
0 0.2484375 0.5703125 0.1734375 0.1140625
0 0.7828125 0.9546875 0.146875 0.0578125
0 0.0875 0.9515625 0.1203125 0.0515625
0 0.0875 0.834375 0.1171875 0.0515625
0 0.675 0.5984375 0.20625 0.0453125
0 0.7859375 0.6796875 0.146875 0.046875
0 0.790625 0.746875 0.140625 0.0484375
0 0.6109375 0.6734375 0.1328125 0.053125
0 0.7765625 0.8828125 0.1453125 0.0515625
0 0.246875 0.9390625 0.14375 0.046875
0 0.10625 0.5921875 0.11875 0.0390625
0 0.253125 0.659375 0.1296875 0.0453125
0 0.2578125 0.7328125 0.1296875 0.05
0 0.096875 0.7171875 0.1203125 0.0484375
0 0.2640625 0.7984375 0.1421875 0.05625
0 0.246875 0.86875 0.140625 0.053125
