0 0.55625 0.546875 0.134375 0.053125
0 0.5546875 0.4125 0.11875 0.0546875
0 0.5609375 0.3421875 0.1328125 0.0453125
0 0.553125 0.4796875 0.1203125 0.04375
0 0.6328125 0.625 0.2109375 0.0671875
0 0.715625 0.55 0.1234375 0.0484375
0 0.2421875 0.0140625 0.115625 0.0453125
0 0.2375 0.0734375 0.1078125 0.0421875
0 0.23125 0.128125 0.1125 0.0390625
0 0.225 0.190625 0.1078125 0.0375
0 0.2328125 0.246875 0.1125 0.0421875
0 0.2265625 0.3109375 0.1046875 0.0375
0 0.2234375 0.3609375 0.1078125 0.0390625
0 0.225 0.425 0.0984375 0.0390625
0 0.2203125 0.4875 0.096875 0.03125
0 0.225 0.5390625 0.115625 0.0421875
0 0.2015625 0.6078125 0.165625 0.0484375
0 0.075 0.534375 0.11875 0.046875
0 0.0796875 0.4765625 0.1203125 0.046875
0 0.0859375 0.4171875 0.0984375 0.0421875
0 0.0828125 0.3578125 0.1078125 0.04375
0 0.0890625 0.3 0.1015625 0.0484375
0 0.0875 0.2390625 0.109375 0.0453125
0 0.0859375 0.1828125 0.11875 0.0453125
0 0.084375 0.1328125 0.075 0.034375
0 0.0921875 0.0578125 0.103125 0.040625
0 0.5609375 0.0859375 0.1328125 0.05
0 0.5625 0.021875 0.115625 0.046875
0 0.7296875 0.028125 0.1328125 0.0609375
0 0.725 0.0921875 0.1203125 0.0453125
0 0.5703125 0.153125 0.11875 0.05
0 0.725 0.159375 0.1265625 0.046875
0 0.7203125 0.225 0.1265625 0.0515625
0 0.7328125 0.290625 0.1203125 0.0515625
0 0.5671875 0.221875 0.11875 0.0515625
0 0.5703125 0.2859375 0.1203125 0.0453125
0 0.721875 0.35 0.1109375 0.0421875
0 0.71875 0.4203125 0.1328125 0.0453125
0 0.7171875 0.4890625 0.1328125 0.046875
0 0.0875 0.0171875 0.075 0.0296875
0 0.79375 0.0921875 0.025 0.0359375
