0 0.975 0.2046875 0.0859375 0.0375
0 0.8859375 0.221875 0.0640625 0.0296875
0 0.8890625 0.25 0.0625 0.0296875
0 0.990625 0.28125 0.075 0.03125
0 0.8953125 0.278125 0.06875 0.0328125
0 0.9 0.3046875 0.065625 0.028125
0 0.903125 0.33125 0.065625 0.028125
0 0.99375 0.3140625 0.0875 0.0390625
0 0.8828125 0.1671875 0.0625 0.03125
0 0.9703125 0.1640625 0.0859375 0.0390625
0 0.875 0.1140625 0.0609375 0.0265625
0 0.2734375 0.21875 0.0515625 0.025
0 0.1578125 0.01875 0.08125 0.034375
0 0.25 0.028125 0.05625 0.025
0 0.2546875 0.08125 0.0515625 0.0265625
0 0.2578125 0.109375 0.0515625 0.0265625
0 0.2640625 0.1359375 0.053125 0.0234375
0 0.2671875 0.1640625 0.05625 0.0234375
0 0.278125 0.271875 0.0546875 0.025
0 0.2890625 0.3265625 0.0484375 0.021875
0 0.296875 0.3546875 0.0578125 0.025
0 0.303125 0.4078125 0.053125 0.0265625
0 0.253125 0.4515625 0.0828125 0.0515625
0 0.2203125 0.415625 0.071875 0.03125
0 0.209375 0.378125 0.0921875 0.0375
0 0.1890625 0.30625 0.0703125 0.0328125
0 0.1890625 0.2703125 0.071875 0.034375
0 0.1890625 0.2328125 0.0890625 0.0390625
0 0.178125 0.1625 0.071875 0.0328125
0 0.1640625 0.0484375 0.0890625 0.0390625
0 0.1703125 0.0890625 0.0796875 0.0375
0 0.965625 0.09375 0.1015625 0.0453125
0 0.6265625 0.1390625 0.0578125 0.0296875
0 0.7203125 0.2703125 0.06875 0.0265625
0 0.725 0.3 0.0671875 0.0296875
0 0.728125 0.3265625 0.06875 0.0296875
0 0.7375 0.3515625 0.0671875 0.028125
0 0.6546875 0.3625 0.0640625 0.0296875
0 0.65 0.3328125 0.0609375 0.028125
0 0.6421875 0.278125 0.0578125 0.028125
0 0.6375 0.246875 0.0609375 0.0265625
0 0.6359375 0.221875 0.05625 0.025
0 0.63125 0.1953125 0.05625 0.025
0 0.6265625 0.109375 0.05625 0.028125
0 0.70625 0.190625 0.0640625 0.028125
0 0.6171875 0.0546875 0.0515625 0.0265625
0 0.8625 0.028125 0.0453125 0.0234375
0 0.865625 0.059375 0.0640625 0.028125
0 0.8734375 0.0875 0.065625 0.028125
0 0.7140625 0.2421875 0.0671875 0.0296875
0 0.703125 0.1625 0.065625 0.0296875
0 0.434375 0.3375 0.0609375 0.0265625
0 0.465625 0.0171875 0.053125 0.028125
0 0.4734375 0.0453125 0.0578125 0.0265625
0 0.475 0.0734375 0.053125 0.025
0 0.4765625 0.1015625 0.05 0.0234375
0 0.4875 0.153125 0.053125 0.0234375
0 0.4984375 0.26875 0.053125 0.0265625
0 0.50625 0.353125 0.05625 0.025
0 0.5125 0.3796875 0.0546875 0.025
0 0.46875 0.415625 0.0796875 0.0390625
0 0.4453125 0.3890625 0.0515625 0.025
0 0.4296875 0.2796875 0.0578125 0.025
0 0.696875 0.10625 0.0578125 0.0296875
0 0.4140625 0.171875 0.0578125 0.0265625
0 0.4 0.0625 0.0578125 0.028125
0 0.4 0.034375 0.0546875 0.0265625
0 0.609375 0.0 0.053125 0.0265625
0 0.6890625 0.0265625 0.06875 0.0265625
0 0.690625 0.053125 0.059375 0.0265625
0 0.69375 0.0796875 0.065625 0.0265625
0 0.684375 0.4 0.08125 0.0453125
0 0.9953125 0.359375 0.0890625 0.0578125
0 0.175 0.3359375 0.0234375 0.01875
0 0.4390625 0.25 0.021875 0.025
