0 0.8828125 0.3765625 0.0859375 0.0375
0 0.79375 0.39375 0.0640625 0.0296875
0 0.796875 0.421875 0.0625 0.0296875
0 0.8984375 0.453125 0.075 0.03125
0 0.803125 0.45 0.06875 0.0328125
0 0.8078125 0.4765625 0.065625 0.028125
0 0.8109375 0.503125 0.065625 0.028125
0 0.9015625 0.4859375 0.0875 0.0390625
0 0.790625 0.3390625 0.0625 0.03125
0 0.878125 0.3359375 0.0859375 0.0390625
0 0.7828125 0.2859375 0.0609375 0.0265625
0 0.18125 0.390625 0.0515625 0.025
0 0.065625 0.190625 0.08125 0.034375
0 0.14375 0.14375 0.053125 0.0234375
0 0.1578125 0.2 0.05625 0.025
0 0.1625 0.253125 0.0515625 0.0265625
0 0.165625 0.28125 0.0515625 0.0265625
0 0.171875 0.3078125 0.053125 0.0234375
0 0.175 0.3359375 0.05625 0.0234375
0 0.1859375 0.44375 0.0546875 0.025
0 0.196875 0.4984375 0.0484375 0.021875
0 0.2046875 0.5265625 0.0578125 0.025
0 0.2109375 0.5796875 0.053125 0.0265625
0 0.1609375 0.6234375 0.0828125 0.0515625
0 0.128125 0.5875 0.071875 0.03125
0 0.1171875 0.55 0.0921875 0.0375
0 0.096875 0.478125 0.0703125 0.0328125
0 0.096875 0.4421875 0.071875 0.034375
0 0.096875 0.4046875 0.0890625 0.0390625
0 0.0859375 0.334375 0.071875 0.0328125
0 0.071875 0.2203125 0.0890625 0.0390625
0 0.078125 0.2609375 0.0796875 0.0375
0 0.29375 0.125 0.0578125 0.025
0 0.8734375 0.265625 0.1015625 0.0453125
0 0.534375 0.3109375 0.0578125 0.0296875
0 0.628125 0.4421875 0.06875 0.0265625
0 0.6328125 0.471875 0.0671875 0.0296875
0 0.6359375 0.4984375 0.06875 0.0296875
0 0.6453125 0.5234375 0.0671875 0.028125
0 0.5625 0.534375 0.0640625 0.0296875
0 0.5578125 0.5046875 0.0609375 0.028125
0 0.55 0.45 0.0578125 0.028125
0 0.5453125 0.41875 0.0609375 0.0265625
0 0.54375 0.39375 0.05625 0.025
0 0.5390625 0.3671875 0.05625 0.025
0 0.534375 0.28125 0.05625 0.028125
0 0.6140625 0.3625 0.0640625 0.028125
0 0.525 0.2265625 0.0515625 0.0265625
0 0.8484375 0.0890625 0.0890625 0.0328125
0 0.8484375 0.0484375 0.0921875 0.0390625
0 0.753125 0.065625 0.0734375 0.03125
0 0.7671875 0.121875 0.0546875 0.0296875
0 0.85625 0.159375 0.0828125 0.034375
0 0.8515625 0.1203125 0.0734375 0.03125
0 0.7703125 0.2 0.0453125 0.0234375
0 0.7734375 0.23125 0.0640625 0.028125
0 0.78125 0.259375 0.065625 0.028125
0 0.621875 0.4140625 0.0671875 0.0296875
0 0.6109375 0.334375 0.065625 0.0296875
0 0.36875 0.1375 0.05625 0.025
0 0.3421875 0.509375 0.0609375 0.0265625
0 0.3734375 0.1890625 0.053125 0.028125
0 0.38125 0.2171875 0.0578125 0.0265625
0 0.3828125 0.2453125 0.053125 0.025
0 0.384375 0.2734375 0.05 0.0234375
0 0.3953125 0.325 0.053125 0.0234375
0 0.40625 0.440625 0.053125 0.0265625
0 0.4140625 0.525 0.05625 0.025
0 0.4203125 0.5515625 0.0546875 0.025
0 0.3765625 0.5875 0.0796875 0.0390625
0 0.353125 0.5609375 0.0515625 0.025
0 0.3375 0.4515625 0.0578125 0.025
0 0.6046875 0.278125 0.0578125 0.0296875
0 0.321875 0.34375 0.0578125 0.0265625
0 0.3078125 0.234375 0.0578125 0.028125
0 0.3078125 0.20625 0.0546875 0.0265625
0 0.5859375 0.0875 0.059375 0.0265625
0 0.5875 0.115625 0.0625 0.03125
0 0.5109375 0.14375 0.0640625 0.0296875
0 0.5171875 0.171875 0.053125 0.0265625
0 0.596875 0.1984375 0.06875 0.0265625
0 0.5984375 0.225 0.059375 0.0265625
0 0.6015625 0.2515625 0.065625 0.0265625
0 0.5921875 0.571875 0.08125 0.0453125
0 0.903125 0.53125 0.0890625 0.0578125
0 0.503125 0.0859375 0.0359375 0.0234375
0 0.0828125 0.5078125 0.0234375 0.01875
0 0.346875 0.421875 0.021875 0.025
0 0.9453125 0.484375 0.0125 0.021875
