0 0.13125 0.309375 0.09375 0.034375
0 0.1359375 0.4203125 0.0953125 0.034375
0 0.1328125 0.5234375 0.0984375 0.04375
0 0.1375 0.63125 0.10625 0.0390625
0 0.1390625 0.6796875 0.1078125 0.0328125
0 0.128125 0.7328125 0.096875 0.0328125
0 0.1296875 0.8796875 0.075 0.034375
0 0.11875 0.9328125 0.0828125 0.03125
0 0.1234375 0.9765625 0.09375 0.03125
0 0.1015625 0.590625 0.0453125 0.046875
0 0.50625 0.871875 0.0359375 0.03125
0 0.396875 0.9640625 0.103125 0.0390625
0 0.54375 0.953125 0.125 0.0453125
0 0.3984375 0.90625 0.1 0.0421875
0 0.540625 0.8359375 0.1078125 0.04375
0 0.55 0.7859375 0.128125 0.040625
0 0.403125 0.8015625 0.1 0.0421875
0 0.39375 0.8625 0.065625 0.025
0 0.403125 0.75625 0.084375 0.0390625
0 0.5515625 0.7265625 0.125 0.0453125
0 0.4015625 0.6953125 0.109375 0.0390625
0 0.553125 0.671875 0.11875 0.0390625
0 0.4046875 0.64375 0.109375 0.0453125
0 0.5484375 0.6140625 0.1203125 0.0453125
0 0.4109375 0.5890625 0.103125 0.04375
0 0.4140625 0.5375 0.1 0.034375
0 0.546875 0.559375 0.1234375 0.040625
0 0.5515625 0.4953125 0.11875 0.0421875
0 0.55625 0.4453125 0.1203125 0.0421875
0 0.4015625 0.4765625 0.0953125 0.04375
0 0.8671875 0.8703125 0.1125 0.05
0 0.859375 0.9890625 0.1140625 0.0453125
0 0.8609375 0.9359375 0.1109375 0.04375
0 0.8625 0.8140625 0.1078125 0.0484375
0 0.8703125 0.7515625 0.1171875 0.05
0 0.8671875 0.6984375 0.1203125 0.0515625
0 0.8671875 0.58125 0.1171875 0.0515625
0 0.415625 0.43125 0.10625 0.0375
0 0.571875 0.3875 0.125 0.05625
0 0.5203125 0.3140625 0.1984375 0.06875
0 0.8859375 0.3390625 0.11875 0.0390625
0 0.8765625 0.4640625 0.1203125 0.0484375
