0 0.8890625 0.2046875 0.1703125 0.0578125
0 0.8890625 0.05625 0.16875 0.0546875
0 0.8859375 0.1328125 0.178125 0.0578125
0 0.8875 0.290625 0.1390625 0.0515625
0 0.2765625 0.78125 0.0609375 0.034375
0 0.26875 0.14375 0.1484375 0.059375
0 0.690625 0.253125 0.13125 0.0390625
0 0.66875 0.3859375 0.1421875 0.05
0 0.68125 0.5234375 0.1453125 0.053125
0 0.659375 0.6578125 0.15 0.0546875
0 0.665625 0.7265625 0.1578125 0.065625
0 0.6546875 0.796875 0.1625 0.0546875
0 0.6609375 0.8609375 0.15 0.046875
0 0.85 0.8828125 0.159375 0.0546875
0 0.846875 0.8046875 0.1515625 0.0546875
0 0.8640625 0.7359375 0.178125 0.0609375
0 0.8671875 0.659375 0.1765625 0.0609375
0 0.878125 0.5078125 0.1953125 0.065625
0 0.8734375 0.434375 0.1859375 0.05625
0 0.8765625 0.3625 0.171875 0.0609375
0 0.6859375 0.1109375 0.1609375 0.059375
0 0.7171875 0.05 0.065625 0.040625
0 0.0640625 0.834375 0.075 0.0328125
0 0.2625 0.2765625 0.1328125 0.0453125
0 0.2625 0.3484375 0.1421875 0.05625
0 0.2625 0.41875 0.1484375 0.0515625
0 0.2671875 0.4921875 0.134375 0.0453125
0 0.2546875 0.628125 0.1640625 0.0640625
0 0.2265625 0.7484375 0.078125 0.03125
0 0.2953125 0.8296875 0.1625 0.0640625
0 0.2875 0.9078125 0.053125 0.0265625
0 0.1046875 0.815625 0.0671875 0.0328125
0 0.0796875 0.7546875 0.1328125 0.046875
0 0.0890625 0.415625 0.121875 0.05
0 0.075 0.3328125 0.071875 0.0296875
0 0.0953125 0.2796875 0.1203125 0.0484375
0 0.09375 0.2078125 0.128125 0.0515625
0 0.0890625 0.0734375 0.1296875 0.04375
0 0.0984375 0.0046875 0.1296875 0.053125
0 0.2390625 0.5375 0.05 0.0328125
0 0.1015625 0.1484375 0.05625 0.046875
0 0.084375 0.1234375 0.04375 0.0234375
0 0.0375 0.9 0.0453125 0.0328125
0 0.9 0.56875 0.046875 0.034375
0 0.9859375 0.5109375 0.0234375 0.0484375
0 0.9703125 0.3734375 0.0234375 0.05
0 0.98125 0.209375 0.01875 0.046875
0 0.0890625 0.9 0.0609375 0.0328125
0 0.2671875 0.2125 0.15 0.0484375
0 0.2703125 0.071875 0.1390625 0.0515625
0 0.28125 0.009375 0.146875 0.0578125
