0 0.5109375 0.9859375 0.1484375 0.059375
0 0.928125 0.953125 0.1609375 0.059375
0 0.959375 0.8921875 0.065625 0.040625
0 0.934375 0.8046875 0.153125 0.0609375
0 0.9359375 0.7359375 0.1453125 0.0546875
0 0.33125 0.915625 0.1296875 0.04375
0 0.340625 0.846875 0.1296875 0.053125
0 0.94375 0.5890625 0.159375 0.0546875
0 0.34375 0.990625 0.05625 0.046875
0 0.3265625 0.965625 0.04375 0.0234375
0 0.9 0.525 0.071875 0.0328125
0 0.5125 0.9140625 0.1390625 0.0515625
0 0.5234375 0.8515625 0.146875 0.0578125
0 0.415625 0.4953125 0.20625 0.0453125
0 0.5265625 0.5765625 0.146875 0.046875
0 0.53125 0.64375 0.140625 0.0484375
0 0.3515625 0.5703125 0.1328125 0.053125
0 0.5171875 0.7796875 0.1453125 0.0515625
0 0.0046875 0.6953125 0.1421875 0.05625
