0 0.3921875 0.040625 0.10625 0.0390625
0 0.39375 0.0890625 0.1078125 0.0328125
0 0.3828125 0.1421875 0.096875 0.0328125
0 0.384375 0.2890625 0.075 0.034375
0 0.3734375 0.3421875 0.0828125 0.03125
0 0.371875 0.434375 0.0859375 0.028125
0 0.378125 0.3859375 0.09375 0.03125
0 0.3703125 0.525 0.09375 0.0296875
0 0.35625 0.0 0.0453125 0.046875
0 0.7609375 0.28125 0.0359375 0.03125
0 0.36875 0.5734375 0.0953125 0.0328125
0 0.790625 0.4734375 0.10625 0.040625
0 0.790625 0.425 0.10625 0.0328125
0 0.6515625 0.4203125 0.0921875 0.0359375
0 0.6515625 0.3734375 0.103125 0.0390625
0 0.7984375 0.3625 0.125 0.0453125
0 0.653125 0.315625 0.1 0.0421875
0 0.7953125 0.2453125 0.1078125 0.04375
0 0.8046875 0.1953125 0.128125 0.040625
0 0.6578125 0.2109375 0.1 0.0421875
0 0.6484375 0.271875 0.065625 0.025
0 0.6578125 0.165625 0.084375 0.0390625
0 0.80625 0.1359375 0.125 0.0453125
0 0.65625 0.1046875 0.109375 0.0390625
0 0.8078125 0.08125 0.11875 0.0390625
0 0.659375 0.053125 0.109375 0.0453125
0 0.803125 0.0234375 0.1203125 0.0453125
0 0.65 0.478125 0.109375 0.04375
0 0.6453125 0.53125 0.1046875 0.04375
0 0.7953125 0.528125 0.11875 0.04375
0 0.6359375 0.85 0.096875 0.046875
0 0.3703125 0.61875 0.0984375 0.034375
0 0.3671875 0.6671875 0.096875 0.0359375
0 0.3640625 0.7140625 0.0765625 0.028125
0 0.365625 0.75625 0.0625 0.028125
0 0.3640625 0.80625 0.0890625 0.034375
0 0.371875 0.8515625 0.1015625 0.0375
0 0.63125 0.9125 0.0796875 0.0296875
0 0.7953125 0.8953125 0.078125 0.0296875
0 0.625 0.8046875 0.075 0.0296875
0 0.7890625 0.5828125 0.11875 0.034375
0 0.78125 0.8140625 0.10625 0.046875
0 0.7875 0.7453125 0.11875 0.0421875
0 0.6375 0.7421875 0.1 0.040625
0 0.6453125 0.69375 0.0984375 0.040625
0 0.78125 0.6953125 0.1078125 0.0453125
0 0.784375 0.640625 0.115625 0.0375
0 0.6453125 0.640625 0.096875 0.0359375
0 0.6453125 0.59375 0.0984375 0.0375
0 0.8921875 0.921875 0.0703125 0.0453125
0 0.9609375 0.9203125 0.0640625 0.0328125
