0 0.340625 0.6109375 0.1390625 0.0453125
0 0.3671875 0.678125 0.0796875 0.0328125
0 0.2 0.6875 0.2328125 0.065625
0 0.1671875 0.609375 0.1453125 0.046875
0 0.1671875 0.540625 0.1453125 0.05625
0 0.1625 0.46875 0.1546875 0.0578125
0 0.1703125 0.4 0.14375 0.0578125
0 0.1671875 0.3328125 0.140625 0.05
0 0.1828125 0.2578125 0.1296875 0.0453125
0 0.171875 0.1953125 0.1453125 0.0515625
0 0.18125 0.125 0.146875 0.053125
0 0.1859375 0.05625 0.1421875 0.0515625
0 0.3421875 0.54375 0.146875 0.0546875
0 0.3390625 0.4671875 0.1359375 0.0453125
0 0.3375 0.396875 0.1171875 0.0375
0 0.3515625 0.3359375 0.1390625 0.05
0 0.3578125 0.0546875 0.1296875 0.046875
0 0.3625 0.1265625 0.1484375 0.053125
0 0.353125 0.1984375 0.153125 0.053125
0 0.35 0.265625 0.1515625 0.059375
0 0.8 0.7125 0.20625 0.0875
0 0.771875 0.0296875 0.1640625 0.0578125
0 0.76875 0.10625 0.171875 0.0578125
0 0.778125 0.2546875 0.153125 0.0609375
0 0.765625 0.3203125 0.1421875 0.040625
0 0.76875 0.396875 0.1453125 0.053125
0 0.76875 0.4765625 0.1421875 0.0546875
0 0.7578125 0.546875 0.1578125 0.05625
0 0.7609375 0.615625 0.15625 0.053125
0 0.95625 0.621875 0.1875 0.065625
0 0.971875 0.54375 0.1765625 0.05625
0 0.9734375 0.465625 0.1796875 0.0546875
0 0.975 0.3890625 0.1828125 0.059375
0 0.9703125 0.3125 0.1609375 0.059375
0 0.9734375 0.240625 0.18125 0.059375
0 0.96875 0.1625 0.16875 0.05
0 0.9671875 0.0890625 0.146875 0.0484375
0 0.9828125 0.0171875 0.1671875 0.065625
0 0.090625 0.40625 0.025 0.040625
