0 0.178125 0.05625 0.15 0.05
0 0.346875 0.03125 0.115625 0.040625
0 0.328125 0.0890625 0.096875 0.040625
0 0.175 0.1125 0.11875 0.04375
0 0.3203125 0.190625 0.1078125 0.046875
0 0.740625 0.325 0.1046875 0.0359375
0 0.6 0.275 0.115625 0.046875
0 0.6046875 0.215625 0.0984375 0.040625
0 0.7359375 0.221875 0.0890625 0.0375
0 0.7546875 0.1203125 0.1 0.040625
0 0.7484375 0.0734375 0.0984375 0.0359375
0 0.60625 0.0984375 0.125 0.046875
0 0.7390625 0.2734375 0.1140625 0.0390625
0 0.59375 0.3265625 0.121875 0.046875
0 0.5890625 0.3890625 0.1109375 0.0484375
0 0.1671875 0.178125 0.1234375 0.0453125
0 0.165625 0.2375 0.11875 0.05
0 0.325 0.2484375 0.11875 0.0484375
0 0.3109375 0.2984375 0.1109375 0.0453125
0 0.3140625 0.3578125 0.115625 0.040625
0 0.309375 0.4078125 0.121875 0.05
0 0.3046875 0.4609375 0.1125 0.040625
0 0.303125 0.5125 0.1109375 0.034375
0 0.2953125 0.5671875 0.1171875 0.0421875
0 0.2875 0.621875 0.109375 0.046875
0 0.1546875 0.3609375 0.128125 0.0515625
0 0.1453125 0.41875 0.125 0.0484375
0 0.1421875 0.4828125 0.128125 0.053125
0 0.1375 0.54375 0.134375 0.046875
0 0.13125 0.6046875 0.1296875 0.0546875
0 0.165625 0.7546875 0.0671875 0.15
0 0.0859375 0.753125 0.1125 0.2203125
0 0.2390625 0.76875 0.075 0.2078125
0 0.321875 0.7609375 0.0796875 0.19375
0 0.7203125 0.7609375 0.08125 0.1953125
0 0.5515625 0.7640625 0.10625 0.2109375
0 0.7046875 0.6234375 0.0984375 0.0484375
0 0.7203125 0.471875 0.10625 0.040625
0 0.5765625 0.5015625 0.103125 0.0390625
0 0.58125 0.446875 0.1203125 0.0484375
0 0.96875 0.26875 0.1015625 0.04375
0 0.9484375 0.4625 0.1 0.0359375
0 0.94375 0.55625 0.1046875 0.04375
0 0.9421875 0.6078125 0.11875 0.046875
0 0.9171875 0.75625 0.096875 0.203125
