0 0.146875 0.9484375 0.1734375 0.0671875
0 0.35 0.9796875 0.140625 0.0625
0 0.35625 0.909375 0.1546875 0.053125
0 0.1515625 0.875 0.1875 0.0640625
0 0.1671875 0.7953125 0.1625 0.0578125
0 0.3703125 0.8390625 0.16875 0.0578125
0 0.375 0.7703125 0.1625 0.05
0 0.375 0.6984375 0.146875 0.0546875
0 0.1671875 0.7171875 0.1765625 0.0625
0 0.1703125 0.6390625 0.1828125 0.0671875
0 0.3734375 0.6234375 0.1484375 0.053125
0 0.38125 0.55625 0.1578125 0.05625
0 0.18125 0.55625 0.190625 0.0640625
0 0.3828125 0.4859375 0.1421875 0.0578125
0 0.9625 0.934375 0.15 0.05
0 0.9625 0.8703125 0.1453125 0.0484375
0 0.975 0.803125 0.128125 0.046875
0 0.971875 0.7328125 0.146875 0.0515625
0 0.9765625 0.6703125 0.1453125 0.0625
0 0.984375 0.5359375 0.1515625 0.0625
0 0.7890625 0.5203125 0.1875 0.0703125
0 0.7796875 0.5921875 0.16875 0.071875
0 0.784375 0.66875 0.1578125 0.0640625
0 0.7765625 0.74375 0.1796875 0.065625
0 0.775 0.8171875 0.1671875 0.059375
0 0.765625 0.8953125 0.1640625 0.065625
0 0.759375 0.9671875 0.153125 0.0625
0 0.5046875 0.4375 0.06875 0.0421875
0 0.8453125 0.4609375 0.053125 0.0328125
0 0.7921875 0.45625 0.05 0.025
0 0.73125 0.453125 0.04375 0.025
0 0.678125 0.4484375 0.05 0.0296875
