0 0.959375 0.8234375 0.1734375 0.0671875
0 0.9640625 0.75 0.1875 0.0640625
0 0.9796875 0.6703125 0.1625 0.0578125
0 0.9796875 0.5921875 0.1765625 0.0625
0 0.9828125 0.5140625 0.1828125 0.0671875
0 0.99375 0.43125 0.190625 0.0640625
0 0.95625 0.9015625 0.1640625 0.06875
0 0.3046875 0.2953125 0.228125 0.0859375
0 0.515625 0.3125 0.153125 0.0703125
0 0.540625 0.3859375 0.18125 0.06875
0 0.521875 0.45625 0.153125 0.0625
0 0.5046875 0.5390625 0.171875 0.071875
0 0.290625 0.371875 0.225 0.071875
0 0.503125 0.6140625 0.1453125 0.0625
0 0.29375 0.4484375 0.1953125 0.0703125
0 0.9421875 0.9828125 0.1828125 0.06875
0 0.2890625 0.51875 0.1890625 0.071875
0 0.2953125 0.5875 0.18125 0.0671875
0 0.290625 0.6546875 0.1765625 0.071875
0 0.5171875 0.6890625 0.1890625 0.075
0 0.5046875 0.7640625 0.1625 0.0640625
0 0.3015625 0.725 0.1734375 0.0578125
0 0.290625 0.7890625 0.15625 0.05625
0 0.4921875 0.84375 0.153125 0.059375
0 0.4921875 0.9109375 0.1453125 0.0484375
0 0.2859375 0.85 0.16875 0.05625
0 0.29375 0.9171875 0.128125 0.0515625
0 0.490625 0.99375 0.1875 0.0578125
0 0.2859375 0.978125 0.1484375 0.0578125
0 0.253125 0.225 0.0578125 0.0328125
0 0.3375 0.234375 0.0546875 0.03125
0 0.3875 0.2375 0.05 0.0296875
