0 0.228125 0.2515625 0.1421875 0.0546875
0 0.24375 0.0484375 0.1375 0.05625
0 0.4171875 0.0828125 0.115625 0.0546875
0 0.415625 0.146875 0.1359375 0.046875
0 0.40625 0.2125 0.134375 0.0484375
0 0.2296875 0.1125 0.1578125 0.0640625
0 0.2234375 0.1859375 0.1609375 0.0515625
0 0.2140625 0.31875 0.1421875 0.0578125
0 0.40625 0.271875 0.1390625 0.0515625
0 0.403125 0.3375 0.134375 0.0515625
0 0.390625 0.3984375 0.1171875 0.0421875
0 0.3921875 0.4609375 0.121875 0.046875
0 0.384375 0.525 0.1359375 0.046875
0 0.2203125 0.446875 0.125 0.053125
0 0.2125 0.3796875 0.1453125 0.0578125
0 0.190625 0.678125 0.075 0.2046875
0 0.2890625 0.6875 0.0828125 0.196875
0 0.3703125 0.6734375 0.0765625 0.2015625
0 0.6640625 0.6625 0.0609375 0.1921875
0 0.75625 0.6578125 0.075 0.16875
0 0.90625 0.6859375 0.0859375 0.1859375
0 0.875 0.5375 0.1234375 0.05625
0 0.715625 0.5234375 0.1203125 0.053125
0 0.71875 0.459375 0.125 0.053125
0 0.8890625 0.4734375 0.1203125 0.05625
0 0.8875 0.4109375 0.1234375 0.0484375
0 0.728125 0.390625 0.1453125 0.059375
0 0.728125 0.328125 0.128125 0.053125
0 0.8984375 0.353125 0.1171875 0.0390625
0 0.9 0.2921875 0.1421875 0.053125
0 0.7375 0.259375 0.1328125 0.053125
0 0.7390625 0.1953125 0.1296875 0.05
0 0.9015625 0.228125 0.1296875 0.0390625
0 0.90625 0.16875 0.134375 0.0609375
0 0.9125 0.1046875 0.1296875 0.0453125
0 0.91875 0.0484375 0.134375 0.0484375
0 0.753125 0.0 0.146875 0.0578125
0 0.196875 0.5109375 0.1640625 0.0578125
