0 0.925 0.671875 0.1515625 0.05
0 0.91875 0.7359375 0.1296875 0.053125
0 0.9140625 0.796875 0.1625 0.0578125
0 0.9140625 0.865625 0.1375 0.05625
0 0.9 0.9296875 0.1578125 0.0640625
0 0.934375 0.6046875 0.1375 0.0578125
0 0.940625 0.534375 0.1328125 0.05
0 0.96875 0.071875 0.1375 0.0515625
0 0.9625 0.1359375 0.1453125 0.059375
0 0.959375 0.20625 0.1546875 0.059375
0 0.953125 0.2734375 0.1265625 0.0578125
0 0.94375 0.4015625 0.1546875 0.059375
0 0.9453125 0.4734375 0.134375 0.0609375
0 0.53125 0.9796875 0.1453125 0.053125
0 0.5359375 0.9140625 0.1609375 0.053125
0 0.54375 0.8453125 0.146875 0.05
0 0.534375 0.78125 0.1453125 0.053125
0 0.5453125 0.7125 0.1359375 0.05
0 0.553125 0.646875 0.1546875 0.05625
0 0.55625 0.5796875 0.1375 0.053125
0 0.5609375 0.5109375 0.1375 0.059375
0 0.5734375 0.44375 0.15 0.05
0 0.5734375 0.3796875 0.1453125 0.0484375
0 0.5859375 0.3125 0.128125 0.046875
0 0.5828125 0.2421875 0.146875 0.0515625
0 0.5875 0.1796875 0.1453125 0.0625
0 0.5953125 0.0453125 0.1515625 0.0625
0 0.4 0.0296875 0.1875 0.0703125
0 0.390625 0.1015625 0.16875 0.071875
0 0.3953125 0.178125 0.1578125 0.0640625
0 0.3875 0.253125 0.1796875 0.065625
0 0.3859375 0.3265625 0.1671875 0.059375
0 0.3765625 0.4046875 0.1640625 0.065625
0 0.3703125 0.4765625 0.153125 0.0625
0 0.3640625 0.5515625 0.1671875 0.06875
0 0.35 0.696875 0.175 0.059375
0 0.34375 0.84375 0.1625 0.0625
0 0.3390625 0.921875 0.175 0.0765625
0 0.325 0.9953125 0.1703125 0.06875
