0 0.3046875 0.046875 0.1734375 0.0671875
0 0.5078125 0.078125 0.140625 0.0625
0 0.5140625 0.0078125 0.1546875 0.053125
0 0.3015625 0.125 0.1640625 0.06875
0 0.5171875 0.15 0.1734375 0.0609375
0 0.5015625 0.2875 0.1671875 0.0625
0 0.9171875 0.065625 0.153125 0.0625
0 0.9109375 0.140625 0.1671875 0.06875
0 0.896875 0.2859375 0.175 0.059375
0 0.890625 0.4328125 0.1625 0.0625
0 0.8859375 0.5109375 0.175 0.0765625
0 0.871875 0.584375 0.1703125 0.06875
0 0.871875 0.6578125 0.1859375 0.0671875
0 0.8609375 0.7359375 0.175 0.075
0 0.8578125 0.8046875 0.1546875 0.0640625
0 0.853125 0.878125 0.171875 0.0671875
0 0.846875 0.9515625 0.1640625 0.0640625
0 0.5046875 0.2203125 0.159375 0.0578125
0 0.4359375 0.928125 0.1421875 0.0640625
0 0.45625 0.859375 0.1828125 0.065625
0 0.2421875 0.8296875 0.175 0.0671875
0 0.23125 0.9078125 0.159375 0.0625
0 0.446875 0.7828125 0.15 0.0546875
0 0.4578125 0.71875 0.1578125 0.0609375
0 0.246875 0.75 0.16875 0.0640625
0 0.2484375 0.675 0.184375 0.0625
0 0.4625 0.6453125 0.1390625 0.053125
0 0.475 0.575 0.1578125 0.053125
0 0.2546875 0.5953125 0.178125 0.06875
0 0.4734375 0.5015625 0.1328125 0.0546875
0 0.4796875 0.43125 0.1765625 0.05
0 0.2734375 0.43125 0.1375 0.0515625
0 0.2828125 0.35625 0.15 0.0609375
0 0.271875 0.284375 0.165625 0.0625
0 0.2875 0.20625 0.1828125 0.06875
