0 0.584375 0.80625 0.15625 0.053125
0 0.5828125 0.8890625 0.1484375 0.0609375
0 0.6 0.7328125 0.1765625 0.059375
0 0.4203125 0.6203125 0.1203125 0.0515625
0 0.6515625 0.0625 0.1453125 0.0484375
0 0.4453125 0.0015625 0.16875 0.05625
0 0.453125 0.06875 0.128125 0.0515625
0 0.65 0.1453125 0.1875 0.0578125
0 0.4453125 0.1296875 0.1484375 0.0578125
0 0.45 0.1890625 0.14375 0.059375
0 0.65 0.2234375 0.15625 0.059375
0 0.640625 0.2875 0.1671875 0.0671875
0 0.44375 0.246875 0.134375 0.0546875
0 0.45 0.2984375 0.109375 0.04375
0 0.44375 0.3515625 0.1 0.04375
0 0.6203125 0.3640625 0.16875 0.0625
0 0.6109375 0.4390625 0.16875 0.0625
0 0.4375 0.4046875 0.1046875 0.0390625
0 0.41875 0.5046875 0.1171875 0.04375
0 0.4 0.5625 0.1421875 0.0515625
0 0.6046875 0.5859375 0.1546875 0.059375
0 0.5953125 0.6625 0.165625 0.06875
0 0.425 0.7265625 0.1125 0.0515625
0 0.4015625 0.8421875 0.1421875 0.171875
