0 0.46875 0.490625 0.1421875 0.0546875
0 0.6734375 0.0703125 0.128125 0.040625
0 0.684375 0.1359375 0.1453125 0.0578125
0 0.4953125 0.09375 0.1515625 0.05
0 0.4890625 0.1578125 0.1296875 0.053125
0 0.6625 0.196875 0.125 0.0453125
0 0.484375 0.21875 0.1625 0.0578125
0 0.484375 0.2875 0.1375 0.05625
0 0.6578125 0.321875 0.115625 0.0546875
0 0.65625 0.3859375 0.1359375 0.046875
0 0.646875 0.4515625 0.134375 0.0484375
0 0.4703125 0.3515625 0.1578125 0.0640625
0 0.4640625 0.425 0.1609375 0.0515625
0 0.4546875 0.5578125 0.1421875 0.0578125
0 0.646875 0.5109375 0.1390625 0.0515625
0 0.64375 0.5765625 0.134375 0.0515625
0 0.63125 0.6375 0.1171875 0.0421875
0 0.6328125 0.7 0.121875 0.046875
0 0.625 0.7640625 0.1359375 0.046875
0 0.4609375 0.6859375 0.125 0.053125
0 0.453125 0.61875 0.1453125 0.0578125
0 0.43125 0.9171875 0.075 0.2046875
0 0.5296875 0.9265625 0.0828125 0.196875
0 0.6109375 0.9125 0.0765625 0.2015625
0 0.9046875 0.9015625 0.0609375 0.1921875
0 0.996875 0.896875 0.075 0.16875
0 0.5046875 0.0265625 0.1375 0.0578125
0 0.678125 0.003125 0.1234375 0.046875
0 0.95625 0.7625 0.1203125 0.053125
0 0.959375 0.6984375 0.125 0.053125
0 0.96875 0.6296875 0.1453125 0.059375
0 0.96875 0.5671875 0.128125 0.053125
0 0.978125 0.4984375 0.1328125 0.053125
0 0.9796875 0.434375 0.1296875 0.05
0 0.99375 0.2390625 0.146875 0.0578125
0 0.996875 0.18125 0.115625 0.053125
0 0.1078125 0.9578125 0.0640625 0.1515625
0 0.0546875 0.8046875 0.1359375 0.05625
0 0.065625 0.7359375 0.15 0.0625
0 0.08125 0.596875 0.1140625 0.059375
0 0.084375 0.5375 0.1515625 0.0515625
0 0.078125 0.46875 0.1546875 0.0546875
0 0.1015625 0.4015625 0.1453125 0.053125
0 0.10625 0.3359375 0.1609375 0.053125
0 0.1140625 0.2671875 0.146875 0.05
0 0.1046875 0.203125 0.1453125 0.053125
0 0.115625 0.134375 0.1359375 0.05
0 0.1234375 0.06875 0.1546875 0.05625
0 0.1265625 0.0015625 0.1375 0.053125
0 0.0390625 0.9390625 0.0671875 0.16875
0 0.4375 0.75 0.1640625 0.0578125
