0 0.940625 0.9296875 0.075 0.1484375
0 0.8609375 0.91875 0.0703125 0.1515625
0 0.7875 0.9078125 0.071875 0.1484375
0 0.7171875 0.89375 0.075 0.1515625
0 0.015625 0.7484375 0.0625 0.11875
0 0.0328125 0.9484375 0.0484375 0.0875
0 0.084375 0.959375 0.075 0.15625
0 0.20625 0.965625 0.0703125 0.14375
0 0.2609375 0.990625 0.06875 0.14375
0 0.3265625 0.9875 0.071875 0.13125
0 0.5765625 0.8484375 0.0796875 0.1640625
0 0.5046875 0.8453125 0.084375 0.16875
0 0.6546875 0.21875 0.084375 0.1640625
0 0.428125 0.8375 0.071875 0.15
0 0.35625 0.83125 0.0703125 0.1421875
0 0.284375 0.8109375 0.0734375 0.1484375
0 0.21875 0.7984375 0.0796875 0.1515625
0 0.2 0.3375 0.065625 0.146875
0 0.3390625 0.146875 0.0859375 0.184375
0 0.4203125 0.1578125 0.078125 0.184375
0 0.3046875 0.34375 0.0734375 0.165625
0 0.484375 0.178125 0.0578125 0.11875
0 0.375 0.3609375 0.075 0.1671875
0 0.459375 0.3734375 0.084375 0.1828125
0 0.540625 0.3953125 0.0828125 0.1734375
0 0.7359375 0.2265625 0.078125 0.159375
0 0.61875 0.4078125 0.0890625 0.175
0 0.7015625 0.421875 0.0734375 0.1453125
0 0.821875 0.25 0.0734375 0.1671875
0 0.9015625 0.259375 0.0765625 0.1875
0 0.790625 0.4375 0.0703125 0.14375
0 0.871875 0.4609375 0.0828125 0.146875
0 0.95 0.4765625 0.0703125 0.175
0 0.9984375 0.2765625 0.0640625 0.1421875
0 0.078125 0.25 0.040625 0.053125
