0 0.8875 0.7546875 0.059375 0.128125
0 0.878125 0.1984375 0.0734375 0.1546875
0 0.946875 0.2109375 0.0828125 0.1625
0 0.9015625 0.3859375 0.08125 0.1625
0 0.8421875 0.365625 0.0765625 0.1453125
0 0.6640625 0.3296875 0.0640625 0.146875
0 0.7875 0.3515625 0.05625 0.1234375
0 0.8046875 0.1765625 0.075 0.1484375
0 0.725 0.165625 0.0703125 0.1515625
0 0.6515625 0.1546875 0.071875 0.1484375
0 0.58125 0.140625 0.075 0.1515625
0 0.6046875 0.315625 0.059375 0.1234375
0 0.5484375 0.3109375 0.0703125 0.14375
0 0.0703125 0.2125 0.0703125 0.14375
0 0.125 0.2375 0.06875 0.14375
0 0.190625 0.234375 0.071875 0.13125
0 0.25 0.2484375 0.0703125 0.1390625
0 0.8984375 0.909375 0.0640625 0.125
0 0.30625 0.2609375 0.0671875 0.13125
0 0.428125 0.2890625 0.059375 0.134375
0 0.440625 0.0953125 0.0796875 0.1640625
0 0.36875 0.0921875 0.084375 0.16875
0 0.2921875 0.084375 0.071875 0.15
0 0.2203125 0.078125 0.0703125 0.1421875
0 0.1484375 0.0578125 0.0734375 0.1484375
0 0.0828125 0.0453125 0.0796875 0.1515625
0 0.84375 0.8953125 0.0578125 0.115625
0 0.8203125 0.7390625 0.071875 0.140625
0 0.7359375 0.8796875 0.0671875 0.134375
0 0.365625 0.2796875 0.0828125 0.1578125
0 0.4546875 0.66875 0.06875 0.1296875
0 0.0234375 0.5890625 0.0453125 0.1125
0 0.1515625 0.603125 0.078125 0.1625
0 0.2125 0.6265625 0.0515625 0.1046875
0 0.0828125 0.75 0.0546875 0.1265625
0 0.1375 0.7640625 0.0609375 0.115625
0 0.1875 0.778125 0.0453125 0.0828125
0 0.2734375 0.6265625 0.075 0.1453125
0 0.390625 0.6578125 0.0671875 0.1375
0 0.515625 0.6734375 0.075 0.1453125
0 0.246875 0.7828125 0.0640625 0.115625
0 0.2984375 0.7875 0.0625 0.11875
0 0.35 0.809375 0.065625 0.134375
0 0.40625 0.8171875 0.05625 0.1125
0 0.459375 0.8328125 0.046875 0.1
0 0.5171875 0.8375 0.0578125 0.1125
0 0.6390625 0.70625 0.0765625 0.153125
0 0.703125 0.715625 0.071875 0.140625
0 0.7625 0.7203125 0.0640625 0.134375
0 0.525 0.95625 0.0875 0.0578125
0 0.6265625 0.8578125 0.0640625 0.11875
0 0.678125 0.8640625 0.0640625 0.1234375
