0 0.5875 0.003125 0.0453125 0.0609375
0 0.5609375 0.015625 0.0421875 0.0546875
0 0.5359375 0.03125 0.04375 0.059375
0 0.5078125 0.0453125 0.05 0.0640625
0 0.48125 0.0578125 0.04375 0.0625
0 0.45625 0.0734375 0.04375 0.0625
0 0.4296875 0.0875 0.046875 0.065625
0 0.4015625 0.1015625 0.046875 0.0640625
0 0.375 0.1140625 0.0453125 0.0625
0 0.3203125 0.1390625 0.0421875 0.059375
0 0.278125 0.1640625 0.05 0.0671875
0 0.19375 0.1203125 0.0515625 0.06875
0 0.225 0.1125 0.0421875 0.0546875
0 0.26875 0.090625 0.0359375 0.0453125
0 0.290625 0.0765625 0.0453125 0.05625
0 0.340625 0.046875 0.0453125 0.059375
0 0.365625 0.0375 0.0375 0.0484375
0 0.39375 0.015625 0.0421875 0.0515625
0 0.23125 0.1796875 0.040625 0.05
0 0.2125 0.1953125 0.0390625 0.0515625
0 0.1859375 0.20625 0.03125 0.059375
0 0.9890625 0.640625 0.0265625 0.0609375
0 0.9125 0.7859375 0.05 0.0671875
0 0.65 0.81875 0.0515625 0.0734375
0 0.675 0.80625 0.0578125 0.078125
0 0.7015625 0.7921875 0.059375 0.075
0 0.728125 0.778125 0.0515625 0.071875
0 0.7578125 0.7640625 0.059375 0.0796875
0 0.7859375 0.746875 0.0625 0.08125
0 0.8078125 0.73125 0.0625 0.075
0 0.8359375 0.71875 0.059375 0.075
0 0.5265625 0.990625 0.0578125 0.0859375
0 0.55 0.975 0.0546875 0.0765625
0 0.5828125 0.9703125 0.05625 0.0765625
0 0.60625 0.946875 0.05 0.0671875
0 0.6328125 0.93125 0.0578125 0.0796875
0 0.6625 0.915625 0.0515625 0.075
0 0.771875 0.8609375 0.059375 0.078125
0 0.859375 0.8265625 0.06875 0.096875
0 0.8875 0.8078125 0.071875 0.103125
0 0.85 0.059375 0.046875 0.0625
0 0.14375 0.209375 0.0390625 0.0484375
0 0.1421875 0.503125 0.01875 0.0375
0 0.6203125 0.8328125 0.059375 0.0796875
0 0.59375 0.85 0.0578125 0.075
0 0.565625 0.865625 0.0546875 0.0765625
0 0.2125 0.403125 0.0359375 0.0484375
0 0.14375 0.3671875 0.021875 0.0421875
0 0.1734375 0.496875 0.025 0.06875
0 0.2 0.4828125 0.0375 0.0515625
0 0.225 0.475 0.0421875 0.05625
0 0.24375 0.4609375 0.0375 0.05625
0 0.26875 0.4546875 0.0484375 0.0703125
0 0.340625 0.4171875 0.0484375 0.065625
0 0.3671875 0.4046875 0.0484375 0.0671875
0 0.39375 0.390625 0.0453125 0.0609375
0 0.4171875 0.3765625 0.046875 0.065625
0 0.44375 0.3671875 0.053125 0.0671875
0 0.465625 0.353125 0.053125 0.065625
0 0.5171875 0.328125 0.0546875 0.0671875
0 0.540625 0.3109375 0.0640625 0.078125
0 0.5671875 0.3 0.0546875 0.06875
0 0.5921875 0.2875 0.05 0.0625
0 0.6203125 0.275 0.040625 0.05
0 0.64375 0.2625 0.05625 0.071875
0 0.665625 0.2453125 0.05 0.0703125
0 0.690625 0.2375 0.0609375 0.078125
0 0.7140625 0.2203125 0.0484375 0.0640625
0 0.7390625 0.2078125 0.0421875 0.0578125
0 0.7890625 0.1828125 0.046875 0.0640625
0 0.8109375 0.16875 0.0515625 0.065625
0 0.8625 0.1515625 0.0640625 0.0875
0 0.190625 0.4109375 0.0390625 0.0546875
0 0.2375 0.390625 0.040625 0.0484375
0 0.5359375 0.88125 0.0578125 0.0765625
0 0.25625 0.378125 0.0453125 0.0546875
0 0.7765625 0.1015625 0.046875 0.0625
0 0.7515625 0.1140625 0.0390625 0.0515625
0 0.7265625 0.1234375 0.046875 0.0609375
0 0.6296875 0.1765625 0.0421875 0.05625
0 0.5546875 0.21875 0.0453125 0.059375
0 0.53125 0.2328125 0.0421875 0.059375
0 0.5046875 0.246875 0.0375 0.0515625
0 0.4796875 0.2578125 0.0421875 0.053125
0 0.4546875 0.2703125 0.0421875 0.0609375
0 0.4328125 0.2828125 0.0390625 0.0515625
0 0.3796875 0.309375 0.0484375 0.065625
0 0.328125 0.334375 0.04375 0.0625
0 0.3046875 0.353125 0.0375 0.05
0 0.2828125 0.365625 0.0375 0.046875
0 0.9078125 0.11875 0.0609375 0.0765625
0 0.959375 0.0890625 0.05 0.065625
0 0.9828125 0.0484375 0.0703125 0.10625
0 0.1765625 0.725 0.05 0.0640625
0 0.5 0.6515625 0.053125 0.0703125
0 0.4703125 0.665625 0.0609375 0.071875
0 0.446875 0.68125 0.05 0.075
0 0.4203125 0.6890625 0.0515625 0.06875
0 0.3703125 0.715625 0.05 0.0734375
0 0.34375 0.7296875 0.0578125 0.0765625
0 0.3171875 0.7453125 0.05625 0.071875
0 0.2671875 0.771875 0.0546875 0.0734375
0 0.2171875 0.790625 0.04375 0.0578125
0 0.190625 0.8 0.0359375 0.0546875
0 0.1625 0.834375 0.021875 0.09375
0 0.9453125 0.3625 0.0734375 0.1046875
0 0.128125 0.8796875 0.0171875 0.04375
0 0.125 0.95 0.021875 0.04375
0 0.3140625 0.9953125 0.059375 0.078125
0 0.3421875 0.98125 0.0546875 0.0765625
0 0.3703125 0.96875 0.0546875 0.071875
0 0.396875 0.95625 0.0546875 0.0703125
0 0.425 0.9390625 0.0546875 0.0765625
0 0.484375 0.9078125 0.05625 0.075
0 0.509375 0.8953125 0.053125 0.075
0 0.525 0.634375 0.05 0.06875
0 0.575 0.609375 0.0515625 0.071875
0 0.603125 0.596875 0.0515625 0.0671875
0 0.6625 0.46875 0.0546875 0.065625
0 0.2015625 0.709375 0.0359375 0.0515625
0 0.33125 0.6421875 0.053125 0.0734375
0 0.3578125 0.634375 0.0453125 0.0625
0 0.3875 0.6203125 0.040625 0.0578125
0 0.409375 0.60625 0.0484375 0.0640625
0 0.4359375 0.590625 0.053125 0.06875
0 0.4875 0.559375 0.0484375 0.0703125
0 0.5609375 0.51875 0.053125 0.075
0 0.5890625 0.509375 0.0515625 0.06875
0 0.6140625 0.4953125 0.05625 0.0671875
0 0.6390625 0.48125 0.053125 0.06875
0 0.7171875 0.4390625 0.05 0.065625
0 0.63125 0.5859375 0.05 0.0625
0 0.765625 0.4125 0.053125 0.065625
0 0.790625 0.396875 0.053125 0.0671875
0 0.8921875 0.346875 0.05625 0.075
0 0.925 0.4171875 0.053125 0.0671875
0 0.865625 0.4671875 0.0578125 0.0671875
0 0.8046875 0.4859375 0.05 0.071875
0 0.778125 0.4984375 0.053125 0.06875
0 0.75625 0.51875 0.05625 0.08125
0 0.7296875 0.5265625 0.0484375 0.0703125
0 0.7015625 0.54375 0.0515625 0.075
0 0.675 0.5578125 0.05625 0.0765625
