0 0.60625 0.0 0.04375 0.0625
0 0.58125 0.015625 0.04375 0.0625
0 0.5546875 0.0296875 0.046875 0.065625
0 0.5265625 0.04375 0.046875 0.0640625
0 0.5 0.05625 0.0453125 0.0625
0 0.4453125 0.08125 0.0421875 0.059375
0 0.403125 0.10625 0.05 0.0671875
0 0.31875 0.0625 0.0515625 0.06875
0 0.35 0.0546875 0.0421875 0.0546875
0 0.39375 0.0328125 0.0359375 0.0453125
0 0.415625 0.01875 0.0453125 0.05625
0 0.35625 0.121875 0.040625 0.05
0 0.3375 0.1375 0.0390625 0.0515625
0 0.3109375 0.1484375 0.03125 0.059375
0 0.2453125 0.9796875 0.0234375 0.0484375
0 0.775 0.7609375 0.0515625 0.0734375
0 0.8 0.7484375 0.0578125 0.078125
0 0.8265625 0.734375 0.059375 0.075
0 0.853125 0.7203125 0.0515625 0.071875
0 0.8828125 0.70625 0.059375 0.0796875
0 0.9109375 0.6890625 0.0625 0.08125
0 0.9328125 0.6734375 0.0625 0.075
0 0.9609375 0.6609375 0.059375 0.075
0 0.5359375 0.9921875 0.0640625 0.084375
0 0.61875 0.953125 0.040625 0.0546875
0 0.6359375 0.9453125 0.040625 0.0546875
0 0.6515625 0.9328125 0.0578125 0.0859375
0 0.675 0.9171875 0.0546875 0.0765625
0 0.7078125 0.9125 0.05625 0.0765625
0 0.73125 0.8890625 0.05 0.0671875
0 0.7578125 0.8734375 0.0578125 0.0796875
0 0.7875 0.8578125 0.0515625 0.075
0 0.896875 0.803125 0.059375 0.078125
0 0.984375 0.76875 0.06875 0.096875
0 0.975 0.0015625 0.046875 0.0625
0 0.26875 0.1515625 0.0390625 0.0484375
0 0.2671875 0.4453125 0.01875 0.0375
0 0.7453125 0.775 0.059375 0.0796875
0 0.71875 0.7921875 0.0578125 0.075
0 0.690625 0.8078125 0.0546875 0.0765625
0 0.3375 0.3453125 0.0359375 0.0484375
0 0.26875 0.309375 0.021875 0.0421875
0 0.2984375 0.4390625 0.025 0.06875
0 0.325 0.425 0.0375 0.0515625
0 0.35 0.4171875 0.0421875 0.05625
0 0.36875 0.403125 0.0375 0.05625
0 0.39375 0.396875 0.0484375 0.0703125
0 0.465625 0.359375 0.0484375 0.065625
0 0.4921875 0.346875 0.0484375 0.0671875
0 0.51875 0.3328125 0.0453125 0.0609375
0 0.5421875 0.31875 0.046875 0.065625
0 0.56875 0.309375 0.053125 0.0671875
0 0.590625 0.2953125 0.053125 0.065625
0 0.6421875 0.2703125 0.0546875 0.0671875
0 0.665625 0.253125 0.0640625 0.078125
0 0.6921875 0.2421875 0.0546875 0.06875
0 0.7171875 0.2296875 0.05 0.0625
0 0.7453125 0.2171875 0.040625 0.05
0 0.76875 0.2046875 0.05625 0.071875
0 0.790625 0.1875 0.05 0.0703125
0 0.815625 0.1796875 0.0609375 0.078125
0 0.8390625 0.1625 0.0484375 0.0640625
0 0.8640625 0.15 0.0421875 0.0578125
0 0.9140625 0.125 0.046875 0.0640625
0 0.9359375 0.1109375 0.0515625 0.065625
0 0.9875 0.09375 0.0640625 0.0875
0 0.315625 0.353125 0.0390625 0.0546875
0 0.3625 0.3328125 0.040625 0.0484375
0 0.6609375 0.8234375 0.0578125 0.0765625
0 0.38125 0.3203125 0.0453125 0.0546875
0 0.9015625 0.04375 0.046875 0.0625
0 0.8765625 0.05625 0.0390625 0.0515625
0 0.8515625 0.065625 0.046875 0.0609375
0 0.7546875 0.11875 0.0421875 0.05625
0 0.6796875 0.1609375 0.0453125 0.059375
0 0.65625 0.175 0.0421875 0.059375
0 0.6296875 0.1890625 0.0375 0.0515625
0 0.6046875 0.2 0.0421875 0.053125
0 0.5796875 0.2125 0.0421875 0.0609375
0 0.5578125 0.225 0.0390625 0.0515625
0 0.5046875 0.2515625 0.0484375 0.065625
0 0.453125 0.2765625 0.04375 0.0625
0 0.4296875 0.2953125 0.0375 0.05
0 0.4078125 0.3078125 0.0375 0.046875
0 0.3015625 0.6671875 0.05 0.0640625
0 0.625 0.59375 0.053125 0.0703125
0 0.5953125 0.6078125 0.0609375 0.071875
0 0.571875 0.6234375 0.05 0.075
0 0.5453125 0.63125 0.0515625 0.06875
0 0.4953125 0.6578125 0.05 0.0734375
0 0.46875 0.671875 0.0578125 0.0765625
0 0.4421875 0.6875 0.05625 0.071875
0 0.3921875 0.7140625 0.0546875 0.0734375
0 0.3421875 0.7328125 0.04375 0.0578125
0 0.315625 0.7421875 0.0359375 0.0546875
0 0.2875 0.7765625 0.021875 0.09375
0 0.253125 0.821875 0.0171875 0.04375
0 0.25 0.8921875 0.021875 0.04375
0 0.3421875 0.996875 0.0484375 0.0609375
0 0.39375 0.971875 0.0453125 0.059375
0 0.41875 0.9609375 0.04375 0.059375
0 0.4390625 0.9375 0.059375 0.078125
0 0.4671875 0.9234375 0.0546875 0.0765625
0 0.4953125 0.9109375 0.0546875 0.071875
0 0.521875 0.8984375 0.0546875 0.0703125
0 0.55 0.88125 0.0546875 0.0765625
0 0.609375 0.85 0.05625 0.075
0 0.634375 0.8375 0.053125 0.075
0 0.65 0.5765625 0.05 0.06875
0 0.7 0.5515625 0.0515625 0.071875
0 0.728125 0.5390625 0.0515625 0.0671875
0 0.7875 0.4109375 0.0546875 0.065625
0 0.3265625 0.6515625 0.0359375 0.0515625
0 0.45625 0.584375 0.053125 0.0734375
0 0.4828125 0.5765625 0.0453125 0.0625
0 0.5125 0.5625 0.040625 0.0578125
0 0.534375 0.5484375 0.0484375 0.0640625
0 0.5609375 0.5328125 0.053125 0.06875
0 0.6125 0.5015625 0.0484375 0.0703125
0 0.6859375 0.4609375 0.053125 0.075
0 0.7140625 0.4515625 0.0515625 0.06875
0 0.7390625 0.4375 0.05625 0.0671875
0 0.7640625 0.4234375 0.053125 0.06875
0 0.8421875 0.38125 0.05 0.065625
0 0.75625 0.528125 0.05 0.0625
0 0.890625 0.3546875 0.053125 0.065625
0 0.915625 0.3390625 0.053125 0.0671875
0 0.990625 0.409375 0.0578125 0.0671875
0 0.9296875 0.428125 0.05 0.071875
0 0.903125 0.440625 0.053125 0.06875
0 0.88125 0.4609375 0.05625 0.08125
0 0.8546875 0.46875 0.0484375 0.0703125
0 0.8265625 0.4859375 0.0515625 0.075
0 0.8 0.5 0.05625 0.0765625
