0 0.9 0.703125 0.053125 0.125
0 0.846875 0.6953125 0.06875 0.1328125
0 0.7375 0.671875 0.0640625 0.140625
0 0.6875 0.653125 0.05625 0.11875
0 0.634375 0.646875 0.059375 0.121875
0 0.5234375 0.628125 0.0640625 0.125
0 0.2828125 0.428125 0.040625 0.084375
0 0.3359375 0.440625 0.059375 0.1234375
0 0.878125 0.5515625 0.0640625 0.128125
0 0.771875 0.51875 0.0578125 0.1203125
0 0.7125 0.515625 0.05625 0.121875
0 0.5515625 0.48125 0.065625 0.1359375
0 0.65625 0.0109375 0.0609375 0.1296875
0 0.715625 0.01875 0.0484375 0.1015625
0 0.7671875 0.0296875 0.0625 0.134375
0 0.821875 0.0453125 0.0578125 0.1140625
0 0.875 0.05625 0.0640625 0.128125
0 0.9328125 0.0609375 0.0625 0.1296875
0 0.9578125 0.715625 0.0625 0.1171875
0 0.984375 0.565625 0.0546875 0.121875
0 0.5125 0.1375 0.0578125 0.1078125
0 0.9546875 0.221875 0.0515625 0.10625
0 0.9 0.20625 0.0609375 0.1203125
0 0.8453125 0.20625 0.053125 0.10625
0 0.7859375 0.1921875 0.0625 0.1390625
0 0.7375 0.1828125 0.0609375 0.1140625
0 0.575 0.153125 0.0390625 0.103125
0 0.6796875 0.175 0.05625 0.1140625
0 0.628125 0.1578125 0.05625 0.125
0 0.4640625 0.1234375 0.0578125 0.115625
0 0.4125 0.121875 0.0625 0.134375
0 0.35625 0.1125 0.05 0.1015625
0 0.303125 0.0921875 0.0609375 0.128125
0 0.2484375 0.0828125 0.0453125 0.0875
0 0.1921875 0.075 0.05625 0.11875
0 0.1359375 0.0640625 0.05625 0.1171875
0 0.0859375 0.0515625 0.0546875 0.0984375
