0 0.84375 0.6828125 0.0734375 0.1546875
0 0.9125 0.6953125 0.0828125 0.1625
0 0.9921875 0.7015625 0.0765625 0.1390625
0 0.9859375 0.88125 0.0703125 0.1390625
0 0.8671875 0.8703125 0.08125 0.1625
0 0.8078125 0.85 0.0765625 0.1453125
0 0.6296875 0.8140625 0.0640625 0.146875
0 0.753125 0.8359375 0.05625 0.1234375
0 0.7703125 0.6609375 0.075 0.1484375
0 0.690625 0.65 0.0703125 0.1515625
0 0.6171875 0.6390625 0.071875 0.1484375
0 0.546875 0.625 0.075 0.1515625
0 0.5703125 0.8 0.059375 0.1234375
0 0.5140625 0.7953125 0.0703125 0.14375
0 0.0359375 0.696875 0.0703125 0.14375
0 0.090625 0.721875 0.06875 0.14375
0 0.15625 0.71875 0.071875 0.13125
0 0.215625 0.7328125 0.0703125 0.1390625
0 0.271875 0.7453125 0.0671875 0.13125
0 0.39375 0.7734375 0.059375 0.134375
0 0.40625 0.5796875 0.0796875 0.1640625
0 0.334375 0.5765625 0.084375 0.16875
0 0.2578125 0.56875 0.071875 0.15
0 0.1859375 0.5625 0.0703125 0.1421875
0 0.1140625 0.5421875 0.0734375 0.1484375
0 0.0484375 0.5296875 0.0796875 0.1515625
0 0.0296875 0.06875 0.065625 0.146875
0 0.134375 0.075 0.0734375 0.165625
0 0.2046875 0.0921875 0.075 0.1671875
0 0.2890625 0.1046875 0.084375 0.1828125
0 0.3703125 0.1265625 0.0828125 0.1734375
0 0.971875 0.0390625 0.0828125 0.16875
0 0.4484375 0.1390625 0.0890625 0.175
0 0.53125 0.153125 0.0734375 0.1453125
0 0.6203125 0.16875 0.0703125 0.14375
0 0.7015625 0.1921875 0.0828125 0.146875
0 0.7796875 0.2078125 0.0703125 0.175
0 0.828125 0.0078125 0.0640625 0.1421875
0 0.903125 0.0171875 0.08125 0.1859375
0 0.859375 0.215625 0.078125 0.16875
0 0.9390625 0.2375 0.09375 0.184375
0 0.33125 0.7640625 0.0828125 0.1578125
