0 0.2671875 0.0078125 0.05 0.0671875
0 0.1921875 0.9921875 0.046875 0.0640625
0 0.2203125 0.0234375 0.040625 0.05
0 0.2015625 0.0390625 0.0390625 0.0515625
0 0.175 0.05 0.03125 0.059375
0 0.109375 0.88125 0.0234375 0.0484375
0 0.1390625 0.9453125 0.0171875 0.04375
0 0.15625 0.9234375 0.0421875 0.0578125
0 0.753125 0.984375 0.059375 0.0765625
0 0.7765625 0.96875 0.05625 0.0765625
0 0.8046875 0.946875 0.05625 0.0671875
0 0.10625 0.94375 0.0203125 0.0421875
0 0.978125 0.484375 0.0265625 0.0609375
0 0.9015625 0.6296875 0.05 0.0671875
0 0.6390625 0.6625 0.0515625 0.0734375
0 0.6640625 0.65 0.0578125 0.078125
0 0.690625 0.6359375 0.059375 0.075
0 0.7171875 0.621875 0.0515625 0.071875
0 0.746875 0.6078125 0.059375 0.0796875
0 0.775 0.590625 0.0625 0.08125
0 0.796875 0.575 0.0625 0.075
0 0.825 0.5625 0.059375 0.075
0 0.2171875 0.98125 0.046875 0.0671875
0 0.2453125 0.975 0.0640625 0.0859375
0 0.2703125 0.959375 0.065625 0.08125
0 0.3203125 0.934375 0.0625 0.078125
0 0.346875 0.925 0.05625 0.0734375
0 0.4 0.89375 0.0640625 0.084375
0 0.4828125 0.8546875 0.040625 0.0546875
0 0.5 0.846875 0.040625 0.0546875
0 0.515625 0.834375 0.0578125 0.0859375
0 0.5390625 0.81875 0.0546875 0.0765625
0 0.571875 0.8140625 0.05625 0.0765625
0 0.5953125 0.790625 0.05 0.0671875
0 0.621875 0.775 0.0578125 0.0796875
0 0.6515625 0.759375 0.0515625 0.075
0 0.7609375 0.7046875 0.059375 0.078125
0 0.8484375 0.6703125 0.06875 0.096875
0 0.8765625 0.6515625 0.071875 0.103125
0 0.8375 0.9375 0.0640625 0.084375
0 0.1328125 0.053125 0.0390625 0.0484375
0 0.13125 0.346875 0.01875 0.0375
0 0.609375 0.6765625 0.059375 0.0796875
0 0.5828125 0.69375 0.0578125 0.075
0 0.5546875 0.709375 0.0546875 0.0765625
0 0.2015625 0.246875 0.0359375 0.0484375
0 0.1328125 0.2109375 0.021875 0.0421875
0 0.1625 0.340625 0.025 0.06875
0 0.1890625 0.3265625 0.0375 0.0515625
0 0.2140625 0.31875 0.0421875 0.05625
0 0.2328125 0.3046875 0.0375 0.05625
0 0.2578125 0.2984375 0.0484375 0.0703125
0 0.3296875 0.2609375 0.0484375 0.065625
0 0.35625 0.2484375 0.0484375 0.0671875
0 0.3828125 0.234375 0.0453125 0.0609375
0 0.40625 0.2203125 0.046875 0.065625
0 0.4328125 0.2109375 0.053125 0.0671875
0 0.4546875 0.196875 0.053125 0.065625
0 0.50625 0.171875 0.0546875 0.0671875
0 0.5296875 0.1546875 0.0640625 0.078125
0 0.55625 0.14375 0.0546875 0.06875
0 0.58125 0.13125 0.05 0.0625
0 0.609375 0.11875 0.040625 0.05
0 0.6328125 0.10625 0.05625 0.071875
0 0.6546875 0.0890625 0.05 0.0703125
0 0.6796875 0.08125 0.0609375 0.078125
0 0.703125 0.0640625 0.0484375 0.0640625
0 0.728125 0.0515625 0.0421875 0.0578125
0 0.778125 0.0265625 0.046875 0.0640625
0 0.8 0.0125 0.0515625 0.065625
0 0.1796875 0.2546875 0.0390625 0.0546875
0 0.2265625 0.234375 0.040625 0.0484375
0 0.525 0.725 0.0578125 0.0765625
0 0.2453125 0.221875 0.0453125 0.0546875
0 0.61875 0.0203125 0.0421875 0.05625
0 0.54375 0.0625 0.0453125 0.059375
0 0.5203125 0.0765625 0.0421875 0.059375
0 0.49375 0.090625 0.0375 0.0515625
0 0.46875 0.1015625 0.0421875 0.053125
0 0.44375 0.1140625 0.0421875 0.0609375
0 0.421875 0.1265625 0.0390625 0.0515625
0 0.36875 0.153125 0.0484375 0.065625
0 0.3171875 0.178125 0.04375 0.0625
0 0.29375 0.196875 0.0375 0.05
0 0.271875 0.209375 0.0375 0.046875
0 0.165625 0.56875 0.05 0.0640625
0 0.4890625 0.4953125 0.053125 0.0703125
0 0.459375 0.509375 0.0609375 0.071875
0 0.4359375 0.525 0.05 0.075
0 0.409375 0.5328125 0.0515625 0.06875
0 0.359375 0.559375 0.05 0.0734375
0 0.3328125 0.5734375 0.0578125 0.0765625
0 0.30625 0.5890625 0.05625 0.071875
0 0.25625 0.615625 0.0546875 0.0734375
0 0.20625 0.634375 0.04375 0.0578125
0 0.1796875 0.64375 0.0359375 0.0546875
0 0.1515625 0.678125 0.021875 0.09375
0 0.934375 0.20625 0.0734375 0.1046875
0 0.1171875 0.7234375 0.0171875 0.04375
0 0.1140625 0.79375 0.021875 0.04375
0 0.1828125 0.9125 0.046875 0.0625
0 0.20625 0.8984375 0.0484375 0.0609375
0 0.2578125 0.8734375 0.0453125 0.059375
0 0.2828125 0.8625 0.04375 0.059375
0 0.303125 0.8390625 0.059375 0.078125
0 0.33125 0.825 0.0546875 0.0765625
0 0.359375 0.8125 0.0546875 0.071875
0 0.3859375 0.8 0.0546875 0.0703125
0 0.4140625 0.7828125 0.0546875 0.0765625
0 0.4734375 0.7515625 0.05625 0.075
0 0.4984375 0.7390625 0.053125 0.075
0 0.5140625 0.478125 0.05 0.06875
0 0.5640625 0.453125 0.0515625 0.071875
0 0.5921875 0.440625 0.0515625 0.0671875
0 0.6515625 0.3125 0.0546875 0.065625
0 0.190625 0.553125 0.0359375 0.0515625
0 0.3203125 0.4859375 0.053125 0.0734375
0 0.346875 0.478125 0.0453125 0.0625
0 0.3765625 0.4640625 0.040625 0.0578125
0 0.3984375 0.45 0.0484375 0.0640625
0 0.425 0.434375 0.053125 0.06875
0 0.4765625 0.403125 0.0484375 0.0703125
0 0.55 0.3625 0.053125 0.075
0 0.578125 0.353125 0.0515625 0.06875
0 0.603125 0.3390625 0.05625 0.0671875
0 0.628125 0.325 0.053125 0.06875
0 0.70625 0.2828125 0.05 0.065625
0 0.6203125 0.4296875 0.05 0.0625
0 0.7546875 0.25625 0.053125 0.065625
0 0.7796875 0.240625 0.053125 0.0671875
0 0.88125 0.190625 0.05625 0.075
0 0.9140625 0.2609375 0.053125 0.0671875
0 0.8546875 0.3109375 0.0578125 0.0671875
0 0.79375 0.3296875 0.05 0.071875
0 0.7671875 0.3421875 0.053125 0.06875
0 0.7453125 0.3625 0.05625 0.08125
0 0.71875 0.3703125 0.0484375 0.0703125
0 0.690625 0.3875 0.0515625 0.075
0 0.6640625 0.4015625 0.05625 0.0765625
