0 0.5421875 0.965625 0.065625 0.14375
0 0.6484375 0.5125 0.0765625 0.153125
0 0.5828125 0.4890625 0.084375 0.171875
0 0.5046875 0.4703125 0.08125 0.178125
0 0.4234375 0.453125 0.08125 0.171875
0 0.1921875 0.4015625 0.0578125 0.121875
0 0.1078125 0.3890625 0.065625 0.1375
0 0.021875 0.3734375 0.0875 0.171875
0 0.4625 0.9625 0.0859375 0.1703125
0 0.38125 0.9234375 0.0921875 0.1921875
0 0.2859375 0.91875 0.0828125 0.16875
0 0.0453125 0.8703125 0.0765625 0.1875
0 0.1421875 0.8875 0.0640625 0.1421875
0 0.2171875 0.896875 0.08125 0.1859375
