0 0.7328125 0.1203125 0.028125 0.0578125
0 0.6765625 0.1203125 0.0359375 0.059375
0 0.653125 0.125 0.0265625 0.0515625
0 0.6234375 0.125 0.0265625 0.0640625
0 0.6 0.1234375 0.028125 0.0578125
0 0.5734375 0.1265625 0.028125 0.0578125
0 0.5484375 0.1265625 0.025 0.05625
0 0.521875 0.13125 0.0234375 0.0546875
0 0.7125 0.2 0.0234375 0.0609375
0 0.4640625 0.13125 0.0359375 0.0578125
0 0.6828125 0.1984375 0.0234375 0.0625
0 0.6546875 0.203125 0.01875 0.04375
0 0.2578125 0.1390625 0.028125 0.0578125
0 0.284375 0.140625 0.028125 0.0578125
0 0.3109375 0.140625 0.0328125 0.0609375
0 0.4140625 0.134375 0.0296875 0.05625
0 0.3890625 0.1359375 0.025 0.059375
0 0.3375 0.1375 0.028125 0.0578125
0 0.3609375 0.1359375 0.025 0.0578125
0 0.2328125 0.14375 0.025 0.0609375
0 0.20625 0.1453125 0.025 0.0578125
0 0.178125 0.15 0.025 0.053125
0 0.1515625 0.1453125 0.0265625 0.0546875
0 0.63125 0.1984375 0.0265625 0.0578125
0 0.6046875 0.2 0.0234375 0.0546875
0 0.5765625 0.203125 0.025 0.0625
0 0.5234375 0.20625 0.028125 0.059375
0 0.4703125 0.2046875 0.028125 0.0515625
0 0.4453125 0.2125 0.0234375 0.059375
0 0.41875 0.215625 0.0234375 0.065625
0 0.39375 0.2109375 0.0265625 0.0578125
0 0.3640625 0.2125 0.025 0.0578125
0 0.315625 0.2203125 0.0296875 0.0609375
0 0.2890625 0.21875 0.025 0.0609375
0 0.2625 0.2203125 0.0296875 0.0703125
0 0.2359375 0.215625 0.025 0.0609375
0 0.209375 0.215625 0.0265625 0.053125
0 0.1828125 0.2203125 0.0234375 0.05625
0 0.1578125 0.2171875 0.028125 0.0578125
0 0.1296875 0.2265625 0.025 0.059375
0 0.359375 0.3703125 0.021875 0.05625
0 0.240625 0.44375 0.015625 0.0390625
0 0.2640625 0.44375 0.0234375 0.05
0 0.290625 0.440625 0.0234375 0.0515625
0 0.340625 0.4453125 0.021875 0.0546875
0 0.315625 0.44375 0.0171875 0.0453125
0 0.2875 0.3765625 0.025 0.0578125
0 0.3109375 0.375 0.021875 0.053125
0 0.3359375 0.371875 0.0234375 0.0546875
0 0.384375 0.3671875 0.021875 0.0515625
0 0.365625 0.4515625 0.021875 0.04375
0 0.3875 0.440625 0.0171875 0.04375
0 0.4109375 0.3703125 0.0234375 0.05
0 0.45625 0.36875 0.0296875 0.05625
0 0.4859375 0.365625 0.021875 0.0515625
0 0.5109375 0.3671875 0.021875 0.0546875
0 0.4390625 0.434375 0.025 0.053125
0 0.4109375 0.4359375 0.025 0.053125
0 0.2578125 0.375 0.0234375 0.0546875
0 0.2390625 0.38125 0.01875 0.046875
0 0.2125 0.3828125 0.0203125 0.046875
0 0.1859375 0.3828125 0.0203125 0.0453125
0 0.140625 0.453125 0.01875 0.0546875
0 0.1359375 0.3796875 0.0203125 0.0453125
0 0.1609375 0.384375 0.0234375 0.04375
0 0.16875 0.446875 0.01875 0.04375
0 0.2125 0.4453125 0.0265625 0.0546875
0 0.190625 0.446875 0.01875 0.046875
0 0.4625 0.434375 0.025 0.0515625
0 0.86875 0.6296875 0.0234375 0.0515625
0 0.4453125 0.58125 0.0234375 0.0546875
0 0.425 0.6484375 0.021875 0.053125
0 0.471875 0.646875 0.021875 0.05625
0 0.4984375 0.646875 0.0203125 0.05
0 0.4671875 0.58125 0.025 0.05
0 0.5171875 0.578125 0.0265625 0.05
0 0.546875 0.6421875 0.0296875 0.0546875
0 0.5203125 0.64375 0.0234375 0.0515625
0 0.746875 0.634375 0.021875 0.0515625
0 0.7234375 0.6375 0.021875 0.0453125
0 0.696875 0.6359375 0.0234375 0.05
0 0.646875 0.6421875 0.0265625 0.05625
0 0.8640625 0.5640625 0.025 0.0515625
0 0.840625 0.565625 0.0234375 0.05
0 0.81875 0.5640625 0.021875 0.05
0 0.79375 0.5625 0.021875 0.053125
0 0.765625 0.5671875 0.0234375 0.053125
0 0.7421875 0.5671875 0.0171875 0.04375
0 0.4203125 0.58125 0.0234375 0.0515625
0 0.3953125 0.584375 0.025 0.05625
0 0.8453125 0.6234375 0.0234375 0.0484375
0 0.371875 0.653125 0.028125 0.059375
0 0.821875 0.6296875 0.021875 0.0484375
0 0.2015625 0.6546875 0.0171875 0.0390625
0 0.15 0.6578125 0.0171875 0.04375
0 0.1765625 0.659375 0.0234375 0.0515625
0 0.146875 0.6015625 0.015625 0.040625
0 0.175 0.59375 0.0203125 0.0421875
0 0.1984375 0.59375 0.021875 0.04375
0 0.225 0.5921875 0.025 0.0453125
0 0.246875 0.5921875 0.0203125 0.046875
0 0.31875 0.5859375 0.025 0.05625
0 0.26875 0.5859375 0.0265625 0.059375
0 0.3671875 0.584375 0.025 0.0546875
0 0.34375 0.5875 0.025 0.05625
0 0.2734375 0.659375 0.021875 0.0546875
0 0.2984375 0.6578125 0.021875 0.0546875
0 0.325 0.6578125 0.0203125 0.0453125
0 0.35 0.653125 0.021875 0.0515625
0 0.2484375 0.6546875 0.025 0.0375
0 0.621875 0.640625 0.0203125 0.046875
0 0.8640625 0.10625 0.021875 0.05625
0 0.6921875 0.5671875 0.0234375 0.05
0 0.665625 0.5703125 0.025 0.05
0 0.61875 0.575 0.025 0.053125
0 0.8078125 0.1171875 0.028125 0.059375
0 0.7375 0.19375 0.0234375 0.053125
0 0.7640625 0.19375 0.025 0.0546875
0 0.759375 0.1203125 0.025 0.0625
0 0.78125 0.115625 0.025 0.059375
0 0.7875 0.2 0.021875 0.0640625
0 0.5921875 0.575 0.0234375 0.0515625
0 0.8140625 0.1953125 0.0234375 0.0640625
0 0.840625 0.190625 0.0234375 0.0578125
0 0.8671875 0.1953125 0.0234375 0.0640625
0 0.8390625 0.1140625 0.025 0.0640625
0 0.8859375 0.1078125 0.0265625 0.0578125
0 0.9140625 0.109375 0.021875 0.05625
0 0.940625 0.109375 0.021875 0.0578125
0 0.96875 0.1125 0.0265625 0.0578125
0 0.9953125 0.1078125 0.0265625 0.05
0 0.89375 0.1875 0.025 0.0625
0 0.9203125 0.1859375 0.021875 0.0546875
0 0.946875 0.184375 0.021875 0.05625
0 0.9734375 0.1890625 0.0265625 0.0640625
0 0.7375 0.4234375 0.0203125 0.0546875
0 0.7859375 0.421875 0.0234375 0.059375
0 0.809375 0.35625 0.0203125 0.040625
0 0.809375 0.4171875 0.0234375 0.0515625
0 0.8359375 0.415625 0.0203125 0.053125
0 0.8328125 0.3484375 0.025 0.053125
0 0.85625 0.3484375 0.025 0.0515625
0 0.88125 0.3453125 0.0234375 0.0515625
0 0.884375 0.4140625 0.025 0.0484375
0 0.90625 0.4109375 0.0265625 0.0515625
0 0.959375 0.4125 0.0203125 0.053125
0 0.9328125 0.4125 0.0203125 0.0484375
0 0.90625 0.346875 0.0265625 0.05
0 0.9328125 0.3453125 0.0234375 0.053125
0 0.953125 0.3453125 0.021875 0.05
0 0.9796875 0.34375 0.021875 0.0484375
0 0.7609375 0.4171875 0.0203125 0.05
0 0.7578125 0.353125 0.0265625 0.053125
0 0.984375 0.4125 0.0234375 0.0515625
0 0.7109375 0.428125 0.0234375 0.05625
0 0.5421875 0.578125 0.0234375 0.05
0 0.4890625 0.434375 0.0234375 0.0609375
0 0.534375 0.359375 0.0265625 0.053125
0 0.60625 0.35625 0.0234375 0.0609375
0 0.584375 0.3640625 0.01875 0.04375
0 0.5375 0.43125 0.0234375 0.05625
0 0.5609375 0.4328125 0.025 0.0546875
0 0.5859375 0.428125 0.0171875 0.0421875
0 0.6125 0.4296875 0.0234375 0.05625
0 0.6375 0.4265625 0.0234375 0.0515625
0 0.6609375 0.425 0.0265625 0.0546875
0 0.6546875 0.359375 0.025 0.05
0 0.6328125 0.3546875 0.021875 0.05625
0 0.7828125 0.3546875 0.0171875 0.046875
0 0.7328125 0.353125 0.021875 0.05625
0 0.6828125 0.3546875 0.0234375 0.05625
0 0.6859375 0.425 0.021875 0.053125
0 0.8921875 0.559375 0.0203125 0.0484375
0 0.915625 0.559375 0.021875 0.0484375
0 0.8984375 0.6265625 0.01875 0.05
0 0.9671875 0.628125 0.0234375 0.05625
0 0.9953125 0.6234375 0.0203125 0.05
0 0.9890625 0.5546875 0.025 0.0546875
0 0.965625 0.5578125 0.0234375 0.053125
