0 0.159375 0.5140625 0.0671875 0.1296875
0 0.0578125 0.3125 0.06875 0.140625
0 0.215625 0.515625 0.0671875 0.13125
0 0.2734375 0.5359375 0.0546875 0.121875
0 0.3359375 0.55 0.04375 0.103125
0 0.021875 0.8640625 0.0671875 0.1328125
0 0.0859375 0.8765625 0.0671875 0.1296875
0 0.1484375 0.88125 0.078125 0.146875
0 0.2046875 0.9015625 0.0703125 0.1328125
0 0.3546875 0.371875 0.0609375 0.128125
0 0.271875 0.909375 0.0640625 0.1140625
0 0.3328125 0.9171875 0.0703125 0.134375
0 0.3921875 0.925 0.0765625 0.1515625
0 0.45625 0.9390625 0.0734375 0.1390625
0 0.515625 0.9484375 0.0734375 0.1484375
0 0.2109375 0.34375 0.0609375 0.1296875
0 0.275 0.353125 0.0765625 0.1578125
0 0.0671875 0.49375 0.121875 0.1546875
