0 0.3328125 0.0875 0.065625 0.109375
0 0.7953125 0.53125 0.040625 0.084375
0 0.8484375 0.54375 0.059375 0.1234375
0 0.9515625 0.0703125 0.0625 0.1265625
0 0.4390625 0.1296875 0.0421875 0.1015625
0 0.9765625 0.2265625 0.0578125 0.115625
0 0.490625 0.1328125 0.0515625 0.121875
0 0.6265625 0.0125 0.0578125 0.1171875
0 0.6828125 0.0234375 0.046875 0.1015625
0 0.7359375 0.034375 0.053125 0.1125
0 0.8453125 0.05 0.0546875 0.1234375
0 0.925 0.225 0.0625 0.134375
0 0.86875 0.215625 0.05 0.1015625
0 0.815625 0.1953125 0.0609375 0.128125
0 0.7609375 0.1859375 0.0453125 0.0875
0 0.7046875 0.178125 0.05625 0.11875
0 0.6484375 0.1671875 0.05625 0.1171875
0 0.5984375 0.1546875 0.0546875 0.0984375
