0 0.7734375 0.8578125 0.0515625 0.1234375
0 0.528125 0.8125 0.0328125 0.0671875
0 0.5296875 0.9109375 0.028125 0.0640625
0 0.559375 0.9078125 0.025 0.0703125
0 0.615625 0.896875 0.0359375 0.0734375
0 0.65 0.9 0.0265625 0.0671875
0 0.6453125 0.8140625 0.03125 0.071875
0 0.6734375 0.8109375 0.0375 0.0765625
0 0.678125 0.9 0.0328125 0.0796875
0 0.7390625 0.896875 0.0296875 0.0796875
0 0.075 0.9328125 0.028125 0.0671875
0 0.7375 0.8109375 0.03125 0.0671875
0 0.70625 0.809375 0.03125 0.0765625
0 0.6125 0.8109375 0.0328125 0.071875
0 0.584375 0.8171875 0.03125 0.06875
0 0.5765625 0.4921875 0.0359375 0.0890625
0 0.5390625 0.503125 0.040625 0.084375
0 0.50625 0.503125 0.03125 0.078125
0 0.475 0.50625 0.0328125 0.075
0 0.4953125 0.8203125 0.0296875 0.065625
0 0.4609375 0.8203125 0.03125 0.0671875
0 0.434375 0.9078125 0.034375 0.071875
0 0.40625 0.9078125 0.03125 0.084375
0 0.1 0.8421875 0.021875 0.0453125
0 0.1296875 0.8390625 0.03125 0.0640625
0 0.2234375 0.8390625 0.0265625 0.0609375
0 0.1890625 0.8265625 0.028125 0.0734375
0 0.1046875 0.9234375 0.0296875 0.0625
0 0.134375 0.925 0.028125 0.0796875
0 0.1671875 0.921875 0.0234375 0.0734375
0 0.19375 0.9234375 0.028125 0.071875
0 0.296875 0.85625 0.0390625 0.0203125
0 0.25 0.83125 0.0265625 0.06875
0 0.2265625 0.9234375 0.028125 0.0765625
0 0.2875 0.91875 0.0296875 0.08125
0 0.340625 0.825 0.0265625 0.05625
0 0.3671875 0.825 0.034375 0.075
0 0.403125 0.821875 0.034375 0.0734375
0 0.43125 0.8234375 0.0265625 0.06875
0 0.3703125 0.909375 0.0328125 0.0734375
0 0.478125 0.5984375 0.0375 0.075
0 0.4453125 0.6 0.03125 0.0765625
0 0.4421875 0.509375 0.0296875 0.078125
0 0.00625 0.6234375 0.03125 0.084375
0 0.003125 0.5328125 0.0234375 0.059375
0 0.06875 0.6234375 0.0359375 0.08125
0 0.403125 0.5078125 0.0359375 0.0875
0 0.36875 0.5015625 0.028125 0.0609375
0 0.30625 0.5125 0.0375 0.0828125
0 0.26875 0.5171875 0.0390625 0.084375
0 0.2359375 0.5140625 0.03125 0.06875
0 0.20625 0.5234375 0.03125 0.0640625
0 0.1703125 0.5140625 0.0375 0.0921875
0 0.13125 0.5125 0.040625 0.0875
0 0.4109375 0.603125 0.0296875 0.0734375
0 0.3453125 0.609375 0.0296875 0.075
0 0.3109375 0.6140625 0.0421875 0.090625
0 0.275 0.615625 0.0375 0.0875
0 0.24375 0.6140625 0.03125 0.0734375
0 0.209375 0.6125 0.0328125 0.075
0 0.1765625 0.6171875 0.0296875 0.0734375
0 0.1421875 0.615625 0.028125 0.0734375
0 0.065625 0.525 0.034375 0.084375
0 0.0328125 0.525 0.0390625 0.0875
0 0.065625 0.8390625 0.034375 0.078125
0 0.0421875 0.93125 0.025 0.0640625
0 0.009375 0.9328125 0.025 0.0640625
0 0.003125 0.8421875 0.0296875 0.065625
0 0.8453125 0.075 0.0390625 0.0765625
0 0.1828125 0.26875 0.040625 0.01875
0 0.40625 0.453125 0.021875 0.015625
0 0.3578125 0.2609375 0.05 0.0203125
