0 0.5296875 0.9671875 0.1140625 0.2453125
0 0.48125 0.80625 0.065625 0.14375
0 0.5875 0.353125 0.0765625 0.153125
0 0.521875 0.3296875 0.084375 0.171875
0 0.44375 0.3109375 0.08125 0.178125
0 0.3625 0.29375 0.08125 0.171875
0 0.13125 0.2421875 0.0578125 0.121875
0 0.046875 0.2296875 0.065625 0.1375
0 0.4015625 0.803125 0.0859375 0.1703125
0 0.3546875 0.9890625 0.090625 0.1875
0 0.3203125 0.7640625 0.0921875 0.1921875
0 0.225 0.759375 0.0828125 0.16875
0 0.0328125 0.928125 0.0703125 0.175
0 0.08125 0.728125 0.0640625 0.1421875
0 0.15625 0.7375 0.08125 0.1859375
0 0.1125 0.9359375 0.078125 0.16875
0 0.1921875 0.9578125 0.09375 0.184375
0 0.275 0.96875 0.078125 0.1421875
