0 0.53125 0.0453125 0.0578125 0.115625
0 0.3609375 0.0140625 0.075 0.134375
0 0.4234375 0.0234375 0.059375 0.1140625
0 0.475 0.0328125 0.0703125 0.121875
0 0.5859375 0.046875 0.0484375 0.1015625
0 0.6375 0.0640625 0.0671875 0.11875
0 0.69375 0.0734375 0.059375 0.1
0 0.7484375 0.09375 0.0609375 0.1109375
0 0.8 0.0984375 0.0640625 0.13125
0 0.85625 0.1046875 0.05625 0.125
0 0.39375 0.99375 0.05625 0.11875
0 0.340625 0.9875 0.059375 0.121875
0 0.2296875 0.96875 0.0640625 0.125
0 0.0421875 0.78125 0.059375 0.1234375
0 0.584375 0.8921875 0.0640625 0.128125
0 0.478125 0.859375 0.0578125 0.1203125
0 0.41875 0.85625 0.05625 0.121875
0 0.2578125 0.821875 0.065625 0.1359375
0 0.1453125 0.3078125 0.0625 0.1265625
0 0.2015625 0.3203125 0.059375 0.121875
0 0.25625 0.3265625 0.0609375 0.128125
0 0.3140625 0.3390625 0.0515625 0.1125
0 0.3625 0.3515625 0.0609375 0.1296875
0 0.421875 0.359375 0.0484375 0.1015625
0 0.4734375 0.3703125 0.0625 0.134375
0 0.528125 0.3859375 0.0578125 0.1140625
0 0.58125 0.396875 0.0640625 0.128125
0 0.6390625 0.4015625 0.0625 0.1296875
0 0.8015625 0.4375 0.0640625 0.134375
0 0.859375 0.4484375 0.05 0.1046875
0 0.9609375 0.48125 0.05 0.10625
0 0.94375 0.0484375 0.0921875 0.1796875
0 0.690625 0.90625 0.0546875 0.121875
0 0.775 0.921875 0.0875 0.134375
0 0.909375 0.9578125 0.0578125 0.125
0 0.9640625 0.9578125 0.05625 0.125
0 0.99375 0.6328125 0.05625 0.121875
0 0.934375 0.6125 0.0546875 0.1203125
0 0.21875 0.478125 0.0578125 0.1078125
0 0.875 0.6078125 0.046875 0.096875
0 0.821875 0.6 0.0640625 0.121875
0 0.7671875 0.596875 0.053125 0.096875
0 0.7109375 0.5703125 0.0609375 0.125
0 0.6609375 0.5625 0.0515625 0.10625
0 0.60625 0.546875 0.0609375 0.1203125
0 0.5515625 0.546875 0.053125 0.10625
0 0.4921875 0.5328125 0.0625 0.1390625
0 0.44375 0.5234375 0.0609375 0.1140625
0 0.28125 0.49375 0.0390625 0.103125
0 0.3859375 0.515625 0.05625 0.1140625
0 0.334375 0.4984375 0.05625 0.125
0 0.1703125 0.4640625 0.0578125 0.115625
0 0.0390625 0.2875 0.0546875 0.1234375
0 0.11875 0.4625 0.0625 0.134375
0 0.0625 0.453125 0.05 0.1015625
0 0.009375 0.4328125 0.0609375 0.128125
