0 0.3234375 0.628125 0.0671875 0.1296875
0 0.00625 0.3859375 0.0828125 0.1625
0 0.0859375 0.3921875 0.0765625 0.1390625
0 0.221875 0.4265625 0.06875 0.140625
0 0.153125 0.4203125 0.071875 0.140625
0 0.1421875 0.5859375 0.075 0.1546875
0 0.0796875 0.571875 0.0703125 0.1390625
0 0.3796875 0.6296875 0.0671875 0.13125
0 0.4375 0.65 0.0546875 0.121875
0 0.5 0.6640625 0.04375 0.103125
0 0.1296875 0.9578125 0.06875 0.140625
0 0.0671875 0.95625 0.0625 0.134375
0 0.1859375 0.978125 0.0671875 0.1328125
0 0.25 0.990625 0.0671875 0.1296875
0 0.3125 0.9953125 0.078125 0.146875
0 0.51875 0.4859375 0.0609375 0.128125
0 0.375 0.4578125 0.0609375 0.1296875
0 0.4390625 0.4671875 0.0765625 0.1578125
0 0.23125 0.6078125 0.121875 0.1546875
