0 0.8546875 0.6015625 0.0265625 0.0734375
0 0.9578125 0.5984375 0.03125 0.084375
0 0.91875 0.6015625 0.040625 0.0828125
0 0.9546875 0.5078125 0.0234375 0.059375
0 0.9203125 0.5 0.0359375 0.0890625
0 0.884375 0.5046875 0.0296875 0.0828125
0 0.8453125 0.50625 0.040625 0.0875
0 0.8640625 0.2984375 0.1140625 0.046875
0 0.721875 0.3 0.0859375 0.03125
0 0.6 0.3109375 0.1234375 0.0453125
0 0.8875 0.60625 0.028125 0.0875
0 0.825 0.6109375 0.0265625 0.078125
0 0.984375 0.5 0.0390625 0.0875
0 0.99375 0.90625 0.025 0.0640625
0 0.9609375 0.9078125 0.025 0.0640625
0 0.778125 0.825 0.028125 0.059375
0 0.8078125 0.8171875 0.0296875 0.078125
0 0.8359375 0.821875 0.0265625 0.0671875
0 0.8671875 0.8203125 0.0265625 0.075
0 0.9 0.8171875 0.0328125 0.0640625
0 0.928125 0.815625 0.028125 0.0625
0 0.9546875 0.8171875 0.0296875 0.065625
0 0.9 0.9078125 0.028125 0.0703125
0 0.871875 0.90625 0.025 0.0734375
0 0.8390625 0.9078125 0.028125 0.0734375
0 0.8125 0.9140625 0.028125 0.0671875
0 0.78125 0.9171875 0.0296875 0.0625
0 0.7515625 0.9234375 0.025 0.071875
0 0.934375 0.90625 0.03125 0.0703125
0 0.6890625 0.9203125 0.0234375 0.0609375
0 0.74375 0.8296875 0.034375 0.0609375
0 0.7140625 0.83125 0.0328125 0.0625
0 0.6859375 0.8296875 0.025 0.053125
0 0.71875 0.915625 0.028125 0.0703125
0 0.659375 0.9203125 0.028125 0.071875
0 0.6328125 0.925 0.028125 0.071875
0 0.5984375 0.928125 0.0328125 0.0734375
0 0.5703125 0.925 0.028125 0.06875
0 0.540625 0.928125 0.028125 0.0671875
0 0.50625 0.9265625 0.0328125 0.06875
0 0.475 0.9265625 0.0296875 0.071875
0 0.6546875 0.83125 0.03125 0.0703125
0 0.628125 0.83125 0.025 0.0609375
0 0.5671875 0.8328125 0.025 0.0703125
0 0.5359375 0.8421875 0.028125 0.059375
0 0.5015625 0.8375 0.0265625 0.0671875
0 0.7203125 0.615625 0.0265625 0.08125
0 0.584375 0.6265625 0.0375 0.0890625
0 0.6171875 0.6171875 0.0296875 0.0734375
0 0.4828125 0.6203125 0.0328125 0.0796875
0 0.4453125 0.6203125 0.0296875 0.065625
0 0.4140625 0.621875 0.028125 0.065625
0 0.3796875 0.6296875 0.03125 0.06875
0 0.3421875 0.5328125 0.0296875 0.06875
0 0.3109375 0.63125 0.0203125 0.06875
0 0.3046875 0.525 0.0296875 0.09375
0 0.6546875 0.6109375 0.0265625 0.0671875
0 0.6140625 0.515625 0.0390625 0.0828125
0 0.471875 0.8375 0.03125 0.0625
0 0.6453125 0.5140625 0.0296875 0.0609375
0 0.440625 0.8421875 0.0234375 0.0671875
0 0.3859375 0.9328125 0.0296875 0.065625
0 0.35625 0.8578125 0.0203125 0.0453125
0 0.3109375 0.6953125 0.0203125 0.0453125
0 0.315625 0.7484375 0.0203125 0.046875
0 0.7171875 0.509375 0.0359375 0.0875
0 0.8109375 0.503125 0.0390625 0.0875
0 0.7796875 0.509375 0.0390625 0.0828125
0 0.7484375 0.5125 0.034375 0.08125
0 0.7578125 0.609375 0.0265625 0.053125
0 0.7875 0.6046875 0.03125 0.065625
0 0.4421875 0.5265625 0.03125 0.078125
0 0.475 0.525 0.03125 0.0765625
0 0.50625 0.521875 0.0375 0.0765625
0 0.54375 0.51875 0.0328125 0.075
0 0.5765625 0.5203125 0.040625 0.084375
0 0.6828125 0.5109375 0.0296875 0.075
0 0.7140625 0.2640625 0.0453125 0.01875
0 0.4421875 0.2671875 0.0171875 0.03125
0 0.45625 0.265625 0.01875 0.0265625
0 0.45625 0.3046875 0.040625 0.0265625
0 0.7734375 0.2609375 0.0328125 0.01875
0 0.8125 0.2609375 0.0328125 0.0171875
0 0.8734375 0.25625 0.040625 0.021875
0 0.5125 0.625 0.021875 0.0546875
0 0.325 0.96875 0.021875 0.0390625
0 0.3171875 0.853125 0.021875 0.0421875
0 0.290625 0.740625 0.015625 0.0265625
0 0.284375 0.6203125 0.0140625 0.0375
