0 0.2546875 0.853125 0.0421875 0.05625
0 0.2328125 0.8390625 0.04375 0.0546875
0 0.2390625 0.9859375 0.040625 0.0515625
0 0.153125 0.934375 0.0453125 0.0578125
0 0.128125 0.9234375 0.0390625 0.0484375
0 0.2765625 0.8640625 0.0453125 0.05625
0 0.3625 0.9140625 0.040625 0.053125
0 0.38125 0.9296875 0.0484375 0.0609375
0 0.41875 0.9296875 0.0484375 0.065625
0 0.5078125 0.996875 0.071875 0.103125
0 0.4671875 0.8875 0.09375 0.0671875
0 0.36875 0.859375 0.090625 0.0703125
0 0.46875 0.971875 0.065625 0.09375
