0 0.0796875 0.0046875 0.0546875 0.05
0 0.0015625 0.1375 0.0546875 0.0453125
0 0.0140625 0.1171875 0.05 0.040625
0 0.028125 0.096875 0.05625 0.04375
0 0.0390625 0.0734375 0.059375 0.046875
0 0.0515625 0.0515625 0.0578125 0.0484375
0 0.065625 0.028125 0.059375 0.05
0 0.2296875 0.021875 0.071875 0.05625
0 0.2109375 0.0515625 0.071875 0.05625
0 0.921875 0.6640625 0.0375 0.0546875
0 0.78125 0.515625 0.0390625 0.05
0 0.759375 0.5046875 0.0390625 0.053125
0 0.7390625 0.490625 0.0390625 0.0484375
0 0.7171875 0.4796875 0.0390625 0.0484375
0 0.6984375 0.4671875 0.0359375 0.0484375
0 0.6734375 0.453125 0.0421875 0.05
0 0.8953125 0.653125 0.046875 0.0609375
0 0.8265625 0.540625 0.0359375 0.0484375
0 0.86875 0.63125 0.040625 0.0546875
0 0.6875 0.528125 0.0390625 0.05
0 0.665625 0.515625 0.0421875 0.0515625
0 0.64375 0.5046875 0.0390625 0.05
0 0.8734375 0.8140625 0.06875 0.1
0 0.7375 0.8 0.046875 0.0625
0 0.8046875 0.528125 0.0390625 0.0484375
0 0.8484375 0.55 0.040625 0.0546875
0 0.7671875 0.74375 0.0421875 0.0515625
0 0.896875 0.2171875 0.0421875 0.05625
0 0.875 0.203125 0.04375 0.0546875
0 0.9953125 0.4828125 0.0421875 0.0625
0 0.9125 0.4375 0.0453125 0.0546875
0 0.828125 0.3890625 0.0453125 0.05625
0 0.8078125 0.3734375 0.034375 0.046875
0 0.965625 0.4015625 0.04375 0.05625
0 0.8703125 0.5625 0.0421875 0.0546875
0 0.94375 0.3875 0.0359375 0.0484375
0 0.88125 0.35 0.040625 0.0515625
0 0.7953125 0.2984375 0.0453125 0.0578125
0 0.7703125 0.2875 0.0390625 0.0484375
0 0.953125 0.6140625 0.0421875 0.0515625
0 0.928125 0.59375 0.0453125 0.053125
0 0.7140625 0.784375 0.04375 0.0546875
0 0.6984375 0.6984375 0.05 0.0625
0 0.1984375 0.0828125 0.078125 0.059375
0 0.0578125 0.321875 0.08125 0.0578125
0 0.109375 0.79375 0.053125 0.046875
0 0.1546875 0.7109375 0.0734375 0.0625
0 0.221875 0.590625 0.090625 0.06875
0 0.240625 0.5640625 0.0734375 0.0546875
0 0.0421875 0.35 0.0796875 0.0578125
0 0.075 0.296875 0.075 0.0546875
0 0.0875 0.2703125 0.084375 0.0609375
0 0.1015625 0.2453125 0.0734375 0.053125
0 0.11875 0.215625 0.0703125 0.0546875
0 0.134375 0.190625 0.0796875 0.05625
0 0.1625 0.1375 0.0828125 0.059375
0 0.18125 0.1125 0.0765625 0.05625
0 0.6265625 0.6625 0.0421875 0.0578125
0 0.5515625 0.9546875 0.04375 0.059375
0 0.70625 0.9734375 0.040625 0.05625
0 0.63125 0.925 0.0453125 0.05625
0 0.5640625 0.8828125 0.046875 0.0578125
0 0.515625 0.859375 0.0421875 0.0515625
0 0.575 0.96875 0.0453125 0.0609375
0 0.459375 0.9 0.0421875 0.05625
0 0.00625 0.7703125 0.0515625 0.06875
0 0.2515625 0.9046875 0.0734375 0.0546875
0 0.2828125 0.853125 0.0734375 0.05625
0 0.3015625 0.8265625 0.075 0.0578125
0 0.315625 0.8 0.071875 0.0546875
0 0.33125 0.7734375 0.0703125 0.0546875
0 0.365625 0.721875 0.0765625 0.059375
0 0.91875 0.228125 0.0453125 0.05625
