0 0.3984375 0.0796875 0.053125 0.0421875
0 0.40625 0.053125 0.0515625 0.040625
0 0.421875 0.028125 0.05 0.0390625
0 0.434375 0.0046875 0.0484375 0.0359375
0 0.3640625 0.1296875 0.0515625 0.0390625
0 0.2875 0.153125 0.0453125 0.0359375
0 0.2984375 0.1265625 0.0453125 0.0375
0 0.328125 0.075 0.046875 0.0390625
0 0.3421875 0.0515625 0.05 0.0421875
0 0.3703125 0.0015625 0.046875 0.0375
0 0.3796875 0.1046875 0.046875 0.0375
0 0.35 0.153125 0.0515625 0.0421875
0 0.7015625 0.0171875 0.0640625 0.046875
0 0.6140625 0.1640625 0.0671875 0.0515625
0 0.628125 0.140625 0.065625 0.046875
0 0.64375 0.115625 0.065625 0.0484375
0 0.6578125 0.0890625 0.06875 0.05
0 0.6734375 0.065625 0.0609375 0.0484375
0 0.6875 0.040625 0.05625 0.04375
0 0.3390625 0.1796875 0.0515625 0.0375
0 0.5265625 0.178125 0.0484375 0.0421875
0 0.5546875 0.128125 0.065625 0.0515625
0 0.5828125 0.078125 0.065625 0.05625
0 0.621875 0.0046875 0.0546875 0.04375
0 0.325 0.2078125 0.0546875 0.0453125
0 0.2203125 0.0375 0.0484375 0.034375
0 0.234375 0.015625 0.05 0.0375
0 0.6046875 0.1921875 0.0671875 0.05
0 0.5875 0.2140625 0.06875 0.053125
0 0.5578125 0.2625 0.0640625 0.05
0 0.815625 0.6984375 0.065625 0.053125
0 0.8015625 0.7234375 0.0703125 0.0546875
0 0.83125 0.6734375 0.0703125 0.05625
0 0.8390625 0.64375 0.078125 0.0578125
0 0.8734375 0.5984375 0.065625 0.05
0 0.8875 0.5734375 0.065625 0.0484375
0 0.9015625 0.5453125 0.0609375 0.0484375
0 0.915625 0.5234375 0.0671875 0.053125
0 0.928125 0.5 0.065625 0.053125
0 0.5328125 0.3140625 0.0671875 0.0484375
0 0.94375 0.4734375 0.065625 0.0609375
0 0.9578125 0.4484375 0.0640625 0.053125
0 0.9734375 0.425 0.065625 0.0484375
0 0.940625 0.0953125 0.078125 0.059375
0 0.7953125 0.334375 0.071875 0.05625
0 0.8109375 0.3109375 0.0734375 0.05625
0 0.825 0.284375 0.06875 0.0546875
0 0.8578125 0.2328125 0.0765625 0.05625
0 0.8734375 0.2078125 0.0796875 0.05625
0 0.8921875 0.1796875 0.08125 0.0625
0 0.69375 0.346875 0.0734375 0.0578125
0 0.9875 0.4 0.065625 0.053125
0 0.74375 0.26875 0.0625 0.05
0 0.75625 0.24375 0.0640625 0.053125
0 0.48125 0.4125 0.034375 0.0265625
0 0.49375 0.3875 0.046875 0.0390625
0 0.5015625 0.3609375 0.05 0.0421875
0 0.515625 0.3359375 0.0546875 0.04375
0 0.78125 0.3640625 0.075 0.0578125
0 0.9625 0.05625 0.078125 0.0625
0 0.7484375 0.4125 0.0640625 0.046875
0 0.7359375 0.4390625 0.06875 0.0515625
0 0.7171875 0.4625 0.0625 0.05
0 0.703125 0.4875 0.0625 0.0484375
0 0.6859375 0.5125 0.0640625 0.0484375
0 0.6703125 0.5375 0.0578125 0.046875
0 0.6609375 0.5625 0.06875 0.0484375
0 0.6421875 0.584375 0.0609375 0.0484375
0 0.6328125 0.609375 0.0640625 0.046875
0 0.0640625 0.91875 0.021875 0.046875
0 0.1421875 0.76875 0.0578125 0.040625
0 0.3359375 0.8875 0.046875 0.0359375
0 0.2625 0.846875 0.0484375 0.040625
0 0.2421875 0.8328125 0.065625 0.05
0 0.2109375 0.815625 0.053125 0.0421875
0 0.1953125 0.8015625 0.05625 0.046875
0 0.15625 0.7828125 0.0578125 0.0421875
0 0.0890625 0.7359375 0.05 0.0375
0 0.15625 0.634375 0.0625 0.053125
0 0.05 0.7140625 0.053125 0.040625
0 0.0328125 0.703125 0.0578125 0.0421875
0 0.1203125 0.615625 0.0671875 0.053125
0 0.0828125 0.596875 0.05625 0.0484375
0 0.040625 0.565625 0.046875 0.0421875
0 0.2359375 0.571875 0.021875 0.0546875
0 0.190625 0.9359375 0.0171875 0.053125
0 0.1921875 0.99375 0.0203125 0.04375
0 0.1734375 0.9828125 0.01875 0.053125
0 0.153125 0.971875 0.0171875 0.0546875
0 0.1359375 0.9609375 0.0203125 0.053125
0 0.209375 0.946875 0.01875 0.040625
0 0.175 0.9234375 0.021875 0.0484375
0 0.009375 0.828125 0.0171875 0.046875
0 0.15625 0.91875 0.021875 0.05
0 0.1359375 0.9078125 0.0265625 0.0546875
0 0.0828125 0.8734375 0.0234375 0.05625
0 0.0625 0.8640625 0.0203125 0.0546875
0 0.0484375 0.8484375 0.0171875 0.046875
0 0.028125 0.8453125 0.0203125 0.046875
0 0.284375 0.5984375 0.028125 0.0609375
0 0.2171875 0.5546875 0.025 0.0625
0 0.1671875 0.5234375 0.028125 0.0578125
0 0.1171875 0.49375 0.03125 0.084375
0 0.01875 0.3234375 0.0296875 0.03125
0 0.2859375 0.9921875 0.025 0.05
0 0.028125 0.89375 0.0203125 0.0359375
0 0.4 0.971875 0.0578125 0.021875
0 0.39375 0.9921875 0.06875 0.021875
0 0.4625 0.975 0.059375 0.01875
0 0.453125 0.99375 0.05 0.0234375
