0 0.0359375 0.9578125 0.0703125 0.0890625
0 0.0 0.8 0.0734375 0.0578125
0 0.425 0.425 0.059375 0.0484375
0 0.4375 0.4046875 0.0609375 0.046875
0 0.4515625 0.3796875 0.05625 0.0453125
0 0.4640625 0.346875 0.06875 0.0546875
0 0.5171875 0.325 0.0859375 0.0671875
0 0.0140625 0.7765625 0.0703125 0.05625
0 0.4015625 0.4734375 0.0546875 0.0453125
0 0.028125 0.7515625 0.071875 0.0546875
0 0.04375 0.728125 0.0734375 0.053125
0 0.0578125 0.7 0.0703125 0.05625
0 0.0765625 0.678125 0.075 0.0546875
0 0.0875 0.6515625 0.071875 0.053125
0 0.103125 0.6265625 0.0734375 0.05625
0 0.4125 0.4484375 0.0578125 0.0484375
0 0.384375 0.4953125 0.0609375 0.05
0 0.178125 0.5171875 0.0921875 0.0734375
0 0.2578125 0.7171875 0.053125 0.04375
0 0.5734375 0.4515625 0.0703125 0.0578125
0 0.5984375 0.4234375 0.0640625 0.053125
0 0.1953125 0.8234375 0.0515625 0.0421875
0 0.2078125 0.803125 0.0546875 0.046875
0 0.2328125 0.7625 0.0515625 0.04375
0 0.2453125 0.7390625 0.0546875 0.0453125
0 0.271875 0.6953125 0.0515625 0.0421875
0 0.375 0.5203125 0.0546875 0.05
0 0.296875 0.653125 0.0546875 0.0453125
0 0.309375 0.6328125 0.05 0.040625
0 0.3234375 0.6125 0.05625 0.04375
0 0.334375 0.5890625 0.059375 0.046875
0 0.346875 0.5671875 0.0578125 0.0484375
0 0.3609375 0.54375 0.059375 0.05
0 0.1359375 0.571875 0.084375 0.065625
0 0.203125 0.4515625 0.078125 0.0609375
0 0.525 0.5375 0.071875 0.05625
0 0.1 0.26875 0.065625 0.0546875
0 0.1296875 0.2140625 0.0671875 0.0546875
0 0.084375 0.29375 0.059375 0.0484375
0 0.2234375 0.4234375 0.075 0.0609375
0 0.240625 0.39375 0.078125 0.0609375
0 0.2765625 0.3359375 0.090625 0.0703125
0 0.2921875 0.3046875 0.06875 0.05
0 0.0421875 0.365625 0.0484375 0.0375
0 0.0109375 0.4171875 0.0671875 0.0546875
0 0.0234375 0.3921875 0.0609375 0.05
0 0.5421875 0.5078125 0.06875 0.0578125
0 0.50625 0.5671875 0.071875 0.05625
0 0.99375 0.9828125 0.0359375 0.0484375
0 0.96875 0.96875 0.0421875 0.05
0 0.49375 0.5984375 0.078125 0.059375
0 0.353125 0.8375 0.08125 0.0578125
0 0.8765625 0.4890625 0.0765625 0.0578125
0 0.3375 0.865625 0.0796875 0.0578125
0 0.3703125 0.8125 0.075 0.0546875
0 0.3828125 0.7859375 0.084375 0.0609375
0 0.396875 0.7609375 0.0734375 0.053125
0 0.4140625 0.73125 0.0703125 0.0546875
0 0.4296875 0.70625 0.0796875 0.05625
0 0.4578125 0.653125 0.0828125 0.059375
0 0.4765625 0.628125 0.0765625 0.05625
0 0.003125 0.1671875 0.0484375 0.0390625
0 0.0125 0.14375 0.0484375 0.0390625
0 0.0390625 0.1046875 0.04375 0.0375
