0 0.2828125 0.634375 0.0375 0.0546875
0 0.1421875 0.4859375 0.0390625 0.05
0 0.1203125 0.475 0.0390625 0.053125
0 0.1 0.4609375 0.0390625 0.0484375
0 0.078125 0.45 0.0390625 0.0484375
0 0.059375 0.4375 0.0359375 0.0484375
0 0.034375 0.4234375 0.0421875 0.05
0 0.25625 0.6234375 0.046875 0.0609375
0 0.1875 0.5109375 0.0359375 0.0484375
0 0.2296875 0.6015625 0.040625 0.0546875
0 0.0484375 0.4984375 0.0390625 0.05
0 0.0265625 0.4859375 0.0421875 0.0515625
0 0.0046875 0.475 0.0390625 0.05
0 0.234375 0.784375 0.06875 0.1
0 0.0984375 0.7703125 0.046875 0.0625
0 0.165625 0.4984375 0.0390625 0.0484375
0 0.209375 0.5203125 0.040625 0.0546875
0 0.128125 0.7140625 0.0421875 0.0515625
0 0.4125 0.41875 0.0421875 0.053125
0 0.2578125 0.1875 0.0421875 0.05625
0 0.2359375 0.1734375 0.04375 0.0546875
0 0.35625 0.453125 0.0421875 0.0625
0 0.2734375 0.4078125 0.0453125 0.0546875
0 0.1890625 0.359375 0.0453125 0.05625
0 0.16875 0.34375 0.034375 0.046875
0 0.3265625 0.371875 0.04375 0.05625
0 0.23125 0.5328125 0.0421875 0.0546875
0 0.3046875 0.3578125 0.0359375 0.0484375
0 0.2421875 0.3203125 0.040625 0.0515625
0 0.15625 0.26875 0.0453125 0.0578125
0 0.13125 0.2578125 0.0390625 0.0484375
0 0.3140625 0.584375 0.0421875 0.0515625
0 0.2890625 0.5640625 0.0453125 0.053125
0 0.075 0.7546875 0.04375 0.0546875
0 0.059375 0.66875 0.05 0.0625
0 0.125 0.9703125 0.05625 0.08125
0 0.0671875 0.94375 0.040625 0.05625
0 0.2796875 0.1984375 0.0453125 0.05625
0 0.365625 0.2484375 0.040625 0.053125
0 0.384375 0.2640625 0.0484375 0.0609375
0 0.4578125 0.6890625 0.04375 0.065625
0 0.896875 0.996875 0.0640625 0.034375
0 0.8359375 0.984375 0.0609375 0.0296875
0 0.421875 0.2640625 0.0484375 0.065625
0 0.6484375 0.60625 0.0484375 0.06875
0 0.971875 0.7734375 0.0546875 0.075
0 0.9046875 0.740625 0.059375 0.0796875
0 0.8453125 0.7046875 0.053125 0.071875
0 0.7125 0.6375 0.05 0.075
0 0.6796875 0.61875 0.053125 0.0734375
0 0.615625 0.5859375 0.05625 0.075
0 0.5296875 0.678125 0.0671875 0.0828125
0 0.5875 0.56875 0.0546875 0.075
0 0.525 0.528125 0.0625 0.0890625
0 0.5109375 0.33125 0.071875 0.103125
0 0.4703125 0.221875 0.09375 0.0671875
0 0.371875 0.19375 0.090625 0.0703125
0 0.471875 0.30625 0.065625 0.09375
0 0.5671875 0.696875 0.0484375 0.0640625
0 0.5921875 0.721875 0.0625 0.0765625
0 0.703125 0.7515625 0.0671875 0.0890625
0 0.646875 0.7390625 0.0671875 0.0890625
0 0.56875 0.85 0.034375 0.04375
0 0.4375 0.7640625 0.0484375 0.0671875
0 0.5984375 0.865625 0.0375 0.0453125
