0 0.9484375 0.9765625 0.0484375 0.0390625
0 0.9625 0.959375 0.0453125 0.0375
0 0.9734375 0.9359375 0.04375 0.0359375
0 0.9875 0.915625 0.046875 0.0375
0 0.1453125 0.3640625 0.0453125 0.0359375
0 0.0625 0.5109375 0.053125 0.0421875
0 0.0703125 0.484375 0.0515625 0.040625
0 0.0859375 0.459375 0.05 0.0390625
0 0.0984375 0.4359375 0.0484375 0.0359375
0 0.115625 0.4125 0.053125 0.040625
0 0.13125 0.3890625 0.0484375 0.0375
0 0.1546875 0.3390625 0.0515625 0.040625
0 0.028125 0.5609375 0.0515625 0.0390625
0 0.1734375 0.315625 0.05625 0.04375
0 0.00625 0.4828125 0.05 0.0421875
0 0.034375 0.4328125 0.046875 0.0375
0 0.04375 0.5359375 0.046875 0.0375
0 0.0140625 0.584375 0.0515625 0.0421875
0 0.0796875 0.35625 0.0484375 0.0359375
0 0.365625 0.4484375 0.0640625 0.046875
0 0.278125 0.5953125 0.0671875 0.0515625
0 0.2921875 0.571875 0.065625 0.046875
0 0.3078125 0.546875 0.065625 0.0484375
0 0.321875 0.5203125 0.06875 0.05
0 0.3375 0.496875 0.0609375 0.0484375
0 0.3515625 0.471875 0.05625 0.04375
0 0.3828125 0.425 0.0671875 0.05
0 0.003125 0.6109375 0.0515625 0.0375
0 0.190625 0.609375 0.0484375 0.0421875
0 0.21875 0.559375 0.065625 0.0515625
0 0.246875 0.509375 0.065625 0.05625
0 0.2859375 0.4359375 0.0546875 0.04375
0 0.3171875 0.3859375 0.0609375 0.0484375
0 0.05 0.4078125 0.05 0.040625
0 0.09375 0.334375 0.046875 0.0390625
0 0.10625 0.3078125 0.0484375 0.034375
0 0.121875 0.284375 0.0421875 0.0375
0 0.1328125 0.2578125 0.05 0.040625
0 0.05 0.159375 0.053125 0.0375
0 0.0078125 0.2515625 0.0515625 0.0375
0 0.01875 0.228125 0.0515625 0.0390625
0 0.046875 0.1890625 0.0546875 0.040625
0 0.26875 0.6234375 0.0671875 0.05
0 0.2515625 0.6453125 0.06875 0.053125
0 0.221875 0.69375 0.0640625 0.05
0 0.859375 0.8046875 0.05625 0.04375
0 0.8734375 0.78125 0.0578125 0.0453125
0 0.9 0.759375 0.0796875 0.059375
0 0.90625 0.728125 0.0515625 0.04375
0 0.9390625 0.6609375 0.0953125 0.0703125
0 0.8328125 0.85 0.0515625 0.0390625
0 0.565625 0.9765625 0.0609375 0.0484375
0 0.5796875 0.9546875 0.0671875 0.053125
0 0.5921875 0.93125 0.065625 0.053125
0 0.8453125 0.8265625 0.0546875 0.04375
0 0.81875 0.8734375 0.0546875 0.04375
0 0.196875 0.7453125 0.0671875 0.0484375
0 0.8078125 0.896875 0.05625 0.0421875
0 0.753125 0.9875 0.05625 0.04375
0 0.7671875 0.9671875 0.053125 0.04375
0 0.7921875 0.9203125 0.0546875 0.040625
0 0.6078125 0.9046875 0.065625 0.0609375
0 0.621875 0.8796875 0.0640625 0.053125
0 0.6375 0.85625 0.065625 0.0484375
0 0.6046875 0.5265625 0.078125 0.059375
0 0.459375 0.765625 0.071875 0.05625
0 0.475 0.7421875 0.0734375 0.05625
0 0.4890625 0.715625 0.06875 0.0546875
0 0.521875 0.6640625 0.0765625 0.05625
0 0.5375 0.6390625 0.0796875 0.05625
0 0.55625 0.6109375 0.08125 0.0625
0 0.3578125 0.778125 0.0734375 0.0578125
0 0.6515625 0.83125 0.065625 0.053125
0 0.4078125 0.7 0.0625 0.05
0 0.4203125 0.675 0.0640625 0.053125
0 0.1453125 0.84375 0.034375 0.0265625
0 0.1578125 0.81875 0.046875 0.0390625
0 0.165625 0.7921875 0.05 0.0421875
0 0.1796875 0.7671875 0.0546875 0.04375
0 0.4453125 0.7953125 0.075 0.0578125
0 0.6265625 0.4875 0.078125 0.0625
0 0.4125 0.84375 0.0640625 0.046875
0 0.4 0.8703125 0.06875 0.0515625
0 0.38125 0.89375 0.0625 0.05
0 0.3671875 0.91875 0.0625 0.0484375
0 0.35 0.94375 0.0640625 0.0484375
0 0.334375 0.96875 0.0578125 0.046875
0 0.325 0.99375 0.06875 0.0484375
0 0.81875 0.584375 0.1171875 0.0859375
0 0.7671875 0.6328125 0.0671875 0.0515625
0 0.7515625 0.6578125 0.0625 0.046875
0 0.69375 0.7578125 0.065625 0.053125
0 0.68125 0.78125 0.065625 0.0546875
0 0.665625 0.80625 0.059375 0.05
0 0.8984375 0.96875 0.05 0.05625
0 0.93125 0.9109375 0.0578125 0.0609375
