0 0.0640625 0.1875 0.059375 0.0484375
0 0.0765625 0.1671875 0.0609375 0.046875
0 0.090625 0.1421875 0.05625 0.0453125
0 0.103125 0.109375 0.06875 0.0546875
0 0.15625 0.0875 0.0859375 0.0671875
0 0.040625 0.2359375 0.0546875 0.0453125
0 0.0515625 0.2109375 0.0578125 0.0484375
0 0.0234375 0.2578125 0.0609375 0.05
0 0.2125 0.2140625 0.0703125 0.0578125
0 0.2375 0.1859375 0.0640625 0.053125
0 0.0140625 0.2828125 0.0546875 0.05
0 0.0 0.30625 0.059375 0.05
0 0.1640625 0.3 0.071875 0.05625
0 0.18125 0.2703125 0.06875 0.0578125
0 0.1453125 0.3296875 0.071875 0.05625
0 0.85625 0.9421875 0.0375 0.0546875
0 0.715625 0.79375 0.0390625 0.05
0 0.69375 0.7828125 0.0390625 0.053125
0 0.6734375 0.76875 0.0390625 0.0484375
0 0.6515625 0.7578125 0.0390625 0.0484375
0 0.6328125 0.7453125 0.0359375 0.0484375
0 0.6078125 0.73125 0.0421875 0.05
0 0.8296875 0.93125 0.046875 0.0609375
0 0.7609375 0.81875 0.0359375 0.0484375
0 0.803125 0.909375 0.040625 0.0546875
0 0.621875 0.80625 0.0390625 0.05
0 0.6 0.79375 0.0421875 0.0515625
0 0.578125 0.7828125 0.0390625 0.05
0 0.7390625 0.80625 0.0390625 0.0484375
0 0.7828125 0.828125 0.040625 0.0546875
0 0.9859375 0.7265625 0.0421875 0.053125
0 0.83125 0.4953125 0.0421875 0.05625
0 0.809375 0.48125 0.04375 0.0546875
0 0.9296875 0.7609375 0.0421875 0.0625
0 0.846875 0.715625 0.0453125 0.0546875
0 0.7625 0.6671875 0.0453125 0.05625
0 0.7421875 0.6515625 0.034375 0.046875
0 0.9 0.6796875 0.04375 0.05625
0 0.8046875 0.840625 0.0421875 0.0546875
0 0.878125 0.665625 0.0359375 0.0484375
0 0.815625 0.628125 0.040625 0.0515625
0 0.7296875 0.5765625 0.0453125 0.0578125
0 0.7046875 0.565625 0.0390625 0.0484375
0 0.8875 0.8921875 0.0421875 0.0515625
0 0.8625 0.871875 0.0453125 0.053125
0 0.6328125 0.9765625 0.05 0.0625
0 0.1328125 0.3609375 0.078125 0.059375
0 0.0890625 0.9890625 0.0734375 0.0625
0 0.15625 0.86875 0.090625 0.06875
0 0.175 0.8421875 0.0734375 0.0546875
0 0.515625 0.2515625 0.0765625 0.0578125
0 0.009375 0.575 0.075 0.0546875
0 0.021875 0.5484375 0.084375 0.0609375
0 0.0359375 0.5234375 0.0734375 0.053125
0 0.053125 0.49375 0.0703125 0.0546875
0 0.06875 0.46875 0.0796875 0.05625
0 0.096875 0.415625 0.0828125 0.059375
0 0.115625 0.390625 0.0765625 0.05625
0 0.5609375 0.940625 0.0421875 0.0578125
0 0.853125 0.50625 0.0453125 0.05625
0 0.9390625 0.55625 0.040625 0.053125
0 0.9578125 0.571875 0.0484375 0.0609375
0 0.9953125 0.571875 0.0484375 0.065625
0 0.9453125 0.5015625 0.090625 0.0703125
