0 0.3078125 0.8984375 0.0375 0.0546875
0 0.1671875 0.75 0.0390625 0.05
0 0.1453125 0.7390625 0.0390625 0.053125
0 0.125 0.725 0.0390625 0.0484375
0 0.103125 0.7140625 0.0390625 0.0484375
0 0.084375 0.7015625 0.0359375 0.0484375
0 0.059375 0.6875 0.0421875 0.05
0 0.28125 0.8875 0.046875 0.0609375
0 0.2125 0.775 0.0359375 0.0484375
0 0.2546875 0.865625 0.040625 0.0546875
0 0.0734375 0.7625 0.0390625 0.05
0 0.0515625 0.75 0.0421875 0.0515625
0 0.0296875 0.7390625 0.0390625 0.05
0 0.190625 0.7625 0.0390625 0.0484375
0 0.234375 0.784375 0.040625 0.0546875
0 0.153125 0.978125 0.0421875 0.0515625
0 0.4375 0.6828125 0.0421875 0.053125
0 0.2828125 0.4515625 0.0421875 0.05625
0 0.2609375 0.4375 0.04375 0.0546875
0 0.38125 0.7171875 0.0421875 0.0625
0 0.2984375 0.671875 0.0453125 0.0546875
0 0.2140625 0.6234375 0.0453125 0.05625
0 0.19375 0.6078125 0.034375 0.046875
0 0.3515625 0.6359375 0.04375 0.05625
0 0.25625 0.796875 0.0421875 0.0546875
0 0.3296875 0.621875 0.0359375 0.0484375
0 0.2671875 0.584375 0.040625 0.0515625
0 0.18125 0.5328125 0.0453125 0.0578125
0 0.15625 0.521875 0.0390625 0.0484375
0 0.3390625 0.8484375 0.0421875 0.0515625
0 0.3140625 0.828125 0.0453125 0.053125
0 0.084375 0.9328125 0.05 0.0625
0 0.0125 0.896875 0.0421875 0.0578125
0 0.3046875 0.4625 0.0453125 0.05625
0 0.390625 0.5125 0.040625 0.053125
0 0.409375 0.528125 0.0484375 0.0609375
0 0.4828125 0.953125 0.04375 0.065625
0 0.446875 0.528125 0.0484375 0.065625
0 0.6734375 0.8703125 0.0484375 0.06875
0 0.8703125 0.96875 0.053125 0.071875
0 0.7375 0.9015625 0.05 0.075
0 0.7046875 0.8828125 0.053125 0.0734375
0 0.640625 0.85 0.05625 0.075
0 0.5546875 0.9421875 0.0671875 0.0828125
0 0.6125 0.8328125 0.0546875 0.075
0 0.55 0.7921875 0.0625 0.0890625
0 0.5359375 0.5953125 0.071875 0.103125
0 0.4953125 0.4859375 0.09375 0.0671875
0 0.396875 0.4578125 0.090625 0.0703125
0 0.496875 0.5703125 0.065625 0.09375
0 0.5921875 0.9609375 0.0484375 0.0640625
0 0.6171875 0.9859375 0.0625 0.0765625
