0 0.8140625 0.9953125 0.071875 0.053125
0 0.8296875 0.9703125 0.0734375 0.05625
0 0.9046875 0.8609375 0.0921875 0.0734375
0 0.8625 0.915625 0.084375 0.065625
0 0.9296875 0.7953125 0.078125 0.0609375
0 0.5328125 0.8375 0.05 0.0421875
0 0.45 0.98125 0.046875 0.0390625
0 0.4609375 0.9609375 0.05 0.040625
0 0.4734375 0.9421875 0.046875 0.0375
0 0.4859375 0.9203125 0.0453125 0.0359375
0 0.5203125 0.859375 0.0484375 0.0390625
0 0.5453125 0.8171875 0.046875 0.0375
0 0.8265625 0.6125 0.065625 0.0546875
0 0.5578125 0.796875 0.0484375 0.0359375
0 0.56875 0.778125 0.0484375 0.0375
0 0.58125 0.7578125 0.046875 0.0375
0 0.5921875 0.7359375 0.05 0.0390625
0 0.6046875 0.7140625 0.053125 0.0453125
0 0.628125 0.671875 0.0484375 0.0390625
0 0.85625 0.5578125 0.0671875 0.0546875
0 0.8109375 0.6375 0.059375 0.0484375
0 0.95 0.7671875 0.075 0.0609375
0 0.6109375 0.984375 0.06875 0.05625
0 0.9671875 0.7375 0.078125 0.0609375
0 0.640625 0.9359375 0.0609375 0.0515625
0 0.76875 0.709375 0.0484375 0.0375
0 0.66875 0.8859375 0.059375 0.046875
0 0.68125 0.859375 0.0640625 0.053125
0 0.6953125 0.8375 0.065625 0.0546875
0 0.7109375 0.8109375 0.0640625 0.0515625
0 0.7375 0.7609375 0.0671875 0.0546875
0 0.75 0.7359375 0.0609375 0.05
0 0.6421875 0.6546875 0.0453125 0.0375
0 0.653125 0.63125 0.04375 0.0359375
0 0.6671875 0.6109375 0.046875 0.0375
0 0.0453125 0.14375 0.0640625 0.046875
0 0.0015625 0.215625 0.06875 0.05
0 0.0171875 0.1921875 0.0609375 0.0484375
0 0.03125 0.1671875 0.05625 0.04375
0 0.0625 0.1203125 0.0671875 0.05
0 0.6921875 0.5703125 0.046875 0.0359375
0 0.159375 0.825 0.065625 0.053125
0 0.5390625 0.5 0.05625 0.04375
0 0.553125 0.4765625 0.0578125 0.0453125
0 0.5796875 0.4546875 0.0796875 0.059375
0 0.5859375 0.4234375 0.0515625 0.04375
0 0.61875 0.35625 0.0953125 0.0703125
0 0.1453125 0.85 0.0703125 0.0546875
0 0.175 0.8 0.0703125 0.05625
0 0.5125 0.5453125 0.0515625 0.0390625
0 0.1828125 0.7703125 0.078125 0.0578125
0 0.2171875 0.725 0.065625 0.05
0 0.23125 0.7 0.065625 0.0484375
0 0.2453125 0.671875 0.0609375 0.0484375
0 0.259375 0.65 0.0671875 0.053125
0 0.271875 0.6265625 0.065625 0.053125
0 0.525 0.521875 0.0546875 0.04375
0 0.4984375 0.56875 0.0546875 0.04375
0 0.4546875 0.8796875 0.0453125 0.059375
0 0.703125 0.55 0.05 0.040625
0 0.7140625 0.528125 0.0453125 0.0359375
0 0.7296875 0.5109375 0.0484375 0.0390625
0 0.7390625 0.4875 0.0484375 0.0390625
0 0.765625 0.4484375 0.04375 0.0375
0 0.4859375 0.8328125 0.0265625 0.0328125
0 0.3796875 0.7765625 0.0546875 0.040625
0 0.4875 0.5921875 0.05625 0.0421875
0 0.3921875 0.753125 0.0546875 0.0421875
0 0.4046875 0.7296875 0.0484375 0.0375
0 0.4234375 0.7078125 0.05625 0.04375
0 0.4328125 0.6828125 0.05625 0.04375
0 0.446875 0.6625 0.053125 0.04375
0 0.471875 0.615625 0.0546875 0.040625
0 0.2875 0.6 0.065625 0.0609375
0 0.3015625 0.575 0.0640625 0.053125
0 0.3171875 0.5515625 0.065625 0.0484375
0 0.284375 0.221875 0.078125 0.059375
0 0.1390625 0.4609375 0.071875 0.05625
0 0.1546875 0.4375 0.0734375 0.05625
0 0.16875 0.4109375 0.06875 0.0546875
0 0.2015625 0.359375 0.0765625 0.05625
0 0.2171875 0.334375 0.0796875 0.05625
0 0.2359375 0.30625 0.08125 0.0625
0 0.0375 0.4734375 0.0734375 0.0578125
0 0.33125 0.5265625 0.065625 0.053125
0 0.0875 0.3953125 0.0625 0.05
0 0.1 0.3703125 0.0640625 0.053125
0 0.125 0.490625 0.075 0.0578125
0 0.30625 0.1828125 0.078125 0.0625
0 0.0921875 0.5390625 0.0640625 0.046875
0 0.0796875 0.565625 0.06875 0.0515625
0 0.0609375 0.5890625 0.0625 0.05
0 0.046875 0.6140625 0.0625 0.0484375
0 0.0296875 0.6390625 0.0640625 0.0484375
0 0.0140625 0.6640625 0.0578125 0.046875
0 0.0046875 0.6890625 0.06875 0.0484375
0 0.4984375 0.2796875 0.1171875 0.0859375
0 0.446875 0.328125 0.0671875 0.0515625
0 0.43125 0.353125 0.0625 0.046875
0 0.3734375 0.453125 0.065625 0.053125
0 0.3609375 0.4765625 0.065625 0.0546875
0 0.3453125 0.5015625 0.059375 0.05
0 0.578125 0.6640625 0.05 0.05625
0 0.6109375 0.60625 0.0578125 0.0609375
