0 0.0046875 0.0765625 0.0609375 0.046875
0 0.01875 0.0515625 0.05625 0.0453125
0 0.03125 0.01875 0.06875 0.0546875
0 0.140625 0.1234375 0.0703125 0.0578125
0 0.165625 0.0953125 0.0640625 0.053125
0 0.0921875 0.209375 0.071875 0.05625
0 0.109375 0.1796875 0.06875 0.0578125
0 0.0734375 0.2390625 0.071875 0.05625
0 0.784375 0.8515625 0.0375 0.0546875
0 0.64375 0.703125 0.0390625 0.05
0 0.621875 0.6921875 0.0390625 0.053125
0 0.6015625 0.678125 0.0390625 0.0484375
0 0.5796875 0.6671875 0.0390625 0.0484375
0 0.5609375 0.6546875 0.0359375 0.0484375
0 0.5359375 0.640625 0.0421875 0.05
0 0.7578125 0.840625 0.046875 0.0609375
0 0.6890625 0.728125 0.0359375 0.0484375
0 0.73125 0.81875 0.040625 0.0546875
0 0.55 0.715625 0.0390625 0.05
0 0.528125 0.703125 0.0421875 0.0515625
0 0.50625 0.6921875 0.0390625 0.05
0 0.6 0.9875 0.046875 0.0625
0 0.6671875 0.715625 0.0390625 0.0484375
0 0.7109375 0.7375 0.040625 0.0546875
0 0.6296875 0.93125 0.0421875 0.0515625
0 0.9140625 0.6359375 0.0421875 0.053125
0 0.759375 0.4046875 0.0421875 0.05625
0 0.7375 0.390625 0.04375 0.0546875
0 0.8578125 0.6703125 0.0421875 0.0625
0 0.775 0.625 0.0453125 0.0546875
0 0.690625 0.5765625 0.0453125 0.05625
0 0.6703125 0.5609375 0.034375 0.046875
0 0.828125 0.5890625 0.04375 0.05625
0 0.7328125 0.75 0.0421875 0.0546875
0 0.80625 0.575 0.0359375 0.0484375
0 0.74375 0.5375 0.040625 0.0515625
0 0.6578125 0.4859375 0.0453125 0.0578125
0 0.6328125 0.475 0.0390625 0.0484375
0 0.815625 0.8015625 0.0421875 0.0515625
0 0.790625 0.78125 0.0453125 0.053125
0 0.5765625 0.971875 0.04375 0.0546875
0 0.5609375 0.8859375 0.05 0.0625
0 0.0609375 0.2703125 0.078125 0.059375
0 0.0171875 0.8984375 0.0734375 0.0625
0 0.084375 0.778125 0.090625 0.06875
0 0.103125 0.7515625 0.0734375 0.0546875
0 0.44375 0.1609375 0.0765625 0.0578125
0 0.025 0.325 0.0828125 0.059375
0 0.04375 0.3 0.0765625 0.05625
0 0.4890625 0.85 0.0421875 0.0578125
0 0.178125 0.9875 0.071875 0.0546875
0 0.19375 0.9609375 0.0703125 0.0546875
0 0.228125 0.909375 0.0765625 0.059375
0 0.78125 0.415625 0.0453125 0.05625
0 0.8671875 0.465625 0.040625 0.053125
0 0.8859375 0.48125 0.0484375 0.0609375
0 0.959375 0.90625 0.04375 0.065625
0 0.9234375 0.48125 0.0484375 0.065625
0 0.971875 0.4390625 0.09375 0.0671875
0 0.8734375 0.4109375 0.090625 0.0703125
0 0.9734375 0.5234375 0.065625 0.09375
0 0.9390625 0.98125 0.0484375 0.0671875
