0 0.1328125 0.9703125 0.025 0.0578125
0 0.1046875 0.965625 0.025 0.0640625
0 0.078125 0.965625 0.0234375 0.059375
0 0.046875 0.965625 0.0234375 0.0546875
0 0.246875 0.9703125 0.0234375 0.0640625
0 0.959375 0.8015625 0.028125 0.05625
0 0.91875 0.7984375 0.025 0.0578125
0 0.8875 0.8015625 0.025 0.0640625
0 0.85625 0.796875 0.0265625 0.0609375
0 0.8234375 0.796875 0.0203125 0.0578125
0 0.1625 0.96875 0.021875 0.0546875
0 0.3015625 0.9734375 0.021875 0.05625
0 0.7015625 0.978125 0.021875 0.071875
0 0.9484375 0.990625 0.021875 0.0625
0 0.9125 0.9859375 0.025 0.0671875
0 0.88125 0.984375 0.021875 0.065625
0 0.85 0.9828125 0.0203125 0.071875
0 0.8203125 0.9796875 0.021875 0.08125
0 0.790625 0.9765625 0.0203125 0.0703125
0 0.7328125 0.978125 0.021875 0.06875
0 0.675 0.978125 0.025 0.06875
0 0.353125 0.9609375 0.040625 0.0640625
0 0.615625 0.9765625 0.021875 0.06875
0 0.584375 0.978125 0.025 0.0625
0 0.55625 0.975 0.0203125 0.059375
0 0.5234375 0.9734375 0.025 0.065625
0 0.4921875 0.978125 0.0234375 0.0625
0 0.4625 0.971875 0.025 0.0671875
0 0.4328125 0.971875 0.0265625 0.065625
0 0.403125 0.96875 0.0234375 0.06875
0 0.7609375 0.79375 0.025 0.0578125
0 0.7 0.7984375 0.0203125 0.059375
0 0.6359375 0.7921875 0.025 0.059375
0 0.5734375 0.7890625 0.028125 0.0578125
0 0.76875 0.7234375 0.0203125 0.05
0 0.965625 0.734375 0.0421875 0.0640625
0 0.9234375 0.734375 0.021875 0.05
0 0.896875 0.725 0.021875 0.0546875
0 0.846875 0.7265625 0.021875 0.053125
0 0.81875 0.7265625 0.0203125 0.053125
0 0.79375 0.7265625 0.0203125 0.053125
0 0.7421875 0.725 0.0203125 0.04375
0 0.6671875 0.7234375 0.01875 0.0453125
0 0.6390625 0.721875 0.015625 0.046875
0 0.6140625 0.7203125 0.01875 0.05
0 0.5375 0.71875 0.0171875 0.0421875
0 0.4828125 0.7171875 0.0203125 0.0484375
0 0.378125 0.7125 0.0203125 0.05
0 0.3125 0.7125 0.01875 0.040625
0 0.2875 0.7078125 0.015625 0.053125
0 0.2375 0.7109375 0.0171875 0.05
0 0.2484375 0.7828125 0.0234375 0.0546875
0 0.5421875 0.7875 0.025 0.0578125
0 0.4765625 0.784375 0.021875 0.0609375
0 0.45 0.78125 0.0234375 0.05625
0 0.4171875 0.784375 0.025 0.0578125
0 0.3875 0.7890625 0.025 0.05625
0 0.35 0.784375 0.025 0.0578125
0 0.309375 0.78125 0.0234375 0.046875
0 0.28125 0.7765625 0.025 0.059375
0 0.215625 0.7734375 0.0234375 0.053125
0 0.1859375 0.7765625 0.021875 0.05625
0 0.1546875 0.775 0.0265625 0.0578125
0 0.1203125 0.78125 0.025 0.0625
0 0.0921875 0.775 0.025 0.0546875
0 0.059375 0.7734375 0.025 0.0578125
0 0.0296875 0.771875 0.021875 0.0578125
0 0.2625 0.709375 0.0171875 0.0484375
0 0.1890625 0.7046875 0.0171875 0.046875
0 0.1125 0.7078125 0.0171875 0.0484375
0 0.0875 0.7 0.0171875 0.0484375
0 0.0109375 0.6984375 0.0203125 0.0515625
0 0.05 0.4578125 0.075 0.0265625
0 0.04375 0.49375 0.0734375 0.0234375
0 0.04375 0.478125 0.0765625 0.0171875
0 0.1140625 0.4921875 0.0703125 0.025
0 0.1171875 0.471875 0.0703125 0.0234375
0 0.178125 0.496875 0.0625 0.0234375
0 0.2671875 0.49375 0.05625 0.021875
0 0.2671875 0.471875 0.059375 0.025
0 0.7484375 0.5078125 0.078125 0.028125
0 0.171875 0.5453125 0.021875 0.0578125
0 0.6125 0.55625 0.021875 0.0578125
0 0.5828125 0.55625 0.021875 0.05625
0 0.4984375 0.553125 0.021875 0.0625
0 0.5 0.4984375 0.0640625 0.03125
0 0.440625 0.55 0.021875 0.059375
0 0.4109375 0.5484375 0.021875 0.0515625
0 0.25625 0.546875 0.0203125 0.0546875
0 0.384375 0.55 0.021875 0.059375
0 0.14375 0.5453125 0.021875 0.059375
0 0.696875 0.5609375 0.0203125 0.0625
0 0.1140625 0.54375 0.0203125 0.0546875
0 0.084375 0.5421875 0.0234375 0.0578125
0 0.028125 0.540625 0.0234375 0.05625
0 0.66875 0.5578125 0.0203125 0.059375
0 0.78125 0.5640625 0.025 0.0640625
0 0.8109375 0.5640625 0.0203125 0.0578125
0 0.8453125 0.559375 0.025 0.06875
