0 0.6609375 0.928125 0.0265625 0.071875
0 0.7578125 0.921875 0.0234375 0.0609375
0 0.8171875 0.921875 0.025 0.0671875
0 0.85 0.9234375 0.0234375 0.0578125
0 0.94375 0.93125 0.025 0.0671875
0 0.634375 0.9234375 0.015625 0.0546875
0 0.4625 0.88125 0.0375 0.1203125
0 0.6515625 0.8453125 0.0234375 0.059375
0 0.965625 0.85625 0.025 0.0578125
0 0.9375 0.8515625 0.025 0.0640625
0 0.9109375 0.8515625 0.0234375 0.059375
0 0.8796875 0.8515625 0.0234375 0.0546875
0 0.7953125 0.8515625 0.0234375 0.053125
0 0.7640625 0.846875 0.0171875 0.0546875
0 0.7375 0.846875 0.0234375 0.0578125
0 0.7109375 0.8484375 0.025 0.05625
0 0.6234375 0.8375 0.0265625 0.0609375
0 0.5671875 0.84375 0.0234375 0.0578125
0 0.5359375 0.8390625 0.0203125 0.0640625
0 0.5046875 0.8359375 0.0234375 0.0734375
0 0.9953125 0.8546875 0.021875 0.0546875
0 0.009375 0.8390625 0.0515625 0.096875
0 0.009375 0.396875 0.046875 0.0671875
0 0.5828125 0.653125 0.0234375 0.0640625
0 0.5484375 0.6515625 0.028125 0.0703125
0 0.6453125 0.6484375 0.01875 0.0515625
0 0.6140625 0.6484375 0.0203125 0.053125
0 0.675 0.6546875 0.0203125 0.05
0 0.7078125 0.6546875 0.025 0.0625
0 0.9875 0.6609375 0.0265625 0.0578125
0 0.953125 0.6671875 0.025 0.0625
0 0.925 0.6609375 0.025 0.0546875
0 0.8921875 0.659375 0.025 0.0578125
0 0.8625 0.6578125 0.021875 0.0578125
0 0.8296875 0.6546875 0.0265625 0.0546875
0 0.7359375 0.65625 0.0234375 0.053125
0 0.9453125 0.59375 0.0171875 0.0484375
0 0.6109375 0.5796875 0.021875 0.0515625
0 0.9203125 0.5859375 0.0171875 0.0484375
0 0.84375 0.584375 0.0203125 0.0515625
0 0.8171875 0.5890625 0.01875 0.0453125
0 0.7671875 0.5859375 0.01875 0.0546875
0 0.7421875 0.5859375 0.01875 0.05
0 0.7140625 0.5859375 0.0203125 0.05
0 0.6640625 0.5859375 0.01875 0.05625
0 0.6390625 0.584375 0.01875 0.046875
0 0.5609375 0.575 0.021875 0.0625
0 0.4703125 0.615625 0.0328125 0.125
0 0.8828125 0.34375 0.075 0.0265625
0 0.8015625 0.3734375 0.0734375 0.025
0 0.8046875 0.35 0.0734375 0.0265625
0 0.8765625 0.3796875 0.0734375 0.0234375
0 0.8765625 0.3640625 0.0765625 0.0171875
0 0.946875 0.378125 0.0703125 0.025
0 0.95 0.3578125 0.0703125 0.0234375
0 0.9765625 0.43125 0.021875 0.059375
0 0.946875 0.4296875 0.0203125 0.0546875
0 0.9171875 0.428125 0.0234375 0.0578125
0 0.8609375 0.4265625 0.0234375 0.05625
0 0.8046875 0.4265625 0.01875 0.0625
0 0.48125 0.4125 0.03125 0.0765625
0 0.578125 0.41875 0.015625 0.053125
0 0.690625 0.4203125 0.0203125 0.0515625
0 0.634375 0.41875 0.0203125 0.0546875
0 0.640625 0.3546875 0.06875 0.0453125
0 0.725 0.3671875 0.0609375 0.03125
0 0.5421875 0.35625 0.0703125 0.0421875
