0 0.4375 0.875 0.028125 0.05625
0 0.396875 0.871875 0.025 0.0578125
0 0.365625 0.875 0.025 0.0640625
0 0.334375 0.8703125 0.0265625 0.0609375
0 0.3015625 0.8703125 0.0203125 0.0578125
0 0.2390625 0.8671875 0.025 0.0578125
0 0.178125 0.871875 0.0203125 0.059375
0 0.1140625 0.865625 0.025 0.059375
0 0.0515625 0.8625 0.028125 0.0578125
0 0.246875 0.796875 0.0203125 0.05
0 0.44375 0.8078125 0.0421875 0.0640625
0 0.4015625 0.8078125 0.021875 0.05
0 0.375 0.7984375 0.021875 0.0546875
0 0.325 0.8 0.021875 0.053125
0 0.296875 0.8 0.0203125 0.053125
0 0.271875 0.8 0.0203125 0.053125
0 0.2203125 0.7984375 0.0203125 0.04375
0 0.1453125 0.796875 0.01875 0.0453125
0 0.1171875 0.7953125 0.015625 0.046875
0 0.0921875 0.79375 0.01875 0.05
0 0.015625 0.7921875 0.0171875 0.0421875
0 0.0203125 0.8609375 0.025 0.0578125
0 0.2265625 0.58125 0.078125 0.028125
0 0.090625 0.6296875 0.021875 0.0578125
0 0.0609375 0.6296875 0.021875 0.05625
0 0.175 0.634375 0.0203125 0.0625
0 0.146875 0.63125 0.0203125 0.059375
0 0.259375 0.6375 0.025 0.0640625
0 0.2890625 0.6375 0.0203125 0.0578125
0 0.3234375 0.6328125 0.025 0.06875
