0 0.378125 0.465625 0.0203125 0.053125
0 0.3515625 0.4609375 0.01875 0.0546875
0 0.321875 0.4625 0.0234375 0.0578125
0 0.2640625 0.4625 0.021875 0.05625
0 0.234375 0.459375 0.0234375 0.0609375
0 0.20625 0.459375 0.01875 0.0546875
0 0.178125 0.4578125 0.0203125 0.0484375
0 0.1515625 0.459375 0.0203125 0.0625
0 0.121875 0.4578125 0.025 0.059375
0 0.0921875 0.4609375 0.0203125 0.0625
0 0.0640625 0.4546875 0.0203125 0.05625
0 0.0375 0.4609375 0.025 0.0671875
0 0.721875 0.4 0.0203125 0.05
0 0.6953125 0.4015625 0.021875 0.0515625
0 0.665625 0.4 0.01875 0.05625
0 0.6375 0.3984375 0.025 0.0578125
0 0.6078125 0.39375 0.021875 0.0625
0 0.578125 0.396875 0.0203125 0.05
0 0.5515625 0.39375 0.0171875 0.05625
0 0.4046875 0.4625 0.01875 0.0515625
0 0.434375 0.4640625 0.0234375 0.0578125
0 0.4640625 0.4671875 0.0203125 0.059375
0 0.5203125 0.46875 0.021875 0.059375
0 0.7765625 0.4390625 0.0515625 0.096875
0 0.7203125 0.48125 0.0234375 0.0703125
0 0.690625 0.475 0.0234375 0.0515625
0 0.6640625 0.4734375 0.0234375 0.0578125
0 0.6046875 0.475 0.0234375 0.0625
0 0.578125 0.465625 0.0234375 0.0609375
0 0.5234375 0.39375 0.0203125 0.053125
0 0.49375 0.3921875 0.0234375 0.065625
0 0.4640625 0.3921875 0.021875 0.0453125
0 0.4359375 0.3953125 0.0171875 0.05625
0 0.1234375 0.378125 0.028125 0.075
0 0.4078125 0.3921875 0.021875 0.053125
0 0.3234375 0.384375 0.0171875 0.0453125
0 0.29375 0.390625 0.01875 0.0578125
0 0.265625 0.38125 0.0203125 0.059375
0 0.2390625 0.3875 0.01875 0.05625
0 0.2078125 0.3859375 0.0203125 0.05625
0 0.18125 0.3890625 0.0234375 0.0515625
0 0.15 0.3875 0.021875 0.0515625
0 0.0671875 0.3828125 0.0203125 0.0578125
0 0.6765625 0.16875 0.0203125 0.0484375
0 0.6515625 0.1625 0.0171875 0.0515625
0 0.55 0.1625 0.01875 0.04375
0 0.5234375 0.1625 0.015625 0.046875
0 0.3953125 0.1546875 0.01875 0.053125
0 0.3703125 0.1578125 0.0171875 0.0484375
0 0.1640625 0.1546875 0.0203125 0.0515625
0 0.340625 0.65 0.025 0.0625
0 0.0546875 0.734375 0.03125 0.084375
0 0.015625 0.73125 0.028125 0.0703125
0 0.584375 0.659375 0.0234375 0.0625
0 0.553125 0.659375 0.025 0.0671875
0 0.521875 0.653125 0.0265625 0.0671875
0 0.4921875 0.6546875 0.0265625 0.065625
0 0.403125 0.65625 0.025 0.06875
0 0.3703125 0.653125 0.0234375 0.065625
0 0.309375 0.646875 0.025 0.0609375
0 0.13125 0.7375 0.03125 0.0859375
0 0.278125 0.6484375 0.025 0.0671875
0 0.2484375 0.6484375 0.0234375 0.0671875
0 0.21875 0.6515625 0.0234375 0.0625
0 0.1890625 0.6453125 0.0234375 0.0640625
0 0.1578125 0.6421875 0.0234375 0.0609375
0 0.096875 0.646875 0.021875 0.0609375
0 0.0671875 0.6453125 0.0234375 0.065625
0 0.0375 0.6421875 0.0265625 0.0671875
0 0.0921875 0.73125 0.03125 0.0828125
0 0.16875 0.7390625 0.0328125 0.084375
0 0.328125 0.7453125 0.0328125 0.08125
0 0.628125 0.7328125 0.040625 0.18125
0 0.578125 0.7734375 0.0328125 0.1296875
0 0.53125 0.7671875 0.0359375 0.0953125
0 0.490625 0.771875 0.0328125 0.1265625
0 0.45 0.7515625 0.034375 0.090625
0 0.4125 0.759375 0.025 0.084375
0 0.3703125 0.75 0.0265625 0.078125
