0 0.603125 0.8875 0.0265625 0.071875
0 0.7 0.88125 0.0234375 0.0609375
0 0.759375 0.88125 0.025 0.0671875
0 0.7921875 0.8828125 0.0234375 0.0578125
0 0.8859375 0.890625 0.025 0.0671875
0 0.5765625 0.8828125 0.015625 0.0546875
0 0.4046875 0.840625 0.0375 0.1203125
0 0.59375 0.8046875 0.0234375 0.059375
0 0.9078125 0.815625 0.025 0.0578125
0 0.8796875 0.8109375 0.025 0.0640625
0 0.853125 0.8109375 0.0234375 0.059375
0 0.821875 0.8109375 0.0234375 0.0546875
0 0.7375 0.8109375 0.0234375 0.053125
0 0.70625 0.80625 0.0171875 0.0546875
0 0.6796875 0.80625 0.0234375 0.0578125
0 0.653125 0.8078125 0.025 0.05625
0 0.565625 0.796875 0.0265625 0.0609375
0 0.509375 0.803125 0.0234375 0.0578125
0 0.478125 0.7984375 0.0203125 0.0640625
0 0.446875 0.7953125 0.0234375 0.0734375
0 0.9375 0.8140625 0.021875 0.0546875
0 0.525 0.6125 0.0234375 0.0640625
0 0.490625 0.6109375 0.028125 0.0703125
0 0.5875 0.6078125 0.01875 0.0515625
0 0.55625 0.6078125 0.0203125 0.053125
0 0.6171875 0.6140625 0.0203125 0.05
0 0.990625 0.61875 0.0234375 0.053125
0 0.65 0.6140625 0.025 0.0625
0 0.9609375 0.621875 0.021875 0.05625
0 0.9296875 0.6203125 0.0265625 0.0578125
0 0.8953125 0.6265625 0.025 0.0625
0 0.8671875 0.6203125 0.025 0.0546875
0 0.834375 0.61875 0.025 0.0578125
0 0.8046875 0.6171875 0.021875 0.0578125
0 0.771875 0.6140625 0.0265625 0.0546875
0 0.678125 0.615625 0.0234375 0.053125
0 0.9640625 0.55 0.0171875 0.046875
0 0.8875 0.553125 0.0171875 0.0484375
0 0.553125 0.5390625 0.021875 0.0515625
0 0.8625 0.5453125 0.0171875 0.0484375
0 0.7859375 0.54375 0.0203125 0.0515625
0 0.759375 0.5484375 0.01875 0.0453125
0 0.709375 0.5453125 0.01875 0.0546875
0 0.684375 0.5453125 0.01875 0.05
0 0.65625 0.5453125 0.0203125 0.05
0 0.60625 0.5453125 0.01875 0.05625
0 0.58125 0.54375 0.01875 0.046875
0 0.503125 0.534375 0.021875 0.0625
0 0.4125 0.575 0.0328125 0.125
0 0.825 0.303125 0.075 0.0265625
0 0.74375 0.3328125 0.0734375 0.025
0 0.746875 0.309375 0.0734375 0.0265625
0 0.81875 0.3390625 0.0734375 0.0234375
0 0.81875 0.3234375 0.0765625 0.0171875
0 0.8890625 0.3375 0.0703125 0.025
0 0.8921875 0.3171875 0.0703125 0.0234375
0 0.953125 0.3421875 0.0625 0.0234375
0 0.946875 0.390625 0.021875 0.0578125
0 0.91875 0.390625 0.021875 0.059375
0 0.8890625 0.3890625 0.0203125 0.0546875
0 0.859375 0.3875 0.0234375 0.0578125
0 0.803125 0.3859375 0.0234375 0.05625
0 0.746875 0.3859375 0.01875 0.0625
0 0.4234375 0.371875 0.03125 0.0765625
0 0.5203125 0.378125 0.015625 0.053125
0 0.6328125 0.3796875 0.0203125 0.0515625
0 0.5765625 0.378125 0.0203125 0.0546875
0 0.5828125 0.3140625 0.06875 0.0453125
0 0.6671875 0.3265625 0.0609375 0.03125
0 0.484375 0.315625 0.0703125 0.0421875
