0 0.1546875 0.2140625 0.025 0.0625
0 0.121875 0.209375 0.0234375 0.0625
0 0.090625 0.20625 0.025 0.059375
0 0.1875 0.209375 0.025 0.06875
0 0.05 0.296875 0.0296875 0.08125
0 0.1203125 0.2984375 0.0296875 0.0734375
0 0.484375 0.3140625 0.04375 0.078125
0 0.1578125 0.2984375 0.025 0.08125
0 0.4921875 0.228125 0.046875 0.0875
0 0.4421875 0.215625 0.0265625 0.06875
0 0.4078125 0.215625 0.0234375 0.0703125
0 0.4375 0.303125 0.0296875 0.08125
0 0.4 0.30625 0.028125 0.0796875
0 0.296875 0.3015625 0.0265625 0.06875
0 0.2625 0.3 0.028125 0.0765625
0 0.190625 0.3046875 0.028125 0.0875
0 0.33125 0.0265625 0.028125 0.075
0 0.2953125 0.025 0.03125 0.0765625
0 0.25625 0.0234375 0.0296875 0.08125
0 0.2203125 0.01875 0.028125 0.0734375
0 0.3671875 0.0265625 0.028125 0.071875
0 0.403125 0.0265625 0.0296875 0.0765625
0 0.440625 0.028125 0.0296875 0.078125
0 0.4796875 0.028125 0.0296875 0.08125
0 0.146875 0.0234375 0.028125 0.0671875
0 0.109375 0.021875 0.025 0.0796875
0 0.071875 0.01875 0.0265625 0.0765625
0 0.0359375 0.0171875 0.025 0.078125
0 0.0640625 0.5015625 0.028125 0.06875
0 0.0984375 0.5109375 0.021875 0.078125
0 0.046875 0.61875 0.0359375 0.0984375
0 0.475 0.6 0.046875 0.1625
0 0.41875 0.6328125 0.0296875 0.1109375
0 0.38125 0.6203125 0.028125 0.0875
0 0.328125 0.6359375 0.0359375 0.1265625
0 0.275 0.6234375 0.03125 0.1015625
0 0.2296875 0.6265625 0.03125 0.0953125
0 0.14375 0.6171875 0.0296875 0.0890625
0 0.096875 0.6140625 0.0359375 0.0984375
0 0.0046875 0.6140625 0.0359375 0.0984375
0 0.1296875 0.5109375 0.025 0.065625
0 0.434375 0.5140625 0.0265625 0.0734375
0 0.4 0.515625 0.0234375 0.075
0 0.3671875 0.515625 0.028125 0.078125
0 0.334375 0.515625 0.0234375 0.078125
0 0.3 0.5125 0.025 0.075
0 0.2640625 0.5125 0.025 0.08125
0 0.1984375 0.515625 0.0265625 0.0703125
0 0.1640625 0.5125 0.025 0.0671875
