0 0.4234375 0.384375 0.0203125 0.053125
0 0.396875 0.3796875 0.01875 0.0546875
0 0.3671875 0.38125 0.0234375 0.0578125
0 0.309375 0.38125 0.021875 0.05625
0 0.2796875 0.378125 0.0234375 0.0609375
0 0.2515625 0.378125 0.01875 0.0546875
0 0.2234375 0.3765625 0.0203125 0.0484375
0 0.196875 0.378125 0.0203125 0.0625
0 0.1671875 0.3765625 0.025 0.059375
0 0.1375 0.3796875 0.0203125 0.0625
0 0.109375 0.3734375 0.0203125 0.05625
0 0.0828125 0.3796875 0.025 0.0671875
0 0.7671875 0.31875 0.0203125 0.05
0 0.740625 0.3203125 0.021875 0.0515625
0 0.7109375 0.31875 0.01875 0.05625
0 0.6828125 0.3171875 0.025 0.0578125
0 0.653125 0.3125 0.021875 0.0625
0 0.6234375 0.315625 0.0203125 0.05
0 0.596875 0.3125 0.0171875 0.05625
0 0.45 0.38125 0.01875 0.0515625
0 0.4796875 0.3828125 0.0234375 0.0578125
0 0.509375 0.3859375 0.0203125 0.059375
0 0.565625 0.3875 0.021875 0.059375
0 0.821875 0.3578125 0.0515625 0.096875
0 0.765625 0.4 0.0234375 0.0703125
0 0.7359375 0.39375 0.0234375 0.0515625
0 0.709375 0.3921875 0.0234375 0.0578125
0 0.65 0.39375 0.0234375 0.0625
0 0.6234375 0.384375 0.0234375 0.0609375
0 0.56875 0.3125 0.0203125 0.053125
0 0.5390625 0.3109375 0.0234375 0.065625
0 0.509375 0.3109375 0.021875 0.0453125
0 0.48125 0.3140625 0.0171875 0.05625
0 0.16875 0.296875 0.028125 0.075
0 0.453125 0.3109375 0.021875 0.053125
0 0.36875 0.303125 0.0171875 0.0453125
0 0.3390625 0.309375 0.01875 0.0578125
0 0.3109375 0.3 0.0203125 0.059375
0 0.284375 0.30625 0.01875 0.05625
0 0.253125 0.3046875 0.0203125 0.05625
0 0.2265625 0.3078125 0.0234375 0.0515625
0 0.1953125 0.30625 0.021875 0.0515625
0 0.1125 0.3015625 0.0203125 0.0578125
0 0.721875 0.0875 0.0203125 0.0484375
0 0.696875 0.08125 0.0171875 0.0515625
0 0.5953125 0.08125 0.01875 0.04375
0 0.56875 0.08125 0.015625 0.046875
0 0.440625 0.0734375 0.01875 0.053125
0 0.415625 0.0765625 0.0171875 0.0484375
0 0.209375 0.0734375 0.0203125 0.0515625
0 0.3859375 0.56875 0.025 0.0625
0 0.1 0.653125 0.03125 0.084375
0 0.0609375 0.65 0.028125 0.0703125
0 0.6296875 0.578125 0.0234375 0.0625
0 0.5984375 0.578125 0.025 0.0671875
0 0.5671875 0.571875 0.0265625 0.0671875
0 0.5375 0.5734375 0.0265625 0.065625
0 0.4484375 0.575 0.025 0.06875
0 0.415625 0.571875 0.0234375 0.065625
0 0.3546875 0.565625 0.025 0.0609375
0 0.1765625 0.65625 0.03125 0.0859375
0 0.3234375 0.5671875 0.025 0.0671875
0 0.29375 0.5671875 0.0234375 0.0671875
0 0.2640625 0.5703125 0.0234375 0.0625
0 0.234375 0.5640625 0.0234375 0.0640625
0 0.203125 0.5609375 0.0234375 0.0609375
0 0.1421875 0.565625 0.021875 0.0609375
0 0.1125 0.5640625 0.0234375 0.065625
0 0.0828125 0.5609375 0.0265625 0.0671875
0 0.1375 0.65 0.03125 0.0828125
0 0.2140625 0.6578125 0.0328125 0.084375
0 0.3734375 0.6640625 0.0328125 0.08125
0 0.6734375 0.6515625 0.040625 0.18125
0 0.6234375 0.6921875 0.0328125 0.1296875
0 0.5765625 0.6859375 0.0359375 0.0953125
0 0.5359375 0.690625 0.0328125 0.1265625
0 0.4953125 0.6703125 0.034375 0.090625
0 0.4578125 0.678125 0.025 0.084375
0 0.415625 0.66875 0.0265625 0.078125
