0 0.2390625 0.3453125 0.1171875 0.109375
0 0.36875 0.321875 0.078125 0.0703125
0 0.2765625 0.3875 0.103125 0.0921875
0 0.3890625 0.3625 0.0828125 0.071875
0 0.2984375 0.4234375 0.0859375 0.0875
0 0.209375 0.2984375 0.109375 0.09375
0 0.334375 0.271875 0.0921875 0.0796875
0 0.303125 0.2359375 0.0796875 0.06875
0 0.184375 0.2515625 0.109375 0.096875
0 0.2703125 0.1859375 0.0828125 0.071875
0 0.1828125 0.175 0.1625 0.1359375
0 0.575 0.2421875 0.090625 0.0578125
0 0.49375 0.171875 0.059375 0.0921875
0 0.46875 0.1140625 0.059375 0.0390625
0 0.446875 0.0640625 0.0734375 0.0421875
0 0.425 0.0140625 0.075 0.046875
0 0.0140625 0.0 0.065625 0.0828125
0 0.3328125 0.475 0.1078125 0.1015625
0 0.0203125 0.5046875 0.10625 0.0859375
0 0.0609375 0.5421875 0.096875 0.084375
0 0.0765625 0.596875 0.1 0.0890625
0 0.021875 0.703125 0.0890625 0.0828125
0 0.1015625 0.6421875 0.08125 0.06875
0 0.4328125 0.403125 0.1 0.0796875
0 0.4125 0.55625 0.084375 0.0671875
0 0.43125 0.596875 0.078125 0.078125
0 0.4859375 0.5 0.078125 0.0625
0 0.4609375 0.65 0.109375 0.084375
0 0.553125 0.5828125 0.0859375 0.0625
0 0.490625 0.690625 0.1125 0.0890625
0 0.525 0.734375 0.090625 0.0828125
0 0.5515625 0.771875 0.096875 0.0859375
0 0.6203125 0.66875 0.084375 0.0671875
0 0.6953125 0.8015625 0.0734375 0.0609375
0 0.5875 0.8203125 0.1 0.090625
0 0.665625 0.9734375 0.0671875 0.0609375
0 0.6390625 0.91875 0.103125 0.0890625
0 0.1421875 0.6734375 0.1 0.08125
0 0.3640625 0.9875 0.0890625 0.0765625
0 0.325 0.9359375 0.090625 0.075
0 0.2953125 0.9015625 0.078125 0.0671875
0 0.2609375 0.8546875 0.0875 0.0640625
0 0.2328125 0.815625 0.0875 0.0765625
0 0.10625 0.8375 0.115625 0.1
0 0.2140625 0.759375 0.1265625 0.0984375
0 0.084375 0.7890625 0.0921875 0.0828125
0 0.16875 0.7265625 0.090625 0.0765625
0 0.034375 0.7546875 0.1078125 0.096875
