0 0.1765625 0.8984375 0.0984375 0.0890625
0 0.065625 0.99375 0.11875 0.1171875
0 0.253125 0.990625 0.0859375 0.08125
0 0.203125 0.9390625 0.09375 0.0859375
0 0.1296875 0.846875 0.1 0.0859375
0 0.1125 0.7953125 0.1265625 0.1203125
0 0.06875 0.7484375 0.109375 0.1078125
0 0.015625 0.7234375 0.1078125 0.0984375
0 0.0765625 0.9390625 0.0546875 0.0578125
0 0.0328125 0.9375 0.0984375 0.0984375
0 0.009375 0.8984375 0.0984375 0.0765625
0 0.059375 0.084375 0.2109375 0.184375
0 0.2078125 0.14375 0.0984375 0.08125
0 0.2390625 0.1828125 0.1015625 0.0875
0 0.278125 0.2375 0.09375 0.08125
0 0.46875 0.725 0.1234375 0.1109375
0 0.5 0.7734375 0.11875 0.103125
0 0.5421875 0.8015625 0.071875 0.0671875
0 0.6203125 0.6921875 0.0953125 0.08125
0 0.6359375 0.7375 0.0890625 0.06875
0 0.45625 0.0296875 0.0984375 0.0875
0 0.6203125 0.053125 0.1 0.0890625
0 0.559375 0.6546875 0.0796875 0.071875
0 0.546875 0.5984375 0.1140625 0.090625
0 0.4078125 0.6296875 0.1078125 0.1
0 0.5 0.55625 0.090625 0.0796875
0 0.4671875 0.5171875 0.1015625 0.075
0 0.3296875 0.54375 0.1265625 0.109375
0 0.3125 0.49375 0.103125 0.090625
0 0.4375 0.4578125 0.0953125 0.0796875
0 0.4109375 0.4171875 0.1015625 0.0859375
0 0.2671875 0.4390625 0.0984375 0.084375
0 0.371875 0.371875 0.1109375 0.0953125
0 0.2390625 0.3984375 0.1078125 0.096875
0 0.34375 0.33125 0.0953125 0.084375
0 0.309375 0.275 0.0984375 0.0859375
0 0.175 0.30625 0.109375 0.090625
0 0.0984375 0.2140625 0.1171875 0.10625
0 0.0671875 0.175 0.128125 0.1109375
0 0.509375 0.1296875 0.11875 0.0984375
0 0.565625 0.159375 0.0890625 0.0828125
0 0.6453125 0.0984375 0.08125 0.06875
0 0.95625 0.0125 0.084375 0.0671875
0 0.975 0.053125 0.078125 0.078125
0 0.6859375 0.1296875 0.1 0.08125
0 0.9890625 0.5703125 0.0859375 0.0671875
0 0.8828125 0.596875 0.0859375 0.075
0 0.94375 0.4734375 0.1 0.071875
0 0.9078125 0.44375 0.0890625 0.0765625
0 0.86875 0.3921875 0.090625 0.075
0 0.778125 0.4671875 0.109375 0.0859375
0 0.8390625 0.3578125 0.078125 0.0671875
0 0.8046875 0.3109375 0.0875 0.0640625
0 0.7765625 0.271875 0.0875 0.0765625
0 0.65 0.29375 0.115625 0.1
0 0.7578125 0.215625 0.1265625 0.0984375
0 0.628125 0.2453125 0.0921875 0.0828125
0 0.7125 0.1828125 0.090625 0.0765625
0 0.578125 0.2109375 0.1078125 0.096875
