0 0.378125 0.8125 0.1234375 0.1796875
0 0.440625 0.846875 0.1234375 0.165625
0 0.490625 0.8828125 0.109375 0.15625
0 0.5640625 0.89375 0.1359375 0.190625
0 0.609375 0.93125 0.13125 0.190625
0 0.64375 0.99375 0.0828125 0.11875
0 0.7828125 0.5625 0.09375 0.1203125
0 0.7265625 0.5296875 0.103125 0.1234375
0 0.68125 0.4984375 0.09375 0.1171875
0 0.6234375 0.453125 0.0765625 0.0984375
0 0.5546875 0.459375 0.121875 0.1609375
0 0.5078125 0.41875 0.0921875 0.128125
0 0.2671875 0.765625 0.109375 0.14375
0 0.225 0.709375 0.140625 0.20625
0 0.1625 0.6828125 0.121875 0.1671875
0 0.0453125 0.61875 0.1265625 0.178125
0 0.45625 0.39375 0.1046875 0.1421875
0 0.409375 0.359375 0.096875 0.13125
0 0.3609375 0.328125 0.0765625 0.1046875
0 0.3828125 0.15625 0.1046875 0.134375
0 0.846875 0.4640625 0.0609375 0.0796875
0 0.7890625 0.4078125 0.0765625 0.0984375
0 0.75625 0.3734375 0.084375 0.1078125
0 0.7 0.3390625 0.09375 0.1125
0 0.6546875 0.290625 0.1125 0.1625
0 0.6046875 0.2640625 0.1125 0.1515625
0 0.5484375 0.2390625 0.1046875 0.1546875
0 0.4953125 0.2109375 0.1046875 0.15
0 0.4421875 0.1828125 0.103125 0.1453125
0 0.3390625 0.109375 0.1328125 0.165625
0 0.296875 0.3 0.11875 0.1578125
0 0.2765625 0.1 0.0953125 0.125
0 0.234375 0.05625 0.1046875 0.14375
0 0.1578125 0.04375 0.071875 0.096875
0 0.11875 0.0078125 0.096875 0.1296875
0 0.0953125 0.15 0.0796875 0.1
0 0.1421875 0.20625 0.1078125 0.1546875
0 0.2515625 0.2609375 0.103125 0.14375
