0 0.3859375 0.1328125 0.1171875 0.109375
0 0.515625 0.109375 0.078125 0.0703125
0 0.4234375 0.175 0.103125 0.0921875
0 0.5359375 0.15 0.0828125 0.071875
0 0.4453125 0.2109375 0.0859375 0.0875
0 0.35625 0.0859375 0.109375 0.09375
0 0.48125 0.059375 0.0921875 0.0796875
0 0.45 0.0234375 0.0796875 0.06875
0 0.33125 0.0390625 0.109375 0.096875
0 0.721875 0.0296875 0.090625 0.0578125
0 0.0234375 0.1875 0.1546875 0.1296875
0 0.1046875 0.2 0.0984375 0.090625
0 0.4796875 0.2625 0.1078125 0.1015625
0 0.140625 0.2484375 0.096875 0.0765625
0 0.034375 0.3234375 0.0984375 0.0796875
0 0.059375 0.3609375 0.0984375 0.0875
0 0.1671875 0.2921875 0.10625 0.0859375
0 0.2078125 0.3296875 0.096875 0.084375
0 0.2234375 0.384375 0.1 0.0890625
0 0.1625 0.9859375 0.0796875 0.071875
0 0.15 0.9296875 0.1140625 0.090625
0 0.0109375 0.9609375 0.1078125 0.1
0 0.103125 0.8875 0.090625 0.0796875
0 0.0703125 0.8484375 0.1015625 0.075
0 0.040625 0.7890625 0.0953125 0.0796875
0 0.0140625 0.7484375 0.1015625 0.0859375
0 0.1125 0.4609375 0.11875 0.0984375
0 0.16875 0.490625 0.0890625 0.0828125
0 0.2484375 0.4296875 0.08125 0.06875
0 0.7375 0.7984375 0.06875 0.078125
0 0.5796875 0.190625 0.1 0.0796875
0 0.559375 0.34375 0.084375 0.0671875
0 0.578125 0.384375 0.078125 0.078125
0 0.6328125 0.2875 0.078125 0.0625
0 0.6078125 0.4375 0.109375 0.084375
0 0.7 0.3703125 0.0859375 0.0625
0 0.6375 0.478125 0.1125 0.0890625
0 0.671875 0.521875 0.090625 0.0828125
0 0.6984375 0.559375 0.096875 0.0859375
0 0.7671875 0.45625 0.084375 0.0671875
0 0.8421875 0.5890625 0.0734375 0.0609375
0 0.734375 0.6078125 0.1 0.090625
0 0.8125 0.7609375 0.0671875 0.0609375
0 0.7859375 0.70625 0.103125 0.0890625
0 0.6984375 0.8234375 0.0953125 0.0953125
0 0.2890625 0.4609375 0.1 0.08125
0 0.5921875 0.9015625 0.0859375 0.0671875
0 0.4859375 0.928125 0.0859375 0.075
0 0.546875 0.8046875 0.1 0.071875
0 0.5109375 0.775 0.0890625 0.0765625
0 0.471875 0.7234375 0.090625 0.075
0 0.38125 0.7984375 0.109375 0.0859375
0 0.4421875 0.6890625 0.078125 0.0671875
0 0.4078125 0.6421875 0.0875 0.0640625
0 0.3796875 0.603125 0.0875 0.0765625
0 0.253125 0.625 0.115625 0.1
0 0.3609375 0.546875 0.1265625 0.0984375
0 0.23125 0.5765625 0.0921875 0.0828125
0 0.315625 0.5140625 0.090625 0.0765625
0 0.18125 0.5421875 0.1078125 0.096875
