0 0.534375 0.75625 0.1265625 0.1296875
0 0.421875 0.884375 0.1203125 0.128125
0 0.5796875 0.7875 0.1390625 0.1484375
0 0.6296875 0.8296875 0.1328125 0.1484375
0 0.478125 0.9109375 0.11875 0.1203125
0 0.51875 0.9546875 0.1234375 0.125
0 0.7234375 0.90625 0.140625 0.14375
0 0.753125 0.9625 0.109375 0.11875
0 0.8125 0.9921875 0.134375 0.14375
0 0.3828125 0.8375 0.1109375 0.1265625
0 0.3203125 0.809375 0.14375 0.1515625
0 0.4734375 0.7234375 0.1078125 0.1078125
0 0.4421875 0.6734375 0.128125 0.1375
0 0.3203125 0.6953125 0.1984375 0.21875
0 0.953125 0.65625 0.13125 0.1234375
0 0.9265625 0.60625 0.11875 0.1140625
0 0.871875 0.5671875 0.1328125 0.125
0 0.8359375 0.5203125 0.1375 0.121875
0 0.965625 0.4109375 0.140625 0.121875
0 0.8 0.46875 0.121875 0.1140625
0 0.9296875 0.3671875 0.1484375 0.125
0 0.746875 0.4421875 0.134375 0.128125
0 0.7078125 0.3984375 0.16875 0.1609375
0 0.8375 0.2765625 0.1265625 0.1296875
