0 0.2671875 0.028125 0.090625 0.1015625
0 0.00625 0.2578125 0.1109375 0.1484375
0 0.0546875 0.3046875 0.096875 0.1203125
0 0.109375 0.3328125 0.0984375 0.1328125
0 0.03125 0.4609375 0.1 0.13125
0 0.084375 0.4734375 0.078125 0.1
0 0.1421875 0.5140625 0.096875 0.1203125
0 0.2 0.4015625 0.071875 0.0796875
0 0.2375 0.4234375 0.0765625 0.0859375
0 0.18125 0.55 0.084375 0.128125
0 0.184375 0.9921875 0.0765625 0.0984375
0 0.1515625 0.9578125 0.084375 0.1078125
0 0.0953125 0.9234375 0.09375 0.1125
0 0.05 0.875 0.1125 0.1625
0 0.0 0.8484375 0.1125 0.1515625
