0 0.00625 0.6296875 0.0328125 0.05
0 0.0640625 0.56875 0.04375 0.071875
0 0.034375 0.5515625 0.0546875 0.084375
0 0.0015625 0.540625 0.0484375 0.0765625
0 0.059375 0.8546875 0.0421875 0.03125
0 0.11875 0.821875 0.0375 0.053125
0 0.0953125 0.8125 0.034375 0.046875
0 0.071875 0.8 0.0359375 0.059375
0 0.025 0.78125 0.0359375 0.059375
0 0.028125 0.64375 0.0390625 0.0609375
0 0.1921875 0.871875 0.03125 0.04375
0 0.4828125 0.196875 0.0296875 0.040625
0 0.228125 0.78125 0.0328125 0.046875
0 0.290625 0.0109375 0.0578125 0.090625
0 0.3265625 0.025 0.0578125 0.0921875
0 0.3578125 0.0421875 0.053125 0.0828125
0 0.021875 0.00625 0.0546875 0.084375
0 0.05625 0.0203125 0.0484375 0.0734375
0 0.39375 0.05625 0.0578125 0.0921875
0 0.4234375 0.071875 0.059375 0.084375
0 0.459375 0.0859375 0.053125 0.0890625
0 0.5328125 0.0890625 0.0328125 0.046875
0 0.4109375 0.178125 0.053125 0.0859375
0 0.378125 0.16875 0.05 0.078125
0 0.3453125 0.153125 0.0546875 0.0890625
0 0.315625 0.1328125 0.05 0.08125
0 0.2828125 0.1234375 0.053125 0.0828125
0 0.25 0.103125 0.05 0.084375
0 0.215625 0.09375 0.0484375 0.0796875
0 0.1828125 0.08125 0.05 0.0796875
0 0.1546875 0.0625 0.053125 0.0796875
0 0.11875 0.05 0.0515625 0.078125
0 0.0875 0.0375 0.046875 0.075
0 0.4328125 0.965625 0.0484375 0.021875
0 0.5078125 0.80625 0.0625 0.028125
0 0.5859375 0.81875 0.0890625 0.0359375
0 0.49375 0.8453125 0.078125 0.04375
0 0.571875 0.859375 0.0796875 0.0328125
0 0.471875 0.8796875 0.0640625 0.040625
0 0.453125 0.9234375 0.0703125 0.0265625
0 0.5234375 0.9296875 0.0578125 0.021875
0 0.44375 0.9453125 0.0640625 0.0234375
0 0.496875 0.971875 0.0703125 0.025
0 0.4265625 0.9984375 0.0875 0.0265625
0 0.5140625 0.78125 0.06875 0.0328125
0 0.59375 0.7875 0.065625 0.0390625
0 0.5296875 0.7625 0.06875 0.04375
0 0.6125 0.759375 0.0734375 0.0453125
0 0.2359375 0.4296875 0.0484375 0.075
0 0.265625 0.4453125 0.0453125 0.06875
0 0.296875 0.459375 0.046875 0.0796875
0 0.33125 0.3671875 0.0546875 0.0859375
0 0.3625 0.384375 0.046875 0.075
0 0.328125 0.471875 0.053125 0.0828125
0 0.3515625 0.496875 0.0296875 0.0453125
0 0.6171875 0.7265625 0.0828125 0.053125
0 0.7078125 0.70625 0.034375 0.0609375
0 0.725 0.7140625 0.034375 0.0625
0 0.6484375 0.646875 0.078125 0.0515625
0 0.6375 0.671875 0.08125 0.053125
0 0.6375 0.703125 0.0984375 0.0625
0 0.5421875 0.7203125 0.0640625 0.04375
0 0.5453125 0.74375 0.0578125 0.0359375
0 0.7234375 0.95 0.0953125 0.0328125
0 0.728125 0.9109375 0.0953125 0.034375
0 0.0515625 0.65625 0.0359375 0.0546875
0 0.075 0.6640625 0.0375 0.0578125
0 0.7421875 0.871875 0.0703125 0.0265625
0 0.1015625 0.675 0.0359375 0.0515625
0 0.740625 0.8453125 0.0859375 0.0265625
0 0.75625 0.81875 0.0703125 0.028125
0 0.75625 0.7953125 0.053125 0.0234375
0 0.7625 0.7734375 0.046875 0.021875
0 0.7546875 0.746875 0.0671875 0.0265625
0 0.2875 0.646875 0.03125 0.0421875
0 0.2203125 0.6265625 0.05625 0.08125
0 0.1875 0.6171875 0.05 0.0796875
0 0.159375 0.5984375 0.046875 0.078125
0 0.1234375 0.59375 0.0578125 0.075
0 0.21875 0.728125 0.0296875 0.0515625
0 0.1921875 0.7171875 0.0296875 0.0484375
0 0.1703125 0.709375 0.034375 0.0546875
0 0.15 0.6953125 0.0375 0.0546875
0 0.125 0.6828125 0.0296875 0.0515625
0 0.203125 0.41875 0.05 0.0796875
0 0.1734375 0.4078125 0.0484375 0.075
0 0.1453125 0.3890625 0.0390625 0.0578125
0 0.1109375 0.378125 0.04375 0.0703125
0 0.0796875 0.3625 0.046875 0.0734375
0 0.0484375 0.3546875 0.0515625 0.08125
0 0.015625 0.34375 0.046875 0.0703125
0 0.2625 0.340625 0.0484375 0.078125
0 0.2328125 0.325 0.05 0.084375
0 0.2 0.309375 0.0515625 0.0828125
0 0.1359375 0.28125 0.0515625 0.084375
0 0.00625 0.225 0.0546875 0.0796875
0 0.0359375 0.2390625 0.05625 0.084375
0 0.071875 0.25625 0.0578125 0.0796875
