0 0.06875 0.4734375 0.0203125 0.0484375
0 0.034375 0.528125 0.040625 0.01875
0 0.15625 0.35625 0.0328125 0.05
0 0.13125 0.346875 0.040625 0.05625
0 0.2140625 0.2953125 0.04375 0.071875
0 0.184375 0.278125 0.0546875 0.084375
0 0.1515625 0.2671875 0.0484375 0.0765625
0 0.121875 0.25 0.053125 0.084375
0 0.0890625 0.2375 0.05 0.078125
0 0.0578125 0.225 0.05 0.0734375
0 0.0296875 0.2078125 0.0515625 0.0765625
0 0.065625 0.334375 0.0421875 0.0671875
0 0.0 0.303125 0.053125 0.084375
0 0.1390625 0.553125 0.05 0.034375
0 0.209375 0.58125 0.0421875 0.03125
0 0.26875 0.5484375 0.0375 0.053125
0 0.2453125 0.5390625 0.034375 0.046875
0 0.221875 0.5265625 0.0359375 0.059375
0 0.175 0.5078125 0.0359375 0.059375
0 0.1484375 0.5 0.034375 0.0484375
0 0.128125 0.4875 0.0375 0.0609375
0 0.178125 0.3703125 0.0390625 0.0609375
0 0.0015625 0.8765625 0.0734375 0.028125
0 0.3421875 0.5984375 0.03125 0.04375
0 0.034375 0.7125 0.053125 0.0375
0 0.090625 0.7609375 0.0171875 0.0359375
0 0.6296875 0.95625 0.021875 0.05625
0 0.6546875 0.9546875 0.01875 0.0515625
0 0.6765625 0.95 0.0234375 0.065625
0 0.6984375 0.9609375 0.0203125 0.0421875
0 0.7421875 0.859375 0.06875 0.0625
0 0.5640625 0.8046875 0.065625 0.0296875
0 0.6265625 0.7921875 0.0390625 0.01875
0 0.628125 0.8453125 0.040625 0.021875
0 0.553125 0.8453125 0.090625 0.0296875
0 0.378125 0.5078125 0.0328125 0.046875
0 0.5828125 0.6921875 0.0484375 0.021875
0 0.6578125 0.5328125 0.0625 0.028125
0 0.7359375 0.5453125 0.0890625 0.0359375
0 0.64375 0.571875 0.078125 0.04375
0 0.721875 0.5859375 0.0796875 0.0328125
0 0.621875 0.60625 0.0640625 0.040625
0 0.603125 0.65 0.0703125 0.0265625
0 0.6734375 0.65625 0.0578125 0.021875
0 0.59375 0.671875 0.0640625 0.0234375
0 0.646875 0.6984375 0.0703125 0.025
0 0.5765625 0.725 0.0875 0.0265625
0 0.659375 0.7328125 0.0796875 0.0296875
0 0.628125 0.809375 0.040625 0.01875
0 0.584375 0.7640625 0.084375 0.03125
0 0.65625 0.7703125 0.05 0.021875
0 0.7609375 0.815625 0.0625 0.0515625
0 0.6640625 0.5078125 0.06875 0.0328125
0 0.74375 0.5140625 0.065625 0.0390625
0 0.6796875 0.4890625 0.06875 0.04375
0 0.7625 0.4859375 0.0734375 0.0453125
0 0.3859375 0.15625 0.0484375 0.075
0 0.415625 0.171875 0.0453125 0.06875
0 0.446875 0.1859375 0.046875 0.0796875
0 0.48125 0.09375 0.0546875 0.0859375
0 0.5125 0.1109375 0.046875 0.075
0 0.478125 0.1984375 0.053125 0.0828125
0 0.5015625 0.2234375 0.0296875 0.0453125
0 0.7671875 0.453125 0.0828125 0.053125
0 0.8578125 0.4328125 0.034375 0.0609375
0 0.875 0.440625 0.034375 0.0625
0 0.7984375 0.3734375 0.078125 0.0515625
0 0.7875 0.3984375 0.08125 0.053125
0 0.7875 0.4296875 0.0984375 0.0625
0 0.6921875 0.446875 0.0640625 0.04375
0 0.6953125 0.4703125 0.0578125 0.0359375
0 0.8171875 0.8109375 0.09375 0.034375
0 0.8734375 0.6765625 0.0953125 0.0328125
0 0.878125 0.6375 0.0953125 0.034375
0 0.2015625 0.3828125 0.0359375 0.0546875
0 0.225 0.390625 0.0375 0.0578125
0 0.8921875 0.5984375 0.0703125 0.0265625
0 0.2515625 0.4015625 0.0359375 0.0515625
0 0.890625 0.571875 0.0859375 0.0265625
0 0.90625 0.5453125 0.0703125 0.028125
0 0.90625 0.521875 0.053125 0.0234375
0 0.9125 0.5 0.046875 0.021875
0 0.9046875 0.4734375 0.0671875 0.0265625
0 0.4375 0.3734375 0.03125 0.0421875
0 0.3703125 0.353125 0.05625 0.08125
0 0.3375 0.34375 0.05 0.0796875
0 0.309375 0.325 0.046875 0.078125
0 0.2734375 0.3203125 0.0578125 0.075
0 0.36875 0.4546875 0.0296875 0.0515625
0 0.3421875 0.44375 0.0296875 0.0484375
0 0.3203125 0.4359375 0.034375 0.0546875
0 0.3 0.421875 0.0375 0.0546875
0 0.275 0.409375 0.0296875 0.0515625
0 0.1375 0.05625 0.0484375 0.0765625
0 0.353125 0.1453125 0.05 0.0796875
0 0.3234375 0.134375 0.0484375 0.075
0 0.2953125 0.115625 0.0390625 0.0578125
0 0.2609375 0.1046875 0.04375 0.0703125
0 0.2296875 0.0890625 0.046875 0.0734375
0 0.1984375 0.08125 0.0515625 0.08125
0 0.165625 0.0703125 0.046875 0.0703125
0 0.1078125 0.0328125 0.0453125 0.0703125
0 0.075 0.0296875 0.0515625 0.0765625
0 0.04375 0.0109375 0.0453125 0.06875
0 0.4125 0.0671875 0.0484375 0.078125
0 0.3828125 0.0515625 0.05 0.084375
0 0.35 0.0359375 0.0515625 0.0828125
0 0.2859375 0.0078125 0.0515625 0.084375
