0 0.0953125 0.7859375 0.0234375 0.04375
0 0.0484375 0.796875 0.059375 0.096875
0 0.015625 0.7875 0.0609375 0.1015625
0 0.0078125 0.903125 0.05625 0.090625
0 0.0421875 0.4796875 0.0625 0.1
0 0.009375 0.4640625 0.0625 0.096875
0 0.109375 0.521875 0.075 0.125
0 0.1515625 0.5265625 0.071875 0.1046875
0 0.2078125 0.396875 0.084375 0.125
0 0.1671875 0.3875 0.06875 0.109375
0 0.0578125 0.3453125 0.065625 0.0890625
0 0.0921875 0.359375 0.075 0.1171875
0 0.1328125 0.365625 0.0734375 0.115625
0 0.0 0.0453125 0.046875 0.065625
0 0.0671875 0.0671875 0.053125 0.0765625
0 0.1359375 0.09375 0.0453125 0.0671875
0 0.1671875 0.115625 0.05625 0.084375
0 0.2625 0.0625 0.134375 0.08125
0 0.20625 0.121875 0.0328125 0.05
0 0.35625 0.2109375 0.03125 0.04375
0 0.3296875 0.2 0.0390625 0.0609375
0 0.1203125 0.73125 0.03125 0.040625
0 0.1953125 0.5640625 0.040625 0.05625
0 0.78125 0.25 0.0453125 0.0328125
0 0.6546875 0.5453125 0.0578125 0.021875
0 0.6640625 0.5171875 0.046875 0.025
0 0.6671875 0.496875 0.0390625 0.0265625
0 0.715625 0.409375 0.0421875 0.0265625
0 0.746875 0.328125 0.059375 0.025
0 0.040625 0.9140625 0.0375 0.05
