0 0.8328125 0.7203125 0.0578125 0.0890625
0 0.9703125 0.7796875 0.0546875 0.084375
0 0.9359375 0.765625 0.0640625 0.1109375
0 0.90625 0.7484375 0.06875 0.1015625
0 0.8671875 0.734375 0.065625 0.1046875
0 0.7921875 0.6984375 0.071875 0.11875
0 0.8421875 0.584375 0.071875 0.115625
0 0.9890625 0.65 0.0640625 0.0984375
0 0.9546875 0.634375 0.059375 0.09375
0 0.921875 0.6140625 0.0578125 0.0953125
0 0.8859375 0.6046875 0.0640625 0.1046875
0 0.8359375 0.953125 0.0296875 0.0390625
0 0.71875 0.9859375 0.0546875 0.084375
0 0.684375 0.9734375 0.0703125 0.109375
0 0.6484375 0.9515625 0.0609375 0.0921875
0 0.6140625 0.9375 0.0625 0.096875
0 0.578125 0.9265625 0.065625 0.1078125
0 0.54375 0.9140625 0.0671875 0.1109375
0 0.50625 0.896875 0.0609375 0.0953125
0 0.4734375 0.88125 0.0625 0.1046875
0 0.428125 0.86875 0.0765625 0.115625
0 0.3890625 0.971875 0.0421875 0.0640625
0 0.4265625 0.984375 0.05625 0.0828125
