0 0.4453125 0.853125 0.0234375 0.04375
0 0.3984375 0.8640625 0.059375 0.096875
0 0.365625 0.8546875 0.0609375 0.1015625
0 0.19375 0.903125 0.0484375 0.075
0 0.028125 0.828125 0.05625 0.0875
0 0.0625 0.8421875 0.053125 0.0875
0 0.1171875 0.7484375 0.0640625 0.1
0 0.1625 0.7515625 0.0578125 0.0953125
0 0.1921875 0.7703125 0.0625 0.103125
0 0.0921875 0.8640625 0.059375 0.09375
0 0.1578125 0.896875 0.0578125 0.0921875
0 0.225 0.8 0.059375 0.096875
0 0.2625 0.8 0.06875 0.1125
0 0.3 0.81875 0.0640625 0.096875
0 0.2609375 0.9328125 0.059375 0.09375
0 0.2953125 0.940625 0.053125 0.08125
0 0.3296875 0.959375 0.05625 0.090625
0 0.3578125 0.9703125 0.05625 0.090625
0 0.3328125 0.83125 0.065625 0.1015625
0 0.3921875 0.546875 0.0625 0.1
0 0.359375 0.53125 0.0625 0.096875
0 0.290625 0.4984375 0.0609375 0.0984375
0 0.190625 0.45 0.0609375 0.096875
0 0.1515625 0.4421875 0.0625 0.1015625
0 0.053125 0.3921875 0.059375 0.090625
0 0.0140625 0.3890625 0.0640625 0.0984375
0 0.459375 0.5890625 0.075 0.125
0 0.5015625 0.59375 0.071875 0.1046875
0 0.5578125 0.4640625 0.084375 0.125
0 0.5171875 0.4546875 0.06875 0.109375
0 0.2765625 0.353125 0.065625 0.103125
0 0.3078125 0.365625 0.0625 0.0984375
0 0.3421875 0.390625 0.06875 0.109375
0 0.4078125 0.4125 0.065625 0.0890625
0 0.4421875 0.4265625 0.075 0.1171875
0 0.4828125 0.4328125 0.0734375 0.115625
0 0.0328125 0.25 0.0671875 0.1015625
0 0.0 0.2328125 0.059375 0.0953125
0 0.1 0.2828125 0.0625 0.1
0 0.14375 0.3015625 0.0734375 0.096875
0 0.15 0.025 0.0484375 0.0640625
0 0.1828125 0.0234375 0.0359375 0.05
0 0.3125 0.096875 0.0484375 0.06875
0 0.35 0.1125 0.046875 0.065625
0 0.4171875 0.134375 0.053125 0.0765625
0 0.4859375 0.1609375 0.0453125 0.0671875
0 0.5171875 0.1828125 0.05625 0.084375
0 0.753125 0.0421875 0.1125 0.175
0 0.6125 0.1296875 0.134375 0.08125
0 0.55625 0.1890625 0.0328125 0.05
0 0.70625 0.278125 0.03125 0.04375
0 0.6796875 0.2671875 0.0390625 0.0609375
0 0.2375 0.334375 0.06875 0.109375
0 0.2 0.3359375 0.053125 0.0875
0 0.4703125 0.7984375 0.03125 0.040625
0 0.5453125 0.63125 0.040625 0.05625
0 0.125 0.421875 0.0515625 0.0796875
0 0.390625 0.98125 0.0375 0.05
0 0.0515625 0.7125 0.05625 0.0890625
0 0.01875 0.6984375 0.065625 0.103125
0 0.0890625 0.7296875 0.0609375 0.1
