0 0.353125 0.996875 0.0359375 0.0578125
0 0.98125 0.790625 0.0359375 0.05
0 0.8078125 0.7984375 0.0375 0.053125
0 0.83125 0.8109375 0.0375 0.05625
0 0.85625 0.81875 0.0375 0.0546875
0 0.8796875 0.834375 0.0390625 0.0546875
0 0.8359375 0.7359375 0.0328125 0.0515625
0 0.8625 0.7421875 0.040625 0.05625
0 0.8875 0.75 0.0328125 0.0453125
0 0.9078125 0.759375 0.0328125 0.0515625
0 0.9328125 0.775 0.0328125 0.053125
0 0.903125 0.8359375 0.0390625 0.0609375
0 0.9578125 0.7796875 0.0359375 0.0515625
0 0.9265625 0.85 0.0359375 0.0515625
0 0.95 0.8578125 0.040625 0.0578125
0 0.9765625 0.8671875 0.0390625 0.0578125
0 0.9953125 0.8796875 0.034375 0.053125
0 0.775 0.1171875 0.028125 0.04375
0 0.8765625 0.2984375 0.0328125 0.046875
0 0.7984375 0.3484375 0.034375 0.053125
0 0.80625 0.2671875 0.0375 0.0578125
0 0.83125 0.275 0.0390625 0.059375
0 0.8546875 0.2890625 0.03125 0.053125
0 0.821875 0.359375 0.0359375 0.053125
0 0.8453125 0.36875 0.034375 0.0546875
0 0.8703125 0.3765625 0.0359375 0.059375
0 0.9 0.3078125 0.0359375 0.05625
0 0.9171875 0.396875 0.0359375 0.0546875
0 0.9640625 0.4171875 0.0375 0.05625
0 0.9421875 0.4046875 0.0359375 0.0546875
0 0.9484375 0.3234375 0.0359375 0.05625
0 0.996875 0.346875 0.034375 0.0484375
0 0.85 0.1453125 0.0359375 0.05625
0 0.8265625 0.1375 0.0359375 0.0515625
0 0.775 0.334375 0.0390625 0.0578125
0 0.753125 0.325 0.0390625 0.0578125
0 0.728125 0.31875 0.03125 0.0421875
0 0.78125 0.25625 0.03125 0.0515625
0 0.640625 0.234375 0.071875 0.121875
0 0.659375 0.28125 0.0390625 0.0515625
0 0.6828125 0.2921875 0.034375 0.0515625
0 0.6875 0.2171875 0.034375 0.0484375
0 0.709375 0.228125 0.0359375 0.0578125
0 0.7046875 0.3046875 0.0375 0.05625
0 0.759375 0.2453125 0.03125 0.04375
0 0.7859375 0.7859375 0.0296875 0.0453125
0 0.7609375 0.7765625 0.0359375 0.05625
0 0.7390625 0.76875 0.0359375 0.053125
0 0.7140625 0.759375 0.040625 0.0609375
0 0.78125 0.9265625 0.03125 0.0421875
0 0.74375 0.996875 0.0390625 0.0578125
0 0.7171875 0.9859375 0.0390625 0.05625
0 0.6890625 0.975 0.0375 0.05625
0 0.75625 0.921875 0.0375 0.05625
0 0.6859375 0.8921875 0.0359375 0.0546875
0 0.709375 0.9015625 0.034375 0.053125
0 0.6640625 0.9671875 0.040625 0.059375
0 0.6625 0.8796875 0.0359375 0.05625
0 0.640625 0.8703125 0.04375 0.0625
0 0.5953125 0.7125 0.0390625 0.0609375
0 0.55 0.6890625 0.0375 0.0546875
0 0.5265625 0.675 0.0375 0.0546875
0 0.5015625 0.66875 0.0265625 0.0375
0 0.55625 0.6078125 0.0375 0.053125
0 0.5796875 0.6203125 0.034375 0.0515625
0 0.6015625 0.6265625 0.0375 0.05625
0 0.628125 0.6375 0.034375 0.053125
0 0.65 0.6484375 0.034375 0.053125
0 0.675 0.6578125 0.0328125 0.0515625
0 0.6984375 0.66875 0.0375 0.053125
0 0.7203125 0.6796875 0.03125 0.0515625
0 0.74375 0.6921875 0.0328125 0.053125
0 0.7671875 0.6984375 0.0328125 0.0515625
0 0.6671875 0.7375 0.034375 0.0515625
0 0.6921875 0.7484375 0.040625 0.0625
0 0.571875 0.7 0.040625 0.05625
0 0.621875 0.715625 0.0328125 0.046875
0 0.6375 0.95 0.0390625 0.0578125
0 0.6453125 0.728125 0.0359375 0.05625
0 0.58125 0.928125 0.040625 0.0625
0 0.5546875 0.91875 0.0390625 0.0609375
0 0.528125 0.9046875 0.05 0.0640625
0 0.5015625 0.8953125 0.0421875 0.0640625
0 0.475 0.8828125 0.040625 0.0625
0 0.446875 0.8734375 0.0421875 0.0609375
0 0.421875 0.859375 0.0375 0.0546875
0 0.5921875 0.8484375 0.0359375 0.05625
0 0.56875 0.8375 0.034375 0.053125
0 0.5234375 0.8171875 0.0375 0.05625
0 0.4984375 0.809375 0.040625 0.0546875
0 0.4734375 0.8 0.0375 0.0546875
0 0.4515625 0.7890625 0.034375 0.0515625
0 0.396875 0.809375 0.0875 0.13125
0 0.48125 0.615625 0.078125 0.1234375
0 0.8046875 0.1234375 0.034375 0.053125
0 0.759375 0.1046875 0.0359375 0.0515625
0 0.903125 0.6203125 0.0359375 0.05625
0 0.9984375 0.6578125 0.03125 0.0453125
0 0.975 0.6484375 0.034375 0.053125
0 0.9515625 0.6359375 0.0328125 0.0453125
0 0.928125 0.628125 0.0359375 0.0546875
0 0.9828125 0.5671875 0.0390625 0.0609375
0 0.7890625 0.5671875 0.0328125 0.05
0 0.9375 0.5453125 0.0359375 0.0546875
0 0.909375 0.5390625 0.0328125 0.05625
0 0.890625 0.525 0.0390625 0.0546875
0 0.859375 0.596875 0.0390625 0.05625
0 0.8359375 0.58125 0.0359375 0.053125
0 0.865625 0.5140625 0.034375 0.0546875
0 0.8421875 0.50625 0.0390625 0.0578125
0 0.8140625 0.5765625 0.0375 0.05625
0 0.7640625 0.5578125 0.040625 0.0578125
0 0.7375 0.090625 0.04375 0.0625
0 0.79375 0.484375 0.0359375 0.053125
0 0.740625 0.54375 0.03125 0.04375
0 0.7171875 0.534375 0.034375 0.0484375
0 0.771875 0.475 0.0359375 0.0546875
0 0.6921875 0.5234375 0.0390625 0.05625
0 0.671875 0.509375 0.0390625 0.0546875
0 0.6203125 0.4953125 0.03125 0.0484375
0 0.675 0.4328125 0.0375 0.0578125
0 0.6515625 0.4234375 0.0359375 0.0515625
0 0.5984375 0.4828125 0.0390625 0.05625
0 0.628125 0.415625 0.0421875 0.0546875
0 0.6046875 0.409375 0.0328125 0.05
0 0.7671875 0.015625 0.0390625 0.065625
0 0.8015625 0.0328125 0.04375 0.0703125
0 0.83125 0.0390625 0.04375 0.0640625
0 0.8625 0.0578125 0.046875 0.06875
0 0.8921875 0.06875 0.0421875 0.0640625
0 0.9265625 0.084375 0.0421875 0.0640625
0 0.875 0.153125 0.0296875 0.0421875
0 0.8984375 0.165625 0.0328125 0.0484375
0 0.921875 0.171875 0.0296875 0.0484375
0 0.9421875 0.1890625 0.0359375 0.059375
0 0.9578125 0.09375 0.0484375 0.075
0 0.9859375 0.1125 0.04375 0.0703125
0 0.96875 0.1953125 0.0296875 0.05
0 0.99375 0.203125 0.0328125 0.05
0 0.9875 0.428125 0.0390625 0.0578125
0 0.5546875 0.41875 0.075 0.1171875
0 0.9203125 0.9953125 0.034375 0.05
0 0.5328125 0.5984375 0.03125 0.053125
0 0.971875 0.334375 0.034375 0.046875
0 0.875 0.9703125 0.0328125 0.046875
0 0.8046875 0.9421875 0.034375 0.0484375
0 0.8296875 0.953125 0.040625 0.059375
0 0.85 0.9609375 0.0359375 0.0546875
