0 0.0171875 0.15 0.071875 0.1015625
0 0.334375 0.4671875 0.096875 0.040625
0 0.309375 0.615625 0.04375 0.0265625
0 0.359375 0.490625 0.0515625 0.0265625
0 0.26875 0.5875 0.0375 0.028125
0 0.4 0.4953125 0.015625 0.021875
0 0.409375 0.515625 0.0140625 0.025
0 0.3796875 0.534375 0.0359375 0.0203125
0 0.3390625 0.54375 0.0453125 0.0265625
0 0.3 0.5546875 0.0328125 0.021875
0 0.2640625 0.5640625 0.0390625 0.0203125
0 0.1921875 0.58125 0.0421875 0.0234375
0 0.1734375 0.5140625 0.04375 0.025
0 0.259375 0.49375 0.04375 0.021875
0 0.215625 0.5046875 0.0375 0.0234375
0 0.178125 0.5359375 0.040625 0.0265625
0 0.225 0.5265625 0.04375 0.03125
0 0.2703125 0.5125 0.04375 0.0234375
0 0.315625 0.5 0.0328125 0.01875
0 0.2109375 0.603125 0.0671875 0.034375
0 0.3875 0.5859375 0.0296875 0.0203125
0 0.3875 0.5984375 0.0359375 0.0203125
0 0.009375 0.8234375 0.0265625 0.0171875
0 0.0515625 0.8328125 0.034375 0.021875
0 0.04375 0.8109375 0.04375 0.0296875
0 0.35 0.753125 0.0234375 0.0328125
0 0.3109375 0.7609375 0.0140625 0.021875
0 0.3234375 0.7609375 0.0125 0.0203125
0 0.3015625 0.721875 0.040625 0.0265625
0 0.375 0.6984375 0.0546875 0.0375
0 0.3125 0.6421875 0.0375 0.025
0 0.3546875 0.6296875 0.03125 0.01875
