0 0.540625 0.5296875 0.071875 0.1015625
0 0.5140625 0.5296875 0.0390625 0.0609375
0 0.5203125 0.4640625 0.03125 0.0421875
0 0.496875 0.3140625 0.03125 0.0265625
0 0.4765625 0.359375 0.0328125 0.0515625
0 0.390625 0.2328125 0.025 0.0453125
0 0.009375 0.175 0.0171875 0.0484375
0 0.3125 0.690625 0.0140625 0.028125
0 0.8578125 0.846875 0.096875 0.040625
0 0.8328125 0.9953125 0.04375 0.0265625
0 0.8828125 0.8703125 0.0515625 0.0265625
0 0.7921875 0.9671875 0.0375 0.028125
0 0.9234375 0.875 0.015625 0.021875
0 0.9328125 0.8953125 0.0140625 0.025
0 0.903125 0.9140625 0.0359375 0.0203125
0 0.8625 0.9234375 0.0453125 0.0265625
0 0.8234375 0.934375 0.0328125 0.021875
0 0.7875 0.94375 0.0390625 0.0203125
0 0.715625 0.9609375 0.0421875 0.0234375
0 0.696875 0.89375 0.04375 0.025
0 0.7828125 0.8734375 0.04375 0.021875
0 0.7390625 0.884375 0.0375 0.0234375
0 0.7015625 0.915625 0.040625 0.0265625
0 0.7484375 0.90625 0.04375 0.03125
0 0.79375 0.8921875 0.04375 0.0234375
0 0.8390625 0.8796875 0.0328125 0.01875
0 0.734375 0.9828125 0.0671875 0.034375
0 0.9109375 0.965625 0.0296875 0.0203125
0 0.9109375 0.978125 0.0359375 0.0203125
0 0.2890625 0.19375 0.01875 0.0421875
