0 0.3125 0.575 0.028125 0.0140625
0 0.521875 0.03125 0.071875 0.1015625
0 0.4953125 0.03125 0.0390625 0.0609375
0 0.29375 0.1921875 0.0140625 0.028125
0 0.8390625 0.3484375 0.096875 0.040625
0 0.8140625 0.496875 0.04375 0.0265625
0 0.8640625 0.371875 0.0515625 0.0265625
0 0.7734375 0.46875 0.0375 0.028125
0 0.9046875 0.3765625 0.015625 0.021875
0 0.9140625 0.396875 0.0140625 0.025
0 0.884375 0.415625 0.0359375 0.0203125
0 0.84375 0.425 0.0453125 0.0265625
0 0.8046875 0.4359375 0.0328125 0.021875
0 0.76875 0.4453125 0.0390625 0.0203125
0 0.696875 0.4625 0.0421875 0.0234375
0 0.678125 0.3953125 0.04375 0.025
0 0.7640625 0.375 0.04375 0.021875
0 0.7203125 0.3859375 0.0375 0.0234375
0 0.6828125 0.4171875 0.040625 0.0265625
0 0.7296875 0.4078125 0.04375 0.03125
0 0.775 0.39375 0.04375 0.0234375
0 0.8203125 0.38125 0.0328125 0.01875
0 0.715625 0.484375 0.0671875 0.034375
0 0.8921875 0.4671875 0.0296875 0.0203125
0 0.8921875 0.4796875 0.0359375 0.0203125
0 0.3859375 0.75625 0.0375 0.021875
0 0.375 0.7140625 0.0359375 0.0265625
0 0.371875 0.6953125 0.0375 0.0234375
0 0.48125 0.7421875 0.025 0.0171875
0 0.5 0.659375 0.0484375 0.03125
0 0.5140625 0.7046875 0.0265625 0.0171875
0 0.55625 0.7140625 0.034375 0.021875
0 0.5484375 0.6921875 0.04375 0.0296875
0 0.8546875 0.634375 0.0234375 0.0328125
0 0.815625 0.6421875 0.0140625 0.021875
0 0.828125 0.6421875 0.0125 0.0203125
0 0.80625 0.603125 0.040625 0.0265625
0 0.8796875 0.5796875 0.0546875 0.0375
0 0.8171875 0.5234375 0.0375 0.025
0 0.859375 0.5109375 0.03125 0.01875
0 0.39375 0.7875 0.0296875 0.0234375
0 0.271875 0.8625 0.0640625 0.0421875
