0 0.89375 0.8875 0.0703125 0.01875
0 0.7796875 0.959375 0.0984375 0.1046875
0 0.8046875 0.9421875 0.09375 0.1015625
0 0.4125 0.7640625 0.0234375 0.028125
0 0.70625 0.8359375 0.03125 0.0296875
0 0.6609375 0.9359375 0.0625 0.059375
0 0.5484375 0.8390625 0.0375 0.0328125
0 0.4359375 0.80625 0.0265625 0.0234375
0 0.421875 0.8265625 0.0625 0.05625
0 0.4953125 0.99375 0.0390625 0.0234375
0 0.8765625 0.8640625 0.0390625 0.015625
0 0.9 0.94375 0.05 0.059375
0 0.9453125 0.9203125 0.05 0.0640625
0 0.9578125 0.7125 0.0265625 0.01875
0 0.959375 0.871875 0.0390625 0.015625
0 0.9171875 0.86875 0.0359375 0.01875
