0 0.025 0.5109375 0.096875 0.040625
0 0.0 0.659375 0.04375 0.0265625
0 0.05 0.534375 0.0515625 0.0265625
0 0.090625 0.5390625 0.015625 0.021875
0 0.1 0.559375 0.0140625 0.025
0 0.0703125 0.578125 0.0359375 0.0203125
0 0.0296875 0.5875 0.0453125 0.0265625
0 0.00625 0.54375 0.0328125 0.01875
0 0.078125 0.6296875 0.0296875 0.0203125
0 0.078125 0.6421875 0.0359375 0.0203125
0 0.040625 0.796875 0.0234375 0.0328125
0 0.0015625 0.8046875 0.0140625 0.021875
0 0.0140625 0.8046875 0.0125 0.0203125
0 0.065625 0.7421875 0.0546875 0.0375
0 0.003125 0.6859375 0.0375 0.025
0 0.0453125 0.6734375 0.03125 0.01875
