0 0.571875 0.64375 0.0703125 0.01875
0 0.4578125 0.715625 0.0984375 0.1046875
0 0.4828125 0.6984375 0.09375 0.1015625
0 0.090625 0.5203125 0.0234375 0.028125
0 0.384375 0.5921875 0.03125 0.0296875
0 0.3390625 0.6921875 0.0625 0.059375
0 0.2265625 0.5953125 0.0375 0.0328125
0 0.1140625 0.5625 0.0265625 0.0234375
0 0.1 0.5828125 0.0625 0.05625
0 0.2890625 0.79375 0.0484375 0.034375
0 0.225 0.7671875 0.0359375 0.025
0 0.1734375 0.75 0.0390625 0.0234375
0 0.1890625 0.83125 0.0375 0.0640625
0 0.1265625 0.9703125 0.0390625 0.0359375
0 0.5546875 0.6203125 0.0390625 0.015625
0 0.578125 0.7 0.05 0.059375
0 0.6234375 0.6765625 0.05 0.0640625
0 0.6359375 0.46875 0.0265625 0.01875
0 0.7703125 0.73125 0.0296875 0.0296875
0 0.74375 0.703125 0.025 0.03125
0 0.696875 0.684375 0.0453125 0.0453125
0 0.7109375 0.6625 0.0375 0.040625
0 0.6375 0.628125 0.0390625 0.015625
0 0.5953125 0.625 0.0359375 0.01875
