0 0.3390625 0.01875 0.0546875 0.0265625
0 0.1046875 0.215625 0.0671875 0.04375
0 0.0734375 0.6125 0.078125 0.03125
0 0.26875 0.4671875 0.059375 0.0296875
0 0.0609375 0.6359375 0.0578125 0.0203125
0 0.2625 0.7265625 0.040625 0.021875
0 0.2515625 0.7578125 0.040625 0.021875
0 0.03125 0.8578125 0.046875 0.028125
0 0.0265625 0.7390625 0.0734375 0.0296875
0 0.24375 0.9421875 0.0453125 0.03125
0 0.3015625 0.35625 0.040625 0.021875
0 0.2578125 0.66875 0.0390625 0.0203125
0 0.0578125 0.6890625 0.0609375 0.034375
0 0.053125 0.7125 0.0640625 0.0296875
0 0.2484375 0.803125 0.0578125 0.021875
0 0.2515625 0.8453125 0.071875 0.0328125
0 0.2421875 0.9203125 0.0453125 0.0296875
0 0.7859375 0.48125 0.053125 0.0203125
