0 0.840625 0.753125 0.0484375 0.0234375
0 0.9578125 0.990625 0.0234375 0.0484375
0 0.625 0.321875 0.0453125 0.01875
0 0.65 0.3859375 0.0375 0.0171875
0 0.6171875 0.5703125 0.0453125 0.01875
0 0.9578125 0.3046875 0.071875 0.0234375
0 0.9421875 0.596875 0.028125 0.0671875
0 0.834375 0.65625 0.0546875 0.01875
0 0.25 0.0375 0.034375 0.071875
0 0.1609375 0.9203125 0.0390625 0.015625
0 0.203125 0.878125 0.0265625 0.053125
0 0.2890625 0.875 0.0546875 0.0234375
0 0.0375 0.690625 0.05625 0.01875
0 0.4921875 0.6484375 0.046875 0.021875
