0 0.0953125 0.5609375 0.0484375 0.0234375
0 0.8640625 0.45 0.06875 0.021875
0 0.85625 0.5265625 0.0453125 0.0234375
0 0.096875 0.834375 0.0625 0.0234375
0 0.096875 0.884375 0.05625 0.0171875
0 0.23125 0.8625 0.0421875 0.021875
0 0.2125 0.7984375 0.0234375 0.0484375
0 0.728125 0.7984375 0.065625 0.0234375
0 0.725 0.846875 0.071875 0.025
0 0.2125 0.1125 0.071875 0.0234375
0 0.5609375 0.1515625 0.053125 0.0390625
0 0.725 0.40625 0.04375 0.01875
0 0.196875 0.4046875 0.028125 0.0671875
0 0.0890625 0.4640625 0.0546875 0.01875
