0 0.5421875 0.5015625 0.04375 0.01875
0 0.21875 0.5578125 0.0375 0.0171875
0 0.1125 0.4234375 0.046875 0.0171875
0 0.2203125 0.6859375 0.046875 0.0234375
0 0.225 0.8203125 0.040625 0.0203125
0 0.228125 0.9109375 0.0515625 0.01875
0 0.796875 0.7375 0.015625 0.034375
0 0.3953125 0.0078125 0.0515625 0.0296875
0 0.53125 0.0953125 0.04375 0.0203125
0 0.3921875 0.15625 0.046875 0.0203125
0 0.39375 0.1734375 0.046875 0.0203125
0 0.709375 0.1921875 0.0484375 0.01875
0 0.7390625 0.2484375 0.0140625 0.034375
