0 0.7671875 0.5015625 0.04375 0.01875
0 0.44375 0.5578125 0.0375 0.0171875
0 0.3375 0.4234375 0.046875 0.0171875
0 0.4453125 0.6859375 0.046875 0.0234375
0 0.45 0.8203125 0.040625 0.0203125
0 0.453125 0.9109375 0.0515625 0.01875
0 0.0 0.9578125 0.04375 0.0296875
0 0.6203125 0.0078125 0.0515625 0.0296875
0 0.75625 0.0953125 0.04375 0.0203125
0 0.6171875 0.15625 0.046875 0.0203125
0 0.61875 0.1734375 0.046875 0.0203125
0 0.934375 0.1921875 0.0484375 0.01875
0 0.9640625 0.2484375 0.0140625 0.034375
