0 0.1625 0.4640625 0.0375 0.1609375
0 0.225 0.6296875 0.0359375 0.1640625
0 0.325 0.471875 0.0375 0.1609375
0 0.3890625 0.634375 0.034375 0.1640625
0 0.1953125 0.4703125 0.034375 0.159375
0 0.359375 0.4734375 0.0375 0.1546875
0 0.29375 0.3078125 0.0359375 0.159375
0 0.321875 0.6328125 0.0390625 0.1609375
0 0.259375 0.4640625 0.034375 0.1578125
0 0.3546875 0.628125 0.034375 0.15625
0 0.384375 0.7953125 0.0390625 0.1640625
0 0.2265625 0.46875 0.034375 0.1625
0 0.2296875 0.30625 0.03125 0.1609375
0 0.2609375 0.303125 0.0359375 0.159375
0 0.3296875 0.153125 0.0328125 0.1609375
0 0.196875 0.1453125 0.03125 0.159375
0 0.165625 0.146875 0.0359375 0.159375
0 0.3921875 0.3171875 0.034375 0.165625
0 0.3921875 0.4765625 0.0359375 0.1578125
0 0.3609375 0.3140625 0.034375 0.1640625
0 0.196875 0.30625 0.034375 0.1625
0 0.2296875 0.1484375 0.03125 0.159375
0 0.2640625 0.1453125 0.0375 0.1609375
0 0.296875 0.146875 0.0359375 0.1609375
0 0.3625 0.153125 0.0328125 0.1625
0 0.328125 0.3140625 0.0359375 0.159375
0 0.3953125 0.1546875 0.0375 0.1609375
0 0.1640625 0.3046875 0.0390625 0.159375
