0 0.31875 0.85 0.0875 0.034375
0 0.3234375 0.8296875 0.0859375 0.028125
0 0.8984375 0.0171875 0.0375 0.0625
0 0.8734375 0.096875 0.0421875 0.06875
0 0.971875 0.0484375 0.0328125 0.05625
0 0.9015625 0.0953125 0.021875 0.0515625
0 0.884375 0.3453125 0.0265625 0.046875
0 0.8515625 0.540625 0.025 0.0484375
0 0.7625 0.59375 0.0328125 0.0515625
0 0.753125 0.85625 0.03125 0.05
0 0.4140625 0.9609375 0.03125 0.0484375
0 0.56875 0.21875 0.053125 0.0453125
0 0.059375 0.8546875 0.034375 0.0765625
0 0.5609375 0.73125 0.03125 0.046875
0 0.528125 0.7015625 0.0375 0.05625
0 0.5890625 0.709375 0.025 0.0359375
0 0.621875 0.7453125 0.0375 0.0640625
0 0.71875 0.765625 0.0375 0.0578125
0 0.7734375 0.79375 0.0375 0.059375
0 0.796875 0.6046875 0.04375 0.0703125
0 0.703125 0.5765625 0.040625 0.071875
0 0.640625 0.559375 0.04375 0.071875
0 0.609375 0.534375 0.0609375 0.1078125
0 0.6703125 0.4734375 0.046875 0.078125
0 0.734375 0.484375 0.05 0.084375
0 0.7890625 0.5109375 0.03125 0.0484375
0 0.8234375 0.5265625 0.028125 0.0484375
0 0.803125 0.2453125 0.0484375 0.071875
0 0.865625 0.265625 0.0328125 0.0578125
0 0.9015625 0.278125 0.0328125 0.0578125
0 0.8390625 0.3453125 0.028125 0.0515625
0 0.7703125 0.3265625 0.0359375 0.05625
0 0.74375 0.315625 0.0484375 0.0828125
0 0.70625 0.2984375 0.0390625 0.065625
0 0.534375 0.8 0.0421875 0.0703125
0 0.565625 0.8015625 0.0359375 0.0578125
0 0.596875 0.8171875 0.040625 0.0609375
0 0.375 0.6078125 0.0578125 0.0421875
0 0.553125 0.271875 0.078125 0.0703125
0 0.5421875 0.3078125 0.090625 0.065625
0 0.515625 0.3375 0.06875 0.0515625
0 0.5125 0.371875 0.096875 0.071875
0 0.4875 0.3984375 0.0765625 0.0578125
0 0.45 0.4609375 0.0609375 0.0453125
0 0.45 0.496875 0.09375 0.06875
0 0.428125 0.525 0.0921875 0.0609375
0 0.4125 0.553125 0.090625 0.0671875
0 0.396875 0.5828125 0.0921875 0.0609375
0 0.3671875 0.640625 0.084375 0.059375
0 0.6625 0.8359375 0.0390625 0.059375
0 0.3453125 0.66875 0.0734375 0.053125
0 0.3265625 0.73125 0.0703125 0.03125
0 0.3125 0.7625 0.0671875 0.0296875
0 0.3125 0.8 0.0734375 0.0359375
0 0.4484375 0.98125 0.028125 0.05
0 0.475 0.984375 0.034375 0.053125
0 0.5109375 0.9953125 0.034375 0.059375
0 0.096875 0.734375 0.034375 0.0640625
