0 0.0109375 0.8921875 0.025 0.0609375
0 0.0421875 0.8953125 0.0234375 0.059375
0 0.0734375 0.89375 0.025 0.065625
0 0.284375 0.73125 0.01875 0.05
0 0.396875 0.68125 0.040625 0.0171875
0 0.346875 0.68125 0.0453125 0.01875
0 0.4078125 0.7328125 0.0171875 0.046875
0 0.225 0.89375 0.0234375 0.071875
0 0.071875 0.96875 0.01875 0.0421875
0 0.1328125 0.9859375 0.0265625 0.071875
0 0.13125 0.8921875 0.0234375 0.06875
0 0.10625 0.8953125 0.025 0.06875
0 0.1640625 0.9015625 0.0203125 0.0484375
0 0.1921875 0.8953125 0.0265625 0.0734375
0 0.1671875 0.984375 0.0203125 0.046875
0 0.2015625 0.9859375 0.03125 0.08125
0 0.240625 0.984375 0.0234375 0.06875
0 0.25625 0.8953125 0.028125 0.0734375
0 0.4390625 0.7140625 0.0265625 0.0765625
0 0.284375 0.9 0.0203125 0.046875
0 0.28125 0.984375 0.0203125 0.053125
0 0.3171875 0.9875 0.028125 0.0765625
0 0.3515625 0.9890625 0.0203125 0.0453125
0 0.35 0.8953125 0.025 0.0671875
0 0.39375 0.9875 0.025 0.065625
0 0.4296875 0.996875 0.028125 0.1
0 0.4125 0.896875 0.0265625 0.075
0 0.44375 0.8875 0.025 0.084375
0 0.4765625 0.8953125 0.0296875 0.084375
0 0.915625 0.434375 0.0734375 0.040625
0 0.3171875 0.7265625 0.01875 0.05
0 0.096875 0.73125 0.0203125 0.0421875
