0 0.615625 0.30625 0.021875 0.05
0 0.678125 0.3078125 0.0234375 0.0578125
0 0.709375 0.30625 0.0234375 0.05625
0 0.74375 0.3046875 0.0171875 0.0484375
0 0.709375 0.375 0.01875 0.0546875
0 0.675 0.3734375 0.0171875 0.0484375
0 0.6484375 0.375 0.01875 0.046875
0 0.61875 0.3796875 0.021875 0.0484375
0 0.4953125 0.3765625 0.01875 0.0390625
0 0.4984375 0.30625 0.01875 0.04375
0 0.3984375 0.3078125 0.0203125 0.0421875
0 0.4 0.3734375 0.01875 0.0421875
0 0.375 0.371875 0.01875 0.040625
0 0.3125 0.375 0.0234375 0.059375
0 0.309375 0.30625 0.0203125 0.0515625
0 0.2828125 0.30625 0.0171875 0.0390625
0 0.25625 0.30625 0.0203125 0.0421875
0 0.25 0.3625 0.0171875 0.0375
0 0.190625 0.30625 0.0265625 0.05625
0 0.2359375 0.184375 0.021875 0.053125
0 0.2046875 0.18125 0.0265625 0.05
0 0.265625 0.178125 0.01875 0.0375
0 0.296875 0.18125 0.0203125 0.0453125
0 0.328125 0.1828125 0.0203125 0.0453125
0 0.646875 0.30625 0.0203125 0.0390625
0 0.559375 0.309375 0.01875 0.0484375
0 0.5265625 0.303125 0.0203125 0.05625
0 0.6640625 0.115625 0.0234375 0.0609375
0 0.6921875 0.1078125 0.0203125 0.04375
0 0.7265625 0.1484375 0.025 0.121875
0 0.696875 0.1859375 0.0171875 0.0421875
0 0.6671875 0.1875 0.0203125 0.0578125
0 0.6359375 0.1796875 0.0203125 0.0421875
0 0.634375 0.11875 0.0171875 0.053125
0 0.6015625 0.1140625 0.0234375 0.053125
0 0.603125 0.184375 0.0171875 0.0390625
0 0.5734375 0.18125 0.021875 0.05
0 0.5765625 0.11875 0.021875 0.04375
0 0.5125 0.1125 0.01875 0.059375
0 0.5390625 0.1890625 0.0203125 0.0515625
0 0.446875 0.18125 0.01875 0.046875
0 0.4859375 0.1171875 0.021875 0.0515625
0 0.4515625 0.109375 0.0171875 0.0453125
0 0.4171875 0.1140625 0.0203125 0.059375
0 0.4171875 0.1828125 0.0203125 0.046875
0 0.3921875 0.184375 0.0171875 0.0421875
0 0.390625 0.1140625 0.021875 0.059375
0 0.3609375 0.1171875 0.01875 0.05625
0 0.328125 0.1171875 0.0203125 0.0578125
0 0.4203125 0.7359375 0.01875 0.0546875
0 0.334375 0.725 0.01875 0.046875
0 0.515625 0.734375 0.0203125 0.0390625
0 0.421875 0.8109375 0.0265625 0.053125
0 0.515625 0.81875 0.01875 0.04375
0 0.73125 0.8125 0.0234375 0.0609375
0 0.596875 0.58125 0.01875 0.0421875
0 0.3 0.1078125 0.0203125 0.06875
0 0.2640625 0.109375 0.021875 0.0515625
0 0.2109375 0.1171875 0.01875 0.0421875
0 0.3109375 0.51875 0.01875 0.0375
0 0.4640625 0.5125 0.0203125 0.046875
0 0.4921875 0.5171875 0.0203125 0.0421875
0 0.6 0.51875 0.021875 0.053125
0 0.625 0.51875 0.0203125 0.0375
0 0.5453125 0.5859375 0.01875 0.046875
0 0.571875 0.5890625 0.01875 0.05
0 0.625 0.5828125 0.0203125 0.0421875
0 0.7625 0.8125 0.0234375 0.0609375
0 0.51875 0.590625 0.021875 0.053125
0 0.4390625 0.584375 0.0171875 0.0515625
0 0.3109375 0.590625 0.01875 0.0375
0 0.70625 0.5875 0.025 0.0640625
0 0.78125 0.578125 0.0171875 0.0421875
0 0.79375 0.7328125 0.0265625 0.06875
0 0.8578125 0.7359375 0.025 0.05625
0 0.8578125 0.815625 0.028125 0.0703125
0 0.8234375 0.8078125 0.0234375 0.0609375
0 0.79375 0.809375 0.028125 0.0671875
0 0.1484375 0.1234375 0.0203125 0.0421875
0 0.1265625 0.125 0.01875 0.034375
0 0.0828125 0.1375 0.0359375 0.0171875
0 0.115625 0.1796875 0.0171875 0.040625
0 0.1390625 0.1859375 0.0171875 0.0328125
0 0.1734375 0.1796875 0.01875 0.0453125
0 0.075 0.303125 0.015625 0.0421875
0 0.1171875 0.35 0.040625 0.0203125
0 0.55625 0.375 0.021875 0.046875
0 0.415625 0.5125 0.0203125 0.0421875
0 0.675 0.5796875 0.0203125 0.0390625
0 0.4890625 0.5828125 0.01875 0.0421875
0 0.415625 0.584375 0.015625 0.0390625
0 0.3953125 0.7421875 0.0234375 0.040625
0 0.4796875 0.80625 0.0234375 0.0515625
0 0.540625 0.734375 0.0140625 0.0375
0 0.6015625 0.7375 0.0203125 0.0390625
0 0.665625 0.8046875 0.0296875 0.046875
