0 0.971875 0.5046875 0.0546875 0.053125
0 0.9875 0.5234375 0.05625 0.0578125
0 0.8546875 0.828125 0.084375 0.071875
0 0.815625 0.7765625 0.08125 0.071875
0 0.9125 0.9046875 0.065625 0.0609375
0 0.459375 0.403125 0.0453125 0.040625
0 0.9578125 0.796875 0.078125 0.0703125
0 0.9390625 0.76875 0.078125 0.0703125
0 0.915625 0.7453125 0.0765625 0.065625
0 0.0671875 0.9171875 0.0625 0.0484375
0 0.875 0.6953125 0.0609375 0.05625
0 0.5546875 0.821875 0.09375 0.0765625
0 0.584375 0.853125 0.11875 0.0921875
0 0.5890625 0.8953125 0.08125 0.0671875
0 0.5 0.9484375 0.09375 0.0734375
0 0.528125 0.98125 0.0875 0.075
0 0.0734375 0.95625 0.08125 0.0515625
0 0.6375 0.9609375 0.0828125 0.075
0 0.8203125 0.60625 0.084375 0.0765625
0 0.8359375 0.63125 0.046875 0.0453125
0 0.8578125 0.6609375 0.0796875 0.071875
0 0.784375 0.7140625 0.065625 0.0625
0 0.8046875 0.740625 0.078125 0.065625
0 0.5296875 0.790625 0.075 0.0671875
0 0.515625 0.7546875 0.1125 0.0875
0 0.4078125 0.8125 0.0921875 0.0765625
0 0.1765625 0.9984375 0.0625 0.040625
0 0.178125 0.9578125 0.0890625 0.0578125
0 0.1703125 0.921875 0.0875 0.053125
