0 0.525 0.615625 0.0484375 0.0359375
0 0.196875 0.7765625 0.0671875 0.040625
0 0.3109375 0.8484375 0.059375 0.04375
0 0.2203125 0.878125 0.0765625 0.053125
0 0.2875 0.778125 0.0796875 0.0515625
0 0.228125 0.5671875 0.071875 0.0484375
0 0.2859375 0.746875 0.0734375 0.046875
0 0.2015625 0.80625 0.0796875 0.0546875
0 0.1734375 0.7390625 0.078125 0.0484375
0 0.2546875 0.6765625 0.0671875 0.0484375
0 0.2484375 0.640625 0.0765625 0.053125
0 0.159375 0.66875 0.0703125 0.046875
0 0.1640625 0.54375 0.1078125 0.0625
0 0.2390625 0.6078125 0.0796875 0.0546875
0 0.45625 0.4390625 0.0625 0.0484375
0 0.9515625 0.5734375 0.0796875 0.0609375
0 0.94375 0.34375 0.09375 0.0765625
0 0.9734375 0.375 0.11875 0.0921875
0 0.978125 0.4171875 0.08125 0.0671875
0 0.8890625 0.4703125 0.09375 0.0734375
0 0.9171875 0.503125 0.0875 0.075
0 0.921875 0.546875 0.109375 0.0828125
0 0.4625 0.478125 0.08125 0.0515625
0 0.91875 0.3125 0.075 0.0671875
0 0.9046875 0.2765625 0.1125 0.0875
0 0.796875 0.334375 0.0921875 0.0765625
0 0.6578125 0.7546875 0.0890625 0.05
0 0.5640625 0.784375 0.0890625 0.059375
0 0.55 0.753125 0.0875 0.0609375
0 0.5375 0.71875 0.078125 0.05
0 0.63125 0.6890625 0.084375 0.0546875
0 0.525 0.6828125 0.08125 0.0546875
0 0.5234375 0.6453125 0.071875 0.0453125
0 0.6078125 0.61875 0.06875 0.0453125
0 0.6078125 0.5828125 0.090625 0.059375
0 0.5 0.578125 0.078125 0.0515625
0 0.484375 0.5453125 0.0828125 0.0515625
0 0.565625 0.5203125 0.0625 0.040625
0 0.5671875 0.4796875 0.0890625 0.0578125
0 0.559375 0.44375 0.0875 0.053125
0 0.975 0.6140625 0.0953125 0.071875
