0 0.8625 0.83125 0.0546875 0.053125
0 0.878125 0.85 0.05625 0.0578125
0 0.8953125 0.8703125 0.05625 0.0546875
0 0.946875 0.828125 0.046875 0.05
0 0.9234375 0.78125 0.059375 0.0546875
0 0.959375 0.9578125 0.0578125 0.053125
0 0.9109375 0.89375 0.05625 0.0546875
0 0.9734375 0.846875 0.059375 0.059375
0 0.35 0.7296875 0.0453125 0.040625
0 0.7109375 0.9328125 0.084375 0.0765625
0 0.7265625 0.9578125 0.046875 0.0453125
0 0.7484375 0.9875 0.0796875 0.071875
0 0.946875 0.940625 0.0453125 0.04375
0 0.8984375 0.7609375 0.0484375 0.046875
0 0.9765625 0.9828125 0.053125 0.0421875
