0 0.0734375 0.9078125 0.0484375 0.0359375
0 0.909375 0.31875 0.0546875 0.053125
0 0.925 0.3375 0.05625 0.0578125
0 0.9421875 0.3578125 0.05625 0.0546875
0 0.99375 0.315625 0.046875 0.05
0 0.9703125 0.26875 0.059375 0.0546875
0 0.7921875 0.6421875 0.084375 0.071875
0 0.753125 0.590625 0.08125 0.071875
0 0.85 0.71875 0.065625 0.0609375
0 0.603125 0.84375 0.0546875 0.05
0 0.9578125 0.38125 0.05625 0.0546875
0 0.396875 0.2171875 0.0453125 0.040625
0 0.8953125 0.6109375 0.078125 0.0703125
0 0.8765625 0.5828125 0.078125 0.0703125
0 0.853125 0.559375 0.0765625 0.065625
0 0.0046875 0.73125 0.0625 0.0484375
0 0.8125 0.509375 0.0609375 0.05625
0 0.5 0.865625 0.0796875 0.0609375
0 0.4921875 0.6359375 0.09375 0.0765625
0 0.521875 0.6671875 0.11875 0.0921875
0 0.5265625 0.709375 0.08125 0.0671875
0 0.4375 0.7625 0.09375 0.0734375
0 0.465625 0.7953125 0.0875 0.075
0 0.4703125 0.8390625 0.109375 0.0828125
0 0.5921875 0.8140625 0.075 0.0625
0 0.0109375 0.7703125 0.08125 0.0515625
0 0.575 0.775 0.0828125 0.075
0 0.7578125 0.4203125 0.084375 0.0765625
0 0.7734375 0.4453125 0.046875 0.0453125
0 0.7953125 0.475 0.0796875 0.071875
0 0.721875 0.528125 0.065625 0.0625
0 0.7421875 0.5546875 0.078125 0.065625
0 0.4671875 0.6046875 0.075 0.0671875
0 0.453125 0.56875 0.1125 0.0875
0 0.3453125 0.6265625 0.0921875 0.0765625
0 0.1796875 0.98125 0.084375 0.0546875
0 0.0734375 0.975 0.08125 0.0546875
0 0.071875 0.9375 0.071875 0.0453125
0 0.15625 0.9109375 0.06875 0.0453125
0 0.15625 0.875 0.090625 0.059375
0 0.0484375 0.8703125 0.078125 0.0515625
0 0.0328125 0.8375 0.0828125 0.0515625
0 0.1140625 0.8125 0.0625 0.040625
0 0.115625 0.771875 0.0890625 0.0578125
0 0.1078125 0.7359375 0.0875 0.053125
0 0.99375 0.428125 0.0453125 0.04375
0 0.9453125 0.2484375 0.0484375 0.046875
0 0.5234375 0.90625 0.0953125 0.071875
