0 0.1296875 0.028125 0.0984375 0.1140625
0 0.1859375 0.0234375 0.059375 0.0625
0 0.2125 0.03125 0.0671875 0.078125
0 0.2359375 0.05625 0.05625 0.0703125
0 0.25625 0.0765625 0.05 0.0578125
0 0.2875 0.0921875 0.0515625 0.0671875
0 0.3328125 0.13125 0.0546875 0.0609375
0 0.18125 0.4015625 0.065625 0.0703125
0 0.0734375 0.290625 0.0671875 0.0671875
0 0.1171875 0.3296875 0.0703125 0.071875
0 0.0359375 0.3703125 0.0546875 0.059375
0 0.0515625 0.26875 0.0546875 0.059375
0 0.0359375 0.24375 0.0625 0.0640625
0 0.0140625 0.2234375 0.0671875 0.06875
0 0.35625 0.15 0.05625 0.0640625
0 0.3765625 0.1765625 0.0515625 0.0640625
0 0.328125 0.2390625 0.0421875 0.05
0 0.2953125 0.2234375 0.0609375 0.071875
0 0.2453125 0.1875 0.0578125 0.0703125
0 0.275 0.2015625 0.05625 0.065625
0 0.3515625 0.24375 0.040625 0.040625
0 0.0484375 0.403125 0.0453125 0.0421875
0 0.1109375 0.465625 0.05 0.046875
0 0.1515625 0.3796875 0.04375 0.0453125
0 0.3890625 0.1953125 0.04375 0.0421875
0 0.1546875 0.1015625 0.0421875 0.053125
