0 0.16875 0.0921875 0.046875 0.0515625
0 0.0 0.29375 0.05625 0.0546875
0 0.0515625 0.2515625 0.046875 0.05
0 0.1078125 0.3125 0.0578125 0.0546875
0 0.11875 0.340625 0.0515625 0.0484375
0 0.15625 0.3796875 0.0578125 0.053125
0 0.028125 0.2046875 0.059375 0.0546875
0 0.0640625 0.38125 0.0578125 0.053125
0 0.3984375 0.209375 0.065625 0.0703125
0 0.290625 0.0984375 0.0671875 0.0671875
0 0.334375 0.1375 0.0703125 0.071875
0 0.253125 0.178125 0.0546875 0.059375
0 0.015625 0.3171875 0.05625 0.0546875
0 0.209375 0.13125 0.0625 0.0625
0 0.26875 0.0765625 0.0546875 0.059375
0 0.253125 0.0515625 0.0625 0.0640625
0 0.23125 0.03125 0.0671875 0.06875
0 0.16875 0.0375 0.0828125 0.084375
0 0.078125 0.2703125 0.059375 0.059375
0 0.5453125 0.046875 0.0421875 0.05
0 0.5125 0.03125 0.0609375 0.071875
0 0.4921875 0.009375 0.05625 0.065625
0 0.0515625 0.3640625 0.0453125 0.04375
0 0.56875 0.0515625 0.040625 0.040625
0 0.190625 0.1140625 0.046875 0.05
0 0.265625 0.2109375 0.0453125 0.0421875
0 0.328125 0.2734375 0.05 0.046875
0 0.36875 0.1875 0.04375 0.0453125
0 0.003125 0.184375 0.0484375 0.046875
0 0.08125 0.40625 0.053125 0.0421875
0 0.096875 0.4296875 0.0375 0.0265625
0 0.1453125 0.35625 0.0546875 0.0390625
0 0.60625 0.003125 0.04375 0.0421875
