0 0.090625 0.1671875 0.0984375 0.1140625
0 0.146875 0.1625 0.059375 0.0625
0 0.1734375 0.1703125 0.0671875 0.078125
0 0.196875 0.1953125 0.05625 0.0703125
0 0.2171875 0.215625 0.05 0.0578125
0 0.2484375 0.23125 0.0515625 0.0671875
0 0.29375 0.2703125 0.0546875 0.0609375
0 0.1421875 0.540625 0.065625 0.0703125
0 0.034375 0.4296875 0.0671875 0.0671875
0 0.078125 0.46875 0.0703125 0.071875
0 0.0125 0.4078125 0.0546875 0.059375
0 0.3171875 0.2890625 0.05625 0.0640625
0 0.3375 0.315625 0.0515625 0.0640625
0 0.2890625 0.378125 0.0421875 0.05
0 0.25625 0.3625 0.0609375 0.071875
0 0.39375 0.0125 0.053125 0.0671875
0 0.44375 0.0625 0.084375 0.1078125
0 0.20625 0.3265625 0.0578125 0.0703125
0 0.2359375 0.340625 0.05625 0.065625
0 0.3125 0.3828125 0.040625 0.040625
0 0.009375 0.5421875 0.0453125 0.0421875
0 0.071875 0.6046875 0.05 0.046875
0 0.1125 0.51875 0.04375 0.0453125
0 0.35 0.334375 0.04375 0.0421875
0 0.115625 0.240625 0.0421875 0.053125
0 0.4203125 0.0125 0.04375 0.0484375
0 0.5625 0.0125 0.0390625 0.04375
0 0.5375 0.0078125 0.0390625 0.0421875
