0 0.965625 0.6796875 0.0484375 0.0359375
0 0.6375 0.840625 0.0671875 0.040625
0 0.7515625 0.9125 0.059375 0.04375
0 0.2890625 0.8921875 0.0890625 0.05625
0 0.4 0.9171875 0.065625 0.0421875
0 0.309375 0.94375 0.090625 0.05
0 0.3296875 0.9703125 0.065625 0.0484375
0 0.3921875 0.8890625 0.059375 0.0421875
0 0.6609375 0.9421875 0.0765625 0.053125
0 0.728125 0.8421875 0.0796875 0.0515625
0 0.66875 0.63125 0.071875 0.0484375
0 0.7265625 0.8109375 0.0734375 0.046875
0 0.6421875 0.8703125 0.0796875 0.0546875
0 0.6140625 0.803125 0.078125 0.0484375
0 0.6953125 0.740625 0.0671875 0.0484375
0 0.6890625 0.7046875 0.0765625 0.053125
0 0.6 0.7328125 0.0703125 0.046875
0 0.278125 0.8046875 0.0734375 0.0484375
0 0.36875 0.8046875 0.08125 0.046875
0 0.3609375 0.7734375 0.08125 0.053125
0 0.26875 0.7765625 0.0765625 0.0484375
0 0.3328125 0.6921875 0.0734375 0.04375
0 0.2359375 0.728125 0.096875 0.0640625
0 0.6046875 0.6078125 0.1078125 0.0625
0 0.2953125 0.6640625 0.0859375 0.05625
0 0.6796875 0.671875 0.0796875 0.0546875
0 0.896875 0.503125 0.0625 0.0484375
0 0.903125 0.5421875 0.08125 0.0515625
0 0.990625 0.8171875 0.0875 0.0609375
0 0.978125 0.7828125 0.078125 0.05
0 0.965625 0.746875 0.08125 0.0546875
0 0.9640625 0.709375 0.071875 0.0453125
0 0.940625 0.6421875 0.078125 0.0515625
0 0.925 0.609375 0.0828125 0.0515625
0 0.3734375 0.8390625 0.059375 0.040625
0 0.4125 0.9484375 0.0578125 0.034375
