0 0.209375 0.49375 0.0328125 0.0140625
0 0.3015625 0.53125 0.021875 0.0109375
0 0.275 0.5328125 0.01875 0.009375
0 0.2734375 0.5453125 0.0265625 0.0125
0 0.303125 0.54375 0.0265625 0.0125
0 0.1796875 0.5109375 0.0265625 0.0125
0 0.2109375 0.5109375 0.028125 0.0125
0 0.18125 0.525 0.0296875 0.0140625
0 0.2140625 0.525 0.0328125 0.0140625
0 0.2125 0.540625 0.0296875 0.0125
0 0.1796875 0.55625 0.0234375 0.0125
0 0.2125 0.55625 0.0328125 0.0140625
0 0.2109375 0.571875 0.0265625 0.0125
0 0.18125 0.571875 0.0265625 0.0125
0 0.2125 0.5859375 0.028125 0.0109375
0 0.1796875 0.5890625 0.0234375 0.015625
0 0.2171875 0.6015625 0.021875 0.0109375
0 0.271875 0.615625 0.01875 0.0109375
0 0.2765625 0.5890625 0.0203125 0.0140625
0 0.303125 0.5875 0.028125 0.0109375
0 0.303125 0.5734375 0.025 0.0140625
0 0.2765625 0.575 0.021875 0.0109375
0 0.2734375 0.559375 0.0296875 0.0140625
0 0.3015625 0.559375 0.021875 0.0125
0 0.1796875 0.4953125 0.0296875 0.0171875
0 0.209375 0.478125 0.0328125 0.0109375
0 0.065625 0.0078125 0.0171875 0.0328125
0 0.178125 0.4796875 0.0265625 0.0140625
0 0.0546875 0.0171875 0.0125 0.0265625
0 0.0859375 0.003125 0.01875 0.0328125
0 0.109375 0.15 0.0203125 0.03125
0 0.1 0.121875 0.0171875 0.0265625
0 0.090625 0.134375 0.0171875 0.0296875
0 0.103125 0.321875 0.040625 0.015625
0 0.103125 0.3390625 0.0328125 0.0109375
0 0.059375 0.353125 0.0453125 0.0171875
0 0.103125 0.3546875 0.0359375 0.0140625
0 0.1921875 0.3234375 0.0453125 0.015625
0 0.1765625 0.3421875 0.028125 0.0140625
0 0.175 0.359375 0.025 0.0125
0 0.10625 0.5765625 0.0328125 0.0125
0 0.109375 0.59375 0.0375 0.0125
0 0.10625 0.609375 0.0328125 0.009375
0 0.06875 0.5953125 0.0375 0.015625
0 0.065625 0.6109375 0.0421875 0.015625
0 0.065625 0.6296875 0.0390625 0.01875
0 0.1765625 0.3734375 0.028125 0.0125
0 0.209375 0.3703125 0.0296875 0.0125
0 0.1765625 0.3890625 0.028125 0.0140625
0 0.209375 0.3875 0.03125 0.015625
0 0.1765625 0.4015625 0.0296875 0.0125
0 0.209375 0.4015625 0.03125 0.0109375
0 0.1765625 0.41875 0.03125 0.0140625
0 0.2109375 0.41875 0.03125 0.0140625
0 0.1796875 0.434375 0.025 0.0125
0 0.2109375 0.434375 0.03125 0.0109375
0 0.1796875 0.4484375 0.0234375 0.0109375
0 0.209375 0.4484375 0.0328125 0.0109375
0 0.178125 0.465625 0.03125 0.0140625
0 0.2109375 0.4640625 0.0328125 0.0125
0 0.0671875 0.578125 0.0390625 0.0171875
0 0.1078125 0.559375 0.0375 0.0140625
0 0.103125 0.371875 0.03125 0.0140625
0 0.0640625 0.5609375 0.040625 0.0140625
0 0.0609375 0.371875 0.0390625 0.015625
0 0.05625 0.390625 0.05 0.0140625
0 0.1046875 0.3890625 0.03125 0.0125
0 0.10625 0.4046875 0.0328125 0.015625
0 0.0640625 0.40625 0.034375 0.0140625
0 0.0640625 0.421875 0.034375 0.0171875
0 0.103125 0.4234375 0.0328125 0.0140625
0 0.0625 0.440625 0.0421875 0.015625
0 0.10625 0.440625 0.0359375 0.0125
0 0.10625 0.45625 0.034375 0.0125
0 0.0625 0.4578125 0.0421875 0.0140625
0 0.0640625 0.475 0.0390625 0.015625
0 0.0640625 0.4921875 0.0390625 0.0140625
0 0.1078125 0.4921875 0.0390625 0.0140625
0 0.1078125 0.509375 0.0390625 0.0140625
0 0.0625 0.509375 0.0421875 0.015625
0 0.065625 0.5265625 0.0359375 0.015625
0 0.1046875 0.5265625 0.034375 0.0140625
0 0.0640625 0.54375 0.0421875 0.0140625
0 0.85 0.3578125 0.028125 0.028125
0 0.8453125 0.3421875 0.028125 0.015625
0 0.4109375 0.33125 0.01875 0.034375
0 0.26875 0.3734375 0.025 0.0125
0 0.2953125 0.35625 0.0234375 0.0125
0 0.2671875 0.3546875 0.0203125 0.009375
0 0.265625 0.34375 0.0265625 0.0125
0 0.29375 0.3390625 0.028125 0.0140625
0 0.29375 0.325 0.034375 0.0125
0 0.4265625 0.3390625 0.0234375 0.040625
0 0.29375 0.3703125 0.0234375 0.0125
0 0.296875 0.3859375 0.028125 0.0109375
0 0.2671875 0.3875 0.0265625 0.0125
0 0.2671875 0.403125 0.0265625 0.0109375
0 0.2734375 0.5171875 0.0234375 0.0125
0 0.303125 0.5171875 0.0203125 0.0109375
0 0.3 0.5 0.0265625 0.0109375
0 0.2703125 0.5015625 0.0265625 0.0109375
0 0.3015625 0.4875 0.0265625 0.0109375
0 0.3 0.4734375 0.021875 0.0109375
0 0.271875 0.4734375 0.0296875 0.0109375
0 0.271875 0.459375 0.0234375 0.0109375
0 0.2984375 0.4578125 0.025 0.0109375
0 0.3 0.4453125 0.0265625 0.0125
0 0.2703125 0.44375 0.0265625 0.0109375
0 0.3 0.428125 0.028125 0.0140625
0 0.2703125 0.43125 0.021875 0.0125
0 0.26875 0.4171875 0.025 0.0109375
0 0.296875 0.403125 0.0203125 0.009375
0 0.5234375 0.45 0.0125 0.040625
0 0.5578125 0.4484375 0.0171875 0.046875
0 0.575 0.45 0.01875 0.0453125
0 0.5921875 0.4546875 0.0125 0.034375
0 0.609375 0.45625 0.009375 0.0265625
0 0.659375 0.38125 0.0125 0.01875
0 0.725 0.3953125 0.034375 0.028125
0 0.6359375 0.375 0.0140625 0.028125
0 0.6234375 0.3734375 0.015625 0.0328125
0 0.609375 0.3703125 0.009375 0.0265625
0 0.590625 0.36875 0.015625 0.03125
0 0.5765625 0.3625 0.0125 0.028125
0 0.559375 0.3625 0.0109375 0.028125
0 0.546875 0.3609375 0.015625 0.0328125
0 0.5296875 0.3578125 0.015625 0.0296875
0 0.515625 0.353125 0.0125 0.028125
0 0.5 0.353125 0.0203125 0.0375
0 0.4859375 0.35 0.021875 0.0375
0 0.4703125 0.3453125 0.0203125 0.03125
0 0.440625 0.3421875 0.0234375 0.040625
0 0.540625 0.4515625 0.0140625 0.0359375
0 0.50625 0.453125 0.0125 0.0328125
0 0.4875 0.45 0.0140625 0.0359375
0 0.3640625 0.4890625 0.0453125 0.2328125
0 0.6359375 0.63125 0.046875 0.0265625
0 0.68125 0.5984375 0.0390625 0.028125
0 0.7265625 0.553125 0.0390625 0.0296875
0 0.4234375 0.5890625 0.0171875 0.0375
0 0.440625 0.5875 0.015625 0.0390625
0 0.45625 0.5859375 0.015625 0.0421875
0 0.4734375 0.584375 0.0171875 0.0453125
0 0.490625 0.584375 0.0140625 0.0296875
0 0.5078125 0.590625 0.015625 0.034375
0 0.540625 0.5890625 0.0140625 0.0265625
0 0.55625 0.4953125 0.01875 0.0421875
0 0.521875 0.49375 0.015625 0.0390625
0 0.503125 0.4921875 0.0140625 0.0359375
0 0.4875 0.490625 0.0140625 0.0328125
0 0.471875 0.4890625 0.0125 0.0359375
0 0.453125 0.490625 0.015625 0.0375
0 0.4359375 0.446875 0.0171875 0.0421875
0 0.4546875 0.4453125 0.0203125 0.046875
0 0.56875 0.484375 0.00625 0.0125
0 0.375 0.384375 0.021875 0.0078125
0 0.56875 0.503125 0.00625 0.0125
0 0.2625 0.3265625 0.01875 0.0109375
0 0.184375 0.603125 0.0203125 0.0078125
0 0.21875 0.6125 0.0109375 0.00625
0 0.3734375 0.375 0.0171875 0.0109375
0 0.375 0.396875 0.0203125 0.0109375
0 0.3765625 0.40625 0.01875 0.0078125
0 0.3515625 0.4421875 0.021875 0.009375
0 0.3515625 0.4078125 0.01875 0.0078125
0 0.35 0.396875 0.0203125 0.009375
0 0.3484375 0.3875 0.021875 0.009375
0 0.35 0.3734375 0.021875 0.0109375
0 0.3796875 0.5953125 0.0203125 0.009375
0 0.378125 0.5828125 0.0203125 0.009375
0 0.3578125 0.60625 0.015625 0.009375
0 0.378125 0.5734375 0.0203125 0.0109375
0 0.378125 0.5609375 0.0203125 0.009375
0 0.378125 0.55 0.01875 0.0109375
0 0.3765625 0.5390625 0.01875 0.0078125
0 0.378125 0.528125 0.01875 0.0109375
0 0.378125 0.4953125 0.021875 0.0078125
0 0.3765625 0.484375 0.01875 0.0078125
0 0.3765625 0.4734375 0.0203125 0.009375
0 0.375 0.4625 0.0203125 0.009375
0 0.3765625 0.440625 0.01875 0.009375
0 0.375 0.4296875 0.021875 0.0078125
0 0.375 0.4171875 0.021875 0.0109375
0 0.3515625 0.4296875 0.01875 0.0109375
0 0.3515625 0.4515625 0.0203125 0.009375
0 0.3515625 0.4625 0.01875 0.0078125
0 0.5671875 0.5671875 0.0203125 0.0359375
0 0.5546875 0.5953125 0.0078125 0.0203125
0 0.409375 0.5984375 0.0078125 0.01875
0 0.678125 0.584375 0.0203125 0.0109375
0 0.578125 0.4875 0.0109375 0.0203125
0 0.0609375 0.6421875 0.0171875 0.0078125
0 0.35625 0.59375 0.01875 0.009375
0 0.3546875 0.584375 0.0203125 0.0109375
0 0.3546875 0.5734375 0.0203125 0.0078125
0 0.3546875 0.5625 0.021875 0.0109375
0 0.353125 0.5515625 0.01875 0.0078125
0 0.3546875 0.540625 0.01875 0.0109375
0 0.353125 0.5296875 0.0203125 0.009375
0 0.353125 0.5078125 0.0203125 0.0109375
0 0.35 0.496875 0.025 0.0109375
0 0.3515625 0.4859375 0.0203125 0.0109375
0 0.3515625 0.4734375 0.0203125 0.0078125
0 0.8734375 0.31875 0.0234375 0.015625
0 0.865625 0.309375 0.0234375 0.025
0 0.0703125 0.034375 0.0125 0.0171875
