0 0.69375 0.4765625 0.046875 0.0296875
0 0.80625 0.4546875 0.0203125 0.034375
0 0.8234375 0.4578125 0.01875 0.0390625
0 0.834375 0.446875 0.0140625 0.03125
0 0.846875 0.4421875 0.0203125 0.034375
0 0.8609375 0.4359375 0.01875 0.0359375
0 0.875 0.434375 0.021875 0.034375
0 0.7921875 0.43125 0.034375 0.0203125
0 0.8421875 0.4109375 0.0171875 0.028125
0 0.8578125 0.40625 0.0125 0.0265625
0 0.68125 0.44375 0.046875 0.03125
0 0.6734375 0.428125 0.0375 0.025
0 0.784375 0.415625 0.0390625 0.021875
0 0.7828125 0.4015625 0.034375 0.01875
0 0.8140625 0.3890625 0.0296875 0.01875
0 0.6671875 0.4078125 0.046875 0.0296875
0 0.6609375 0.371875 0.04375 0.0296875
0 0.7796875 0.3859375 0.03125 0.01875
0 0.809375 0.378125 0.028125 0.01875
0 0.775 0.3734375 0.0296875 0.0171875
0 0.684375 0.459375 0.0453125 0.028125
0 0.7 0.49375 0.04375 0.0296875
0 0.7046875 0.5125 0.059375 0.034375
0 0.7625 0.9828125 0.0203125 0.040625
0 0.7328125 0.975 0.01875 0.0296875
0 0.7171875 0.9734375 0.0171875 0.034375
0 0.703125 0.9703125 0.0140625 0.0296875
0 0.64375 0.9515625 0.0171875 0.0265625
0 0.728125 0.8953125 0.0234375 0.0328125
0 0.7609375 0.903125 0.0171875 0.028125
0 0.7 0.8828125 0.015625 0.0265625
0 0.775 0.7875 0.0390625 0.01875
0 0.7609375 0.7125 0.0265625 0.0140625
0 0.759375 0.696875 0.03125 0.015625
0 0.7578125 0.665625 0.0359375 0.015625
0 0.7578125 0.6484375 0.0359375 0.0140625
0 0.68125 0.675 0.0234375 0.0125
0 0.7578125 0.634375 0.0359375 0.015625
0 0.75625 0.6015625 0.0421875 0.015625
0 0.75 0.5859375 0.0296875 0.015625
0 0.2375 0.3578125 0.0296875 0.0390625
0 0.371875 0.4296875 0.0421875 0.0328125
0 0.3953125 0.4390625 0.0265625 0.0203125
0 0.4375 0.3515625 0.0171875 0.025
0 0.3296875 0.3609375 0.0203125 0.0171875
0 0.3515625 0.35 0.0265625 0.0203125
0 0.3953125 0.1359375 0.0140625 0.034375
0 0.4859375 0.0265625 0.0375 0.028125
0 0.353125 0.0421875 0.0375 0.028125
0 0.6015625 0.059375 0.028125 0.0359375
0 0.6203125 0.053125 0.0296875 0.040625
0 0.634375 0.04375 0.03125 0.0421875
0 0.6625 0.0296875 0.0296875 0.0421875
0 0.453125 0.1125 0.0140625 0.0390625
0 0.5640625 0.103125 0.0359375 0.03125
0 0.4421875 0.2296875 0.0203125 0.0484375
0 0.6171875 0.2953125 0.0328125 0.0203125
0 0.6234375 0.3078125 0.034375 0.0234375
0 0.5796875 0.315625 0.0359375 0.025
0 0.5890625 0.3328125 0.0375 0.028125
0 0.596875 0.3421875 0.0328125 0.0234375
0 0.64375 0.340625 0.046875 0.028125
0 0.596875 0.3609375 0.0453125 0.028125
0 0.6453125 0.359375 0.0421875 0.028125
0 0.6078125 0.3765625 0.0359375 0.025
0 0.4671875 0.0390625 0.040625 0.0328125
0 0.425 0.0359375 0.021875 0.0359375
0 0.6109375 0.390625 0.0375 0.025
0 0.6171875 0.40625 0.0375 0.025
0 0.61875 0.421875 0.0421875 0.028125
0 0.3265625 0.909375 0.0375 0.0296875
0 0.365625 0.959375 0.03125 0.034375
0 0.3703125 0.9890625 0.015625 0.028125
0 0.3875 0.9859375 0.0171875 0.028125
0 0.4359375 0.9765625 0.0234375 0.0265625
0 0.428125 0.94375 0.03125 0.034375
0 0.3484375 0.903125 0.0265625 0.0296875
0 0.6390625 0.465625 0.034375 0.0234375
0 0.365625 0.9 0.0265625 0.0359375
0 0.64375 0.4796875 0.0375 0.0265625
0 0.6515625 0.4953125 0.0359375 0.025
0 0.6546875 0.5109375 0.0390625 0.028125
0 0.659375 0.5265625 0.0328125 0.0234375
0 0.596875 0.746875 0.021875 0.015625
0 0.428125 0.778125 0.021875 0.021875
0 0.440625 0.7765625 0.0203125 0.01875
0 0.4421875 0.7890625 0.0234375 0.01875
0 0.4390625 0.8015625 0.0234375 0.01875
0 0.4390625 0.8109375 0.0203125 0.0140625
0 0.39375 0.8109375 0.015625 0.028125
0 0.3796875 0.8125 0.01875 0.0296875
0 0.3671875 0.815625 0.0140625 0.0296875
0 0.35625 0.8171875 0.01875 0.03125
0 0.3375 0.821875 0.0203125 0.03125
0 0.296875 0.8265625 0.009375 0.0265625
0 0.3828125 0.8640625 0.0328125 0.03125
0 0.38125 0.8796875 0.025 0.0234375
0 0.38125 0.8984375 0.0265625 0.0296875
0 0.80625 0.36875 0.028125 0.01875
0 0.8015625 0.346875 0.0296875 0.0203125
0 0.7984375 0.3359375 0.034375 0.021875
0 0.99375 0.803125 0.028125 0.0171875
0 0.7484375 0.7640625 0.009375 0.015625
0 0.7671875 0.821875 0.0375 0.015625
0 0.7296875 0.8203125 0.04375 0.0265625
0 0.703125 0.7921875 0.0875 0.0265625
0 0.678125 0.63125 0.021875 0.009375
0 0.6765625 0.64375 0.025 0.009375
0 0.6765625 0.6546875 0.0203125 0.009375
0 0.675 0.6640625 0.01875 0.009375
0 0.7625 0.725 0.0328125 0.0125
0 0.625 0.4578125 0.021875 0.0171875
0 0.7875 0.30625 0.021875 0.0125
0 0.7828125 0.2859375 0.0203125 0.0140625
0 0.778125 0.2765625 0.0203125 0.015625
0 0.7515625 0.284375 0.0234375 0.015625
0 0.8078125 0.2234375 0.0171875 0.0140625
0 0.8265625 0.24375 0.015625 0.015625
0 0.834375 0.25625 0.021875 0.01875
0 0.953125 0.378125 0.0203125 0.0140625
0 0.9484375 0.3640625 0.021875 0.0171875
0 0.9859375 0.784375 0.0375 0.0234375
0 0.7078125 0.8921875 0.009375 0.015625
0 0.68125 0.8765625 0.0109375 0.01875
0 0.9609375 0.9234375 0.0203125 0.021875
0 0.9734375 0.90625 0.015625 0.0171875
0 0.9890625 0.9359375 0.015625 0.0171875
0 0.990625 0.9828125 0.0234375 0.0203125
0 0.9359375 0.346875 0.01875 0.0140625
0 0.94375 0.35625 0.025 0.015625
0 0.9328125 0.334375 0.0234375 0.0171875
0 0.790625 0.3171875 0.0296875 0.021875
0 0.925 0.3265625 0.021875 0.015625
0 0.746875 0.015625 0.0171875 0.0234375
0 0.75 0.0296875 0.0171875 0.0296875
0 0.8453125 0.0015625 0.03125 0.021875
0 0.9234375 0.315625 0.0203125 0.0171875
0 0.909375 0.2984375 0.0265625 0.01875
0 0.903125 0.290625 0.0265625 0.01875
0 0.896875 0.278125 0.0234375 0.015625
0 0.89375 0.26875 0.0234375 0.015625
0 0.8875 0.253125 0.021875 0.015625
0 0.88125 0.240625 0.0265625 0.01875
0 0.875 0.23125 0.021875 0.0171875
0 0.865625 0.2171875 0.025 0.01875
0 0.865625 0.203125 0.0203125 0.0171875
0 0.89375 0.1828125 0.0140625 0.021875
0 0.9015625 0.1796875 0.0109375 0.01875
0 0.9125 0.175 0.015625 0.021875
0 0.921875 0.1703125 0.015625 0.0203125
0 0.9390625 0.1765625 0.0125 0.01875
0 0.9671875 0.1859375 0.0234375 0.015625
0 0.965625 0.1609375 0.0140625 0.0140625
0 0.978125 0.215625 0.025 0.0203125
0 0.790625 0.45625 0.015625 0.0203125
0 0.9734375 0.196875 0.03125 0.0234375
0 0.9625 0.4015625 0.0234375 0.034375
0 0.978125 0.3921875 0.03125 0.0390625
0 0.9359375 0.421875 0.0203125 0.0265625
0 0.9203125 0.4265625 0.021875 0.028125
0 0.9125 0.39375 0.025 0.0203125
0 0.90625 0.2859375 0.1203125 0.196875
0 0.90625 0.178125 0.0484375 0.0375
0 0.9375 0.19375 0.0234375 0.01875
0 0.94375 0.203125 0.021875 0.0171875
0 0.94375 0.221875 0.01875 0.021875
0 0.9515625 0.23125 0.021875 0.0265625
0 0.9875 0.2265625 0.03125 0.0234375
0 0.965625 0.25625 0.021875 0.028125
0 0.9671875 0.278125 0.025 0.028125
0 0.9921875 0.3125 0.0234375 0.028125
0 0.9375 0.3921875 0.0296875 0.040625
0 0.76875 0.35625 0.0328125 0.0234375
0 0.765625 0.3421875 0.034375 0.021875
0 0.7609375 0.3265625 0.034375 0.0234375
0 0.746875 0.2984375 0.046875 0.025
0 0.7765625 0.265625 0.0328125 0.0234375
0 0.8421875 0.278125 0.0328125 0.0265625
0 0.8484375 0.2890625 0.028125 0.0234375
0 0.86875 0.3203125 0.028125 0.0234375
0 0.8734375 0.3328125 0.0328125 0.025
0 0.88125 0.34375 0.0265625 0.021875
0 0.8875 0.353125 0.0234375 0.01875
0 0.890625 0.3640625 0.0328125 0.0265625
0 0.9 0.3734375 0.0265625 0.0203125
0 0.996875 0.2515625 0.0328125 0.0265625
0 0.6140625 0.5671875 0.0203125 0.01875
0 0.621875 0.575 0.01875 0.0140625
0 0.6484375 0.615625 0.015625 0.021875
0 0.3859375 0.2640625 0.0171875 0.0109375
0 0.390625 0.2734375 0.015625 0.0109375
0 0.403125 0.2890625 0.0265625 0.01875
0 0.4125 0.3078125 0.0234375 0.0171875
0 0.41875 0.3171875 0.0171875 0.0125
0 0.4203125 0.3265625 0.01875 0.0171875
0 0.421875 0.3375 0.0234375 0.01875
0 0.4609375 0.3625 0.0109375 0.015625
0 0.4703125 0.3578125 0.0140625 0.0203125
0 0.4796875 0.35625 0.015625 0.025
0 0.4875 0.353125 0.0140625 0.01875
0 0.50625 0.3453125 0.0109375 0.015625
0 0.515625 0.340625 0.0140625 0.021875
0 0.5265625 0.3390625 0.0140625 0.0203125
0 0.3734375 0.0078125 0.0234375 0.01875
0 0.3484375 0.01875 0.0265625 0.021875
0 0.9375 0.9390625 0.0234375 0.025
0 0.9421875 0.925 0.0234375 0.0265625
0 0.965625 0.8984375 0.0234375 0.021875
0 0.9234375 0.91875 0.01875 0.021875
0 0.9859375 0.975 0.0234375 0.0203125
0 0.98125 0.965625 0.021875 0.01875
0 0.975 0.95625 0.021875 0.0203125
0 0.9609375 0.946875 0.0203125 0.0203125
0 0.5296875 0.7734375 0.028125 0.01875
0 0.3125 0.8265625 0.0125 0.0265625
0 0.134375 0.715625 0.0265625 0.0234375
0 0.284375 0.4890625 0.021875 0.025
0 0.3234375 0.825 0.0140625 0.025
