0 0.140625 0.4171875 0.0328125 0.0140625
0 0.2328125 0.4546875 0.021875 0.0109375
0 0.20625 0.45625 0.01875 0.009375
0 0.2046875 0.46875 0.0265625 0.0125
0 0.234375 0.4671875 0.0265625 0.0125
0 0.1109375 0.434375 0.0265625 0.0125
0 0.1421875 0.434375 0.028125 0.0125
0 0.1125 0.4484375 0.0296875 0.0140625
0 0.1453125 0.4484375 0.0328125 0.0140625
0 0.14375 0.4640625 0.0296875 0.0125
0 0.1109375 0.4796875 0.0234375 0.0125
0 0.14375 0.4796875 0.0328125 0.0140625
0 0.1421875 0.4953125 0.0265625 0.0125
0 0.1125 0.4953125 0.0265625 0.0125
0 0.14375 0.509375 0.028125 0.0109375
0 0.1109375 0.5125 0.0234375 0.015625
0 0.1484375 0.525 0.021875 0.0109375
0 0.203125 0.5390625 0.01875 0.0109375
0 0.2078125 0.5125 0.0203125 0.0140625
0 0.234375 0.5109375 0.028125 0.0109375
0 0.234375 0.496875 0.025 0.0140625
0 0.2078125 0.4984375 0.021875 0.0109375
0 0.2046875 0.4828125 0.0296875 0.0140625
0 0.2328125 0.4828125 0.021875 0.0125
0 0.1109375 0.41875 0.0296875 0.0171875
0 0.140625 0.4015625 0.0328125 0.0109375
0 0.109375 0.403125 0.0265625 0.0140625
0 0.040625 0.0734375 0.0203125 0.03125
0 0.03125 0.0453125 0.0171875 0.0265625
0 0.021875 0.0578125 0.0171875 0.0296875
0 0.034375 0.2453125 0.040625 0.015625
0 0.034375 0.2625 0.0328125 0.0109375
0 0.034375 0.278125 0.0359375 0.0140625
0 0.1234375 0.246875 0.0453125 0.015625
0 0.1078125 0.265625 0.028125 0.0140625
0 0.10625 0.2828125 0.025 0.0125
0 0.0375 0.5 0.0328125 0.0125
0 0.040625 0.5171875 0.0375 0.0125
0 0.0375 0.5328125 0.0328125 0.009375
0 0.0 0.51875 0.0375 0.015625
0 0.1078125 0.296875 0.028125 0.0125
0 0.140625 0.29375 0.0296875 0.0125
0 0.1078125 0.3125 0.028125 0.0140625
0 0.140625 0.3109375 0.03125 0.015625
0 0.1078125 0.325 0.0296875 0.0125
0 0.140625 0.325 0.03125 0.0109375
0 0.1078125 0.3421875 0.03125 0.0140625
0 0.1421875 0.3421875 0.03125 0.0140625
0 0.1109375 0.3578125 0.025 0.0125
0 0.1421875 0.3578125 0.03125 0.0109375
0 0.1109375 0.371875 0.0234375 0.0109375
0 0.140625 0.371875 0.0328125 0.0109375
0 0.109375 0.3890625 0.03125 0.0140625
0 0.1421875 0.3875 0.0328125 0.0125
0 0.0390625 0.4828125 0.0375 0.0140625
0 0.034375 0.2953125 0.03125 0.0140625
0 0.0359375 0.3125 0.03125 0.0125
0 0.0375 0.328125 0.0328125 0.015625
0 0.034375 0.346875 0.0328125 0.0140625
0 0.0375 0.3640625 0.0359375 0.0125
0 0.0375 0.3796875 0.034375 0.0125
0 0.0390625 0.415625 0.0390625 0.0140625
0 0.0390625 0.4328125 0.0390625 0.0140625
0 0.0359375 0.45 0.034375 0.0140625
0 0.78125 0.28125 0.028125 0.028125
0 0.7765625 0.265625 0.028125 0.015625
0 0.3421875 0.2546875 0.01875 0.034375
0 0.2 0.296875 0.025 0.0125
0 0.2265625 0.2796875 0.0234375 0.0125
0 0.1984375 0.278125 0.0203125 0.009375
0 0.196875 0.2671875 0.0265625 0.0125
0 0.225 0.2625 0.028125 0.0140625
0 0.225 0.2484375 0.034375 0.0125
0 0.3578125 0.2625 0.0234375 0.040625
0 0.225 0.29375 0.0234375 0.0125
0 0.228125 0.309375 0.028125 0.0109375
0 0.1984375 0.3109375 0.0265625 0.0125
0 0.1984375 0.3265625 0.0265625 0.0109375
0 0.2046875 0.440625 0.0234375 0.0125
0 0.234375 0.440625 0.0203125 0.0109375
0 0.23125 0.4234375 0.0265625 0.0109375
0 0.2015625 0.425 0.0265625 0.0109375
0 0.2328125 0.4109375 0.0265625 0.0109375
0 0.23125 0.396875 0.021875 0.0109375
0 0.203125 0.396875 0.0296875 0.0109375
0 0.203125 0.3828125 0.0234375 0.0109375
0 0.2296875 0.38125 0.025 0.0109375
0 0.23125 0.36875 0.0265625 0.0125
0 0.2015625 0.3671875 0.0265625 0.0109375
0 0.23125 0.3515625 0.028125 0.0140625
0 0.2015625 0.3546875 0.021875 0.0125
0 0.2 0.340625 0.025 0.0109375
0 0.228125 0.3265625 0.0203125 0.009375
0 0.4546875 0.3734375 0.0125 0.040625
0 0.4890625 0.371875 0.0171875 0.046875
0 0.50625 0.3734375 0.01875 0.0453125
0 0.5234375 0.378125 0.0125 0.034375
0 0.540625 0.3796875 0.009375 0.0265625
0 0.590625 0.3046875 0.0125 0.01875
0 0.65625 0.31875 0.034375 0.028125
0 0.5671875 0.2984375 0.0140625 0.028125
0 0.5546875 0.296875 0.015625 0.0328125
0 0.540625 0.29375 0.009375 0.0265625
0 0.521875 0.2921875 0.015625 0.03125
0 0.5078125 0.2859375 0.0125 0.028125
0 0.490625 0.2859375 0.0109375 0.028125
0 0.478125 0.284375 0.015625 0.0328125
0 0.4609375 0.28125 0.015625 0.0296875
0 0.446875 0.2765625 0.0125 0.028125
0 0.43125 0.2765625 0.0203125 0.0375
0 0.4171875 0.2734375 0.021875 0.0375
0 0.4015625 0.26875 0.0203125 0.03125
0 0.371875 0.265625 0.0234375 0.040625
0 0.471875 0.375 0.0140625 0.0359375
0 0.4375 0.3765625 0.0125 0.0328125
0 0.41875 0.3734375 0.0140625 0.0359375
0 0.2953125 0.4125 0.0453125 0.2328125
0 0.5671875 0.5546875 0.046875 0.0265625
0 0.6125 0.521875 0.0390625 0.028125
0 0.6578125 0.4765625 0.0390625 0.0296875
0 0.3546875 0.5125 0.0171875 0.0375
0 0.371875 0.5109375 0.015625 0.0390625
0 0.3875 0.509375 0.015625 0.0421875
0 0.4046875 0.5078125 0.0171875 0.0453125
0 0.421875 0.5078125 0.0140625 0.0296875
0 0.4390625 0.5140625 0.015625 0.034375
0 0.471875 0.5125 0.0140625 0.0265625
0 0.4875 0.41875 0.01875 0.0421875
0 0.453125 0.4171875 0.015625 0.0390625
0 0.434375 0.415625 0.0140625 0.0359375
0 0.41875 0.4140625 0.0140625 0.0328125
0 0.403125 0.4125 0.0125 0.0359375
0 0.384375 0.4140625 0.015625 0.0375
0 0.3671875 0.3703125 0.0171875 0.0421875
0 0.3859375 0.36875 0.0203125 0.046875
0 0.5 0.4078125 0.00625 0.0125
0 0.30625 0.3078125 0.021875 0.0078125
0 0.5 0.4265625 0.00625 0.0125
0 0.19375 0.25 0.01875 0.0109375
0 0.115625 0.5265625 0.0203125 0.0078125
0 0.15 0.5359375 0.0109375 0.00625
0 0.3046875 0.2984375 0.0171875 0.0109375
0 0.30625 0.3203125 0.0203125 0.0109375
0 0.3078125 0.3296875 0.01875 0.0078125
0 0.2828125 0.365625 0.021875 0.009375
0 0.2828125 0.33125 0.01875 0.0078125
0 0.28125 0.3203125 0.0203125 0.009375
0 0.2796875 0.3109375 0.021875 0.009375
0 0.28125 0.296875 0.021875 0.0109375
0 0.3109375 0.51875 0.0203125 0.009375
0 0.309375 0.50625 0.0203125 0.009375
0 0.2890625 0.5296875 0.015625 0.009375
0 0.309375 0.496875 0.0203125 0.0109375
0 0.309375 0.484375 0.0203125 0.009375
0 0.309375 0.4734375 0.01875 0.0109375
0 0.3078125 0.4625 0.01875 0.0078125
0 0.309375 0.4515625 0.01875 0.0109375
0 0.309375 0.41875 0.021875 0.0078125
0 0.3078125 0.4078125 0.01875 0.0078125
0 0.3078125 0.396875 0.0203125 0.009375
0 0.30625 0.3859375 0.0203125 0.009375
0 0.3078125 0.3640625 0.01875 0.009375
0 0.30625 0.353125 0.021875 0.0078125
0 0.30625 0.340625 0.021875 0.0109375
0 0.2828125 0.353125 0.01875 0.0109375
0 0.2828125 0.375 0.0203125 0.009375
0 0.2828125 0.3859375 0.01875 0.0078125
0 0.4984375 0.490625 0.0203125 0.0359375
0 0.4859375 0.51875 0.0078125 0.0203125
0 0.340625 0.521875 0.0078125 0.01875
0 0.609375 0.5078125 0.0203125 0.0109375
0 0.509375 0.4109375 0.0109375 0.0203125
0 0.2875 0.5171875 0.01875 0.009375
0 0.2859375 0.5078125 0.0203125 0.0109375
0 0.2859375 0.496875 0.0203125 0.0078125
0 0.2859375 0.4859375 0.021875 0.0109375
0 0.284375 0.475 0.01875 0.0078125
0 0.2859375 0.4640625 0.01875 0.0109375
0 0.284375 0.453125 0.0203125 0.009375
0 0.284375 0.43125 0.0203125 0.0109375
0 0.28125 0.4203125 0.025 0.0109375
0 0.2828125 0.409375 0.0203125 0.0109375
0 0.2828125 0.396875 0.0203125 0.0078125
0 0.8046875 0.2421875 0.0234375 0.015625
0 0.796875 0.2328125 0.0234375 0.025
