0 0.15625 0.9421875 0.046875 0.078125
0 0.1 0.9265625 0.0359375 0.071875
0 0.1265625 0.934375 0.0421875 0.075
0 0.1828125 0.8515625 0.05 0.084375
0 0.2234375 0.371875 0.046875 0.05
0 0.20625 0.3859375 0.0640625 0.065625
0 0.1078125 0.51875 0.0796875 0.0578125
0 0.184375 0.596875 0.0671875 0.0515625
0 0.1484375 0.85 0.0328125 0.0640625
0 0.0296875 0.8125 0.0515625 0.0796875
0 0.0875 0.8296875 0.0515625 0.0828125
0 0.121875 0.840625 0.0453125 0.0828125
0 0.1609375 0.3359375 0.059375 0.0546875
0 0.2453125 0.3546875 0.0484375 0.0578125
0 0.1984375 0.3 0.059375 0.0578125
0 0.953125 0.0328125 0.065625 0.075
0 0.9265625 0.05625 0.0765625 0.084375
0 0.9078125 0.0859375 0.0796875 0.0875
0 0.88125 0.10625 0.078125 0.078125
0 0.4859375 0.0609375 0.040625 0.0484375
0 0.76875 0.1921875 0.0609375 0.06875
0 0.7984375 0.16875 0.0828125 0.0796875
0 0.825 0.1453125 0.075 0.078125
0 0.4734375 0.1578125 0.05 0.0578125
0 0.428125 0.10625 0.053125 0.059375
0 0.4453125 0.090625 0.04375 0.0453125
0 0.4640625 0.071875 0.053125 0.05625
0 0.5109375 0.121875 0.0421875 0.0515625
0 0.528125 0.1078125 0.0484375 0.0578125
0 0.540625 0.0046875 0.0515625 0.0546875
0 0.56875 0.0765625 0.0484375 0.05625
0 0.5875 0.059375 0.053125 0.0609375
0 0.60625 0.04375 0.0484375 0.0515625
0 0.6234375 0.025 0.04375 0.05625
0 0.6453125 0.0078125 0.0546875 0.053125
0 0.75 0.2203125 0.078125 0.0796875
0 0.45 0.171875 0.0390625 0.05
0 0.4359375 0.1890625 0.046875 0.05625
0 0.4171875 0.2078125 0.0515625 0.059375
0 0.871875 0.746875 0.021875 0.05
0 0.59375 0.7859375 0.0296875 0.053125
0 0.359375 0.540625 0.053125 0.0265625
0 0.45 0.509375 0.0734375 0.0734375
0 0.4734375 0.4828125 0.0765625 0.0875
0 0.5 0.4546875 0.0640625 0.078125
0 0.5234375 0.4359375 0.078125 0.0859375
0 0.546875 0.4078125 0.075 0.08125
0 0.571875 0.3859375 0.0734375 0.078125
0 0.6015625 0.365625 0.0796875 0.084375
0 0.6203125 0.3359375 0.0765625 0.08125
0 0.646875 0.309375 0.0609375 0.06875
0 0.7015625 0.26875 0.0734375 0.071875
0 0.725 0.246875 0.084375 0.0890625
0 0.340625 0.275 0.0484375 0.0546875
0 0.378125 0.240625 0.0546875 0.0578125
0 0.3546875 0.1734375 0.053125 0.0546875
0 0.371875 0.1578125 0.04375 0.05625
0 0.39375 0.1390625 0.0546875 0.0578125
0 0.2625 0.3390625 0.046875 0.053125
0 0.196875 0.0328125 0.0578125 0.0703125
0 0.2578125 0.2515625 0.04375 0.0578125
0 0.2390625 0.271875 0.0515625 0.053125
0 0.3015625 0.30625 0.046875 0.05625
0 0.284375 0.3203125 0.046875 0.0546875
0 0.21875 0.2875 0.0453125 0.0515625
0 0.0125 0.1890625 0.05625 0.0640625
0 0.065625 0.034375 0.0515625 0.059375
0 0.0484375 0.053125 0.0671875 0.0640625
0 0.1453125 0.0765625 0.0671875 0.071875
0 0.121875 0.0953125 0.0609375 0.059375
0 0.0234375 0.0734375 0.05625 0.0625
0 0.003125 0.0890625 0.0671875 0.0640625
0 0.3140625 0.20625 0.05 0.05
0 0.296875 0.225 0.0375 0.0453125
0 0.278125 0.2390625 0.0421875 0.0484375
0 0.0828125 0.134375 0.059375 0.06875
0 0.05625 0.153125 0.0640625 0.065625
0 0.034375 0.171875 0.05625 0.0546875
