1 0.575 0.6609375 0.0234375 0.046875
1 0.3734375 0.6078125 0.025 0.046875
1 0.396875 0.6109375 0.034375 0.0609375
1 0.4171875 0.621875 0.021875 0.0484375
1 0.4375 0.625 0.021875 0.046875
1 0.4609375 0.63125 0.0234375 0.0578125
1 0.4828125 0.640625 0.0296875 0.05
1 0.50625 0.6421875 0.021875 0.0515625
1 0.53125 0.6515625 0.0265625 0.0546875
1 0.553125 0.6578125 0.028125 0.0546875
1 0.5953125 0.6734375 0.0203125 0.0515625
1 0.325 0.5953125 0.0296875 0.0546875
1 0.61875 0.6765625 0.03125 0.0484375
1 0.64375 0.68125 0.0234375 0.059375
1 0.6640625 0.6890625 0.0296875 0.0484375
1 0.6890625 0.696875 0.0265625 0.05625
1 0.7109375 0.7015625 0.034375 0.05625
1 0.7328125 0.70625 0.028125 0.0546875
1 0.2015625 0.63125 0.0234375 0.0484375
1 0.221875 0.628125 0.021875 0.0421875
1 0.2640625 0.6453125 0.0328125 0.0546875
1 0.3484375 0.603125 0.0359375 0.05
1 0.3015625 0.5921875 0.0296875 0.05
1 0.30625 0.421875 0.028125 0.053125
1 0.5953125 0.496875 0.03125 0.0515625
1 0.3546875 0.434375 0.028125 0.05625
1 0.378125 0.440625 0.034375 0.0609375
1 0.403125 0.4484375 0.0296875 0.065625
1 0.4265625 0.4515625 0.0359375 0.05625
1 0.45 0.4578125 0.034375 0.0578125
1 0.5 0.475 0.028125 0.0609375
1 0.525 0.4734375 0.0328125 0.0546875
1 0.5484375 0.484375 0.034375 0.0640625
1 0.571875 0.4953125 0.0296875 0.0515625
1 0.621875 0.5078125 0.0375 0.0578125
1 0.2796875 0.5859375 0.03125 0.053125
1 0.6453125 0.5140625 0.0359375 0.0578125
1 0.6703125 0.525 0.0375 0.059375
1 0.6953125 0.5265625 0.028125 0.0578125
1 0.71875 0.534375 0.0375 0.0578125
1 0.74375 0.540625 0.0265625 0.05625
1 0.765625 0.546875 0.0296875 0.0625
1 0.21875 0.5625 0.0234375 0.0515625
1 0.2359375 0.5734375 0.0234375 0.046875
1 0.25625 0.5796875 0.0265625 0.0515625
1 0.2875 0.65 0.0265625 0.0484375
1 0.3078125 0.6578125 0.0234375 0.0515625
1 0.33125 0.665625 0.0328125 0.0578125
1 0.5046875 0.90625 0.0265625 0.0734375
1 0.540625 0.915625 0.0265625 0.0703125
1 0.5703125 0.91875 0.0328125 0.071875
1 0.603125 0.9171875 0.0234375 0.0796875
1 0.634375 0.925 0.0390625 0.071875
1 0.675 0.934375 0.034375 0.0640625
1 0.3546875 0.6734375 0.034375 0.0515625
1 0.140625 0.8375 0.0328125 0.075
1 0.4765625 0.9015625 0.0375 0.0828125
1 0.4421875 0.9 0.0375 0.0796875
1 0.4125 0.8984375 0.0296875 0.071875
1 0.378125 0.8953125 0.0375 0.078125
1 0.3984375 0.684375 0.0296875 0.05625
1 0.421875 0.6890625 0.03125 0.0546875
1 0.44375 0.6953125 0.0296875 0.05
1 0.46875 0.6984375 0.0234375 0.0484375
1 0.4890625 0.7078125 0.0296875 0.0515625
1 0.5140625 0.715625 0.0296875 0.0546875
1 0.5359375 0.721875 0.0328125 0.0546875
1 0.559375 0.725 0.03125 0.05
1 0.58125 0.7328125 0.03125 0.046875
1 0.603125 0.7375 0.0296875 0.0515625
1 0.6265625 0.7453125 0.03125 0.0546875
1 0.6484375 0.7515625 0.03125 0.0546875
1 0.6703125 0.7578125 0.0328125 0.0546875
1 0.6921875 0.7625 0.0296875 0.053125
1 0.71875 0.76875 0.028125 0.0484375
1 0.209375 0.859375 0.04375 0.0859375
1 0.24375 0.8796875 0.0265625 0.075
1 0.2765625 0.8796875 0.0234375 0.071875
1 0.309375 0.884375 0.0421875 0.0734375
1 0.3296875 0.4265625 0.034375 0.059375
1 0.2546875 0.4046875 0.0359375 0.05625
1 0.409375 0.1203125 0.0421875 0.0703125
1 0.2015625 0.0625 0.0375 0.065625
1 0.228125 0.065625 0.03125 0.071875
1 0.2546875 0.071875 0.0453125 0.0671875
1 0.278125 0.084375 0.028125 0.0578125
1 0.30625 0.0875 0.0390625 0.0640625
1 0.33125 0.096875 0.0359375 0.0640625
1 0.35625 0.1046875 0.0421875 0.065625
1 0.3828125 0.1125 0.0328125 0.0640625
1 0.4609375 0.1328125 0.0390625 0.0640625
1 0.4859375 0.1359375 0.034375 0.0671875
1 0.5375 0.1515625 0.0375 0.06875
1 0.56875 0.159375 0.0375 0.065625
1 0.5890625 0.1671875 0.0390625 0.0703125
1 0.6140625 0.1734375 0.03125 0.06875
1 0.6421875 0.18125 0.034375 0.0671875
1 0.69375 0.190625 0.0375 0.0734375
1 0.7453125 0.2078125 0.03125 0.065625
1 0.7734375 0.215625 0.0421875 0.06875
1 0.2296875 0.3984375 0.034375 0.05625
1 0.796875 0.221875 0.0296875 0.0703125
1 0.2046875 0.15 0.03125 0.0609375
1 0.2328125 0.1546875 0.0359375 0.0703125
1 0.51875 0.4015625 0.0359375 0.059375
1 0.3 0.340625 0.0359375 0.0625
1 0.325 0.3484375 0.03125 0.0609375
1 0.346875 0.3546875 0.0296875 0.059375
1 0.371875 0.3640625 0.0375 0.05625
1 0.396875 0.3671875 0.0296875 0.059375
1 0.4234375 0.375 0.040625 0.0625
1 0.446875 0.38125 0.0328125 0.0609375
1 0.471875 0.3921875 0.0359375 0.059375
1 0.4953125 0.3953125 0.0328125 0.0625
1 0.54375 0.4109375 0.028125 0.059375
1 0.2546875 0.1640625 0.0359375 0.071875
1 0.56875 0.41875 0.0328125 0.0609375
1 0.6140625 0.4328125 0.0328125 0.0546875
1 0.6390625 0.440625 0.028125 0.0578125
1 0.665625 0.446875 0.0359375 0.0578125
1 0.6890625 0.45625 0.0265625 0.0578125
1 0.7140625 0.4609375 0.0375 0.06875
1 0.7390625 0.4671875 0.04375 0.0625
1 0.7609375 0.4734375 0.0390625 0.0609375
1 0.2046875 0.3953125 0.028125 0.0515625
1 0.2515625 0.3296875 0.03125 0.059375
1 0.2265625 0.325 0.0328125 0.059375
1 0.203125 0.315625 0.03125 0.0578125
1 0.8 0.30625 0.03125 0.065625
1 0.309375 0.1765625 0.040625 0.0765625
1 0.3359375 0.18125 0.0375 0.0703125
1 0.3609375 0.1890625 0.040625 0.06875
1 0.3859375 0.1984375 0.0375 0.0703125
1 0.4109375 0.203125 0.0421875 0.0734375
1 0.4421875 0.2109375 0.0328125 0.065625
1 0.465625 0.2203125 0.0390625 0.0671875
1 0.490625 0.225 0.0375 0.065625
1 0.5171875 0.2359375 0.0375 0.0625
1 0.546875 0.2390625 0.0375 0.0640625
1 0.56875 0.240625 0.040625 0.0625
1 0.5953125 0.2515625 0.0359375 0.0671875
1 0.621875 0.259375 0.040625 0.06875
1 0.646875 0.2640625 0.0390625 0.065625
1 0.6703125 0.2765625 0.04375 0.071875
1 0.7015625 0.28125 0.0359375 0.06875
1 0.728125 0.2875 0.0375 0.0671875
1 0.753125 0.290625 0.0296875 0.0609375
1 0.7765625 0.3 0.04375 0.0703125
1 0.03125 0.9046875 0.0421875 0.015625
1 0.1703125 0.05625 0.03125 0.06875
1 0.1203125 0.046875 0.0234375 0.059375
1 0.06875 0.0265625 0.03125 0.065625
1 0.0453125 0.01875 0.0375 0.0671875
1 0.01875 0.015625 0.0328125 0.0671875
2 0.41875 0.8703125 0.55 0.2140625
2 0.3359375 0.6296875 0.8234375 0.3359375
2 0.1875 0.346875 1.2328125 0.471875
2 0.2671875 0.1203125 1.2 0.4453125
1 0.1484375 0.0515625 0.0359375 0.0640625
1 0.178125 0.625 0.0296875 0.0484375
1 0.0375 0.3421875 0.0359375 0.0609375
1 0.1828125 0.384375 0.034375 0.05625
1 0.1578125 0.3796875 0.0328125 0.0625
1 0.1328125 0.371875 0.0375 0.0609375
1 0.109375 0.3640625 0.0296875 0.059375
1 0.0859375 0.35625 0.0328125 0.059375
1 0.059375 0.3484375 0.0328125 0.05625
1 0.0125 0.334375 0.034375 0.059375
1 0.1609375 0.6203125 0.025 0.046875
1 0.1375 0.6109375 0.034375 0.0515625
1 0.0984375 0.6015625 0.034375 0.05
1 0.08125 0.5953125 0.025 0.053125
1 0.0578125 0.59375 0.028125 0.04375
1 0.040625 0.5859375 0.0234375 0.05
1 0.0203125 0.578125 0.03125 0.053125
1 0.1953125 0.559375 0.0203125 0.05
1 0.1765625 0.5578125 0.028125 0.0484375
1 0.1375 0.54375 0.03125 0.0578125
1 0.115625 0.5421875 0.0234375 0.05
1 0.075 0.5265625 0.0265625 0.0546875
1 0.0578125 0.521875 0.03125 0.0578125
1 0.0359375 0.51875 0.0265625 0.053125
1 0.0125 0.51875 0.0234375 0.0375
1 0.075 0.1171875 0.0390625 0.0703125
1 0.18125 0.140625 0.034375 0.065625
1 0.1546875 0.1375 0.0375 0.065625
1 0.128125 0.128125 0.0390625 0.065625
1 0.103125 0.121875 0.0390625 0.071875
1 0.05 0.1078125 0.0375 0.065625
1 0.0234375 0.1015625 0.034375 0.0703125
1 0.178125 0.3078125 0.034375 0.0609375
1 0.153125 0.303125 0.0328125 0.0578125
1 0.13125 0.2953125 0.0359375 0.059375
1 0.103125 0.2875 0.0296875 0.059375
1 0.08125 0.2796875 0.0328125 0.0578125
1 0.05625 0.271875 0.03125 0.059375
1 0.0296875 0.2671875 0.034375 0.059375
1 0.0046875 0.2609375 0.025 0.0578125
1 0.8265625 0.3109375 0.034375 0.0578125
1 0.8453125 0.2390625 0.0390625 0.065625
3 0.9515625 0.9109375 0.025 0.021875
3 0.96875 0.86875 0.0359375 0.021875
3 0.9796875 0.8484375 0.0328125 0.025
1 0.928125 0.8234375 0.0546875 0.0296875
3 0.99375 0.053125 0.021875 0.028125
3 0.890625 0.0234375 0.025 0.034375
3 0.859375 0.0140625 0.0296875 0.0375
3 0.8375 0.0125 0.028125 0.040625
3 0.81875 0.009375 0.0296875 0.0359375
3 0.7859375 0.0 0.025 0.0328125
