0 0.48125 0.015625 0.0484375 0.05
0 0.7359375 0.996875 0.0578125 0.053125
0 0.775 0.9671875 0.0484375 0.05
0 0.7578125 0.9828125 0.0484375 0.0546875
0 0.7953125 0.953125 0.0359375 0.0390625
0 0.171875 0.834375 0.053125 0.065625
0 0.14375 0.85625 0.0625 0.0703125
0 0.121875 0.88125 0.0609375 0.0671875
0 0.0375 0.8390625 0.06875 0.075
0 0.0140625 0.859375 0.0671875 0.0734375
0 0.090625 0.9015625 0.05625 0.059375
0 0.06875 0.91875 0.0609375 0.0671875
0 0.040625 0.946875 0.0609375 0.0703125
0 0.371875 0.9375 0.05625 0.065625
0 0.328125 0.9703125 0.0546875 0.0640625
0 0.3078125 0.9890625 0.05625 0.0609375
0 0.01875 0.965625 0.0703125 0.0703125
0 0.3515625 0.95625 0.0578125 0.0625
0 0.4390625 0.9796875 0.0453125 0.05625
0 0.334375 0.696875 0.0578125 0.0609375
0 0.325 0.5984375 0.05625 0.0625
0 0.3046875 0.6140625 0.059375 0.0625
0 0.28125 0.634375 0.053125 0.0609375
0 0.2609375 0.6515625 0.053125 0.059375
0 0.2359375 0.66875 0.0546875 0.071875
0 0.2140625 0.6890625 0.0625 0.0640625
0 0.1890625 0.7046875 0.05625 0.065625
0 0.3796875 0.659375 0.05625 0.0578125
0 0.3546875 0.6703125 0.059375 0.0609375
0 0.3125 0.7125 0.059375 0.06875
0 0.4125 0.903125 0.05 0.059375
0 0.290625 0.7328125 0.0578125 0.0703125
0 0.265625 0.75 0.0609375 0.0671875
0 0.246875 0.771875 0.0609375 0.071875
0 0.225 0.790625 0.0609375 0.071875
0 0.1359375 0.7484375 0.0578125 0.0671875
0 0.11875 0.7703125 0.0640625 0.06875
0 0.0890625 0.7921875 0.0546875 0.075
0 0.4515625 0.865625 0.0609375 0.06875
0 0.434375 0.884375 0.0515625 0.05625
0 0.6421875 0.703125 0.053125 0.0640625
0 0.5328125 0.8 0.046875 0.059375
0 0.5546875 0.778125 0.05625 0.0640625
0 0.5765625 0.7609375 0.0484375 0.05625
0 0.6015625 0.7421875 0.053125 0.059375
0 0.603125 0.834375 0.053125 0.0578125
0 0.625 0.8203125 0.0578125 0.0625
0 0.6484375 0.796875 0.05625 0.0609375
0 0.6671875 0.7796875 0.046875 0.05
0 0.61875 0.725 0.0578125 0.0625
0 0.6625 0.6859375 0.053125 0.0609375
0 0.5828125 0.85625 0.05625 0.0578125
0 0.6921875 0.7609375 0.0515625 0.0546875
0 0.7125 0.74375 0.0578125 0.0609375
0 0.734375 0.721875 0.0484375 0.05625
0 0.6875 0.6671875 0.0484375 0.0625
0 0.753125 0.7046875 0.059375 0.065625
0 0.703125 0.64375 0.0546875 0.0578125
0 0.7765625 0.68125 0.059375 0.0625
0 0.7953125 0.6640625 0.0546875 0.059375
0 0.75 0.6125 0.0546875 0.0625
0 0.5140625 0.8140625 0.0515625 0.0640625
0 0.5625 0.871875 0.046875 0.059375
0 0.934375 0.9171875 0.0484375 0.05
0 0.859375 0.9828125 0.046875 0.0546875
0 0.8828125 0.9703125 0.05 0.053125
0 0.8125 0.934375 0.0578125 0.0578125
0 0.8328125 0.9140625 0.04375 0.05625
0 0.8515625 0.9 0.04375 0.053125
0 0.86875 0.8796875 0.05 0.059375
0 0.8875 0.865625 0.046875 0.05
0 0.9078125 0.8515625 0.0453125 0.053125
0 0.9265625 0.8328125 0.0484375 0.05625
0 0.9515625 0.9 0.0453125 0.0515625
0 0.5421875 0.8890625 0.0578125 0.0671875
0 0.96875 0.88125 0.040625 0.040625
0 0.9875 0.8671875 0.046875 0.053125
0 0.94375 0.81875 0.0484375 0.0515625
0 0.490625 0.8328125 0.05 0.05625
0 0.471875 0.8484375 0.0546875 0.059375
0 0.459375 0.9578125 0.0515625 0.0546875
0 0.4828125 0.94375 0.05 0.05625
0 0.503125 0.925 0.0546875 0.0578125
0 0.521875 0.90625 0.0546875 0.065625
0 0.465625 0.5796875 0.0625 0.0640625
0 0.4890625 0.5578125 0.0578125 0.0609375
0 0.5125 0.540625 0.071875 0.0765625
0 0.39375 0.5390625 0.05625 0.071875
0 0.290625 0.3828125 0.0671875 0.078125
0 0.2640625 0.403125 0.0625 0.0796875
0 0.2390625 0.421875 0.065625 0.075
0 0.2140625 0.44375 0.0625 0.08125
0 0.1875 0.465625 0.0625 0.078125
0 0.15625 0.4796875 0.0703125 0.0875
0 0.4578125 0.48125 0.053125 0.065625
0 0.440625 0.5015625 0.053125 0.0625
0 0.4171875 0.521875 0.0515625 0.059375
0 0.446875 0.6 0.059375 0.0671875
0 0.534375 0.521875 0.0546875 0.065625
0 0.371875 0.559375 0.053125 0.0640625
0 0.3484375 0.5734375 0.05625 0.0625
0 0.421875 0.6203125 0.05625 0.0625
0 0.4015625 0.634375 0.0625 0.065625
0 0.015625 0.5265625 0.0609375 0.0765625
0 0.31875 0.3640625 0.0578125 0.071875
0 0.3453125 0.3453125 0.0640625 0.0765625
0 0.3734375 0.321875 0.0640625 0.0734375
0 0.4 0.303125 0.065625 0.0796875
0 0.5578125 0.5078125 0.059375 0.065625
0 0.5875 0.4765625 0.0609375 0.0671875
0 0.5546875 0.396875 0.0484375 0.0625
0 0.5328125 0.415625 0.05625 0.0578125
0 0.503125 0.4421875 0.05625 0.0609375
0 0.4828125 0.4625 0.059375 0.0625
0 0.0640625 0.125 0.040625 0.0375
0 0.33125 0.1671875 0.0390625 0.0484375
0 0.346875 0.15 0.0375 0.0484375
0 0.271875 0.1078125 0.0515625 0.046875
0 0.20625 0.1640625 0.05625 0.040625
0 0.215625 0.18125 0.0546875 0.040625
0 0.171875 0.203125 0.0515625 0.05
0 0.1 0.2625 0.071875 0.0671875
0 0.1171875 0.2796875 0.06875 0.0703125
0 0.4265625 0.2796875 0.0515625 0.065625
