0 0.053125 0.9859375 0.046875 0.078125
0 0.0234375 0.978125 0.0421875 0.075
0 0.0796875 0.8953125 0.05 0.084375
0 0.1203125 0.415625 0.046875 0.05
0 0.103125 0.4296875 0.0640625 0.065625
0 0.0046875 0.5625 0.0796875 0.0578125
0 0.08125 0.640625 0.0671875 0.0515625
0 0.0453125 0.89375 0.0328125 0.0640625
0 0.01875 0.884375 0.0453125 0.0828125
0 0.0578125 0.3796875 0.059375 0.0546875
0 0.1421875 0.3984375 0.0484375 0.0578125
0 0.0953125 0.34375 0.059375 0.0578125
0 0.9328125 0.0109375 0.0796875 0.084375
0 0.85 0.0765625 0.065625 0.075
0 0.8234375 0.1 0.0765625 0.084375
0 0.8046875 0.1296875 0.0796875 0.0875
0 0.778125 0.15 0.078125 0.078125
0 0.3828125 0.1046875 0.040625 0.0484375
0 0.665625 0.2359375 0.0609375 0.06875
0 0.6953125 0.2125 0.0828125 0.0796875
0 0.721875 0.1890625 0.075 0.078125
0 0.3703125 0.2015625 0.05 0.0578125
0 0.325 0.15 0.053125 0.059375
0 0.3421875 0.134375 0.04375 0.0453125
0 0.3609375 0.115625 0.053125 0.05625
0 0.4078125 0.165625 0.0421875 0.0515625
0 0.425 0.1515625 0.0484375 0.0578125
0 0.4375 0.0484375 0.0515625 0.0546875
0 0.4609375 0.0375 0.0484375 0.0546875
0 0.4765625 0.01875 0.0515625 0.0546875
0 0.465625 0.1203125 0.0484375 0.05625
0 0.484375 0.103125 0.053125 0.0609375
0 0.503125 0.0875 0.0484375 0.0515625
0 0.5203125 0.06875 0.04375 0.05625
0 0.5421875 0.0515625 0.0546875 0.053125
0 0.4921875 0.0 0.046875 0.0515625
0 0.646875 0.2640625 0.078125 0.0796875
0 0.346875 0.215625 0.0390625 0.05
0 0.3328125 0.2328125 0.046875 0.05625
0 0.3140625 0.2515625 0.0515625 0.059375
0 0.76875 0.790625 0.021875 0.05
0 0.490625 0.8296875 0.0296875 0.053125
0 0.25625 0.584375 0.053125 0.0265625
0 0.346875 0.553125 0.0734375 0.0734375
0 0.3703125 0.5265625 0.0765625 0.0875
0 0.396875 0.4984375 0.0640625 0.078125
0 0.4203125 0.4796875 0.078125 0.0859375
0 0.44375 0.4515625 0.075 0.08125
0 0.46875 0.4296875 0.0734375 0.078125
0 0.4984375 0.409375 0.0796875 0.084375
0 0.5171875 0.3796875 0.0765625 0.08125
0 0.54375 0.353125 0.0609375 0.06875
0 0.5984375 0.3125 0.0734375 0.071875
0 0.621875 0.290625 0.084375 0.0890625
0 0.2375 0.31875 0.0484375 0.0546875
0 0.275 0.284375 0.0546875 0.0578125
0 0.2515625 0.2171875 0.053125 0.0546875
0 0.26875 0.2015625 0.04375 0.05625
0 0.290625 0.1828125 0.0546875 0.0578125
0 0.159375 0.3828125 0.046875 0.053125
0 0.1546875 0.0140625 0.0546875 0.0640625
0 0.1359375 0.034375 0.053125 0.0625
0 0.09375 0.0765625 0.0578125 0.0703125
0 0.0109375 0.0390625 0.0640625 0.065625
0 0.1546875 0.2953125 0.04375 0.0578125
0 0.1359375 0.315625 0.0515625 0.053125
0 0.1984375 0.35 0.046875 0.05625
0 0.18125 0.3640625 0.046875 0.0546875
0 0.115625 0.33125 0.0453125 0.0515625
0 0.0421875 0.1203125 0.0671875 0.071875
0 0.01875 0.1390625 0.0609375 0.059375
0 0.2109375 0.25 0.05 0.05
0 0.19375 0.26875 0.0375 0.0453125
0 0.175 0.2828125 0.0421875 0.0484375
0 0.5984375 0.003125 0.0453125 0.059375
