0 0.9796875 0.9421875 0.046875 0.05
0 0.9625 0.95625 0.0640625 0.065625
0 0.9171875 0.90625 0.059375 0.0546875
0 0.309375 0.7609375 0.06875 0.0703125
0 0.3375 0.7453125 0.05625 0.0609375
0 0.359375 0.728125 0.059375 0.065625
0 0.3828125 0.70625 0.065625 0.06875
0 0.403125 0.690625 0.0609375 0.06875
0 0.425 0.6703125 0.0625 0.065625
0 0.4484375 0.65 0.0546875 0.0671875
0 0.2609375 0.7015625 0.0546875 0.0609375
0 0.4265625 0.075 0.078125 0.0953125
0 0.403125 0.1 0.071875 0.084375
0 0.378125 0.1234375 0.0640625 0.0734375
0 0.3546875 0.1390625 0.0609375 0.071875
0 0.30625 0.6640625 0.0625 0.0625
0 0.3265625 0.64375 0.0578125 0.071875
0 0.346875 0.625 0.06875 0.0640625
0 0.36875 0.6046875 0.0515625 0.0609375
0 0.3953125 0.5859375 0.0640625 0.0625
0 0.415625 0.565625 0.059375 0.0671875
0 0.44375 0.5421875 0.06875 0.071875
0 0.2359375 0.3328125 0.0640625 0.0765625
0 0.26875 0.315625 0.065625 0.0796875
0 0.2953125 0.2921875 0.071875 0.0796875
0 0.2421875 0.225 0.0578125 0.071875
0 0.2640625 0.2015625 0.0671875 0.078125
0 0.321875 0.2796875 0.0625 0.071875
0 0.35 0.253125 0.0609375 0.0765625
0 0.375 0.234375 0.065625 0.0765625
0 0.403125 0.2125 0.0625 0.0734375
0 0.459375 0.1734375 0.0609375 0.071875
0 0.4296875 0.1921875 0.0640625 0.078125
0 0.296875 0.18125 0.0671875 0.075
0 0.9546875 0.8703125 0.059375 0.0578125
0 0.546875 0.4515625 0.06875 0.0703125
0 0.80625 0.34375 0.053125 0.065625
0 0.778125 0.365625 0.0625 0.0703125
0 0.75625 0.390625 0.0609375 0.0671875
0 0.671875 0.3484375 0.06875 0.075
0 0.6484375 0.36875 0.0671875 0.0734375
0 0.725 0.4109375 0.05625 0.059375
0 0.703125 0.428125 0.0609375 0.0671875
0 0.621875 0.39375 0.06875 0.075
0 0.571875 0.4375 0.06875 0.08125
0 0.675 0.45625 0.0609375 0.0703125
0 0.9625 0.4796875 0.0546875 0.0640625
0 0.9421875 0.4984375 0.05625 0.0609375
0 0.9171875 0.5140625 0.05625 0.0609375
0 0.9953125 0.5609375 0.053125 0.0625
0 0.953125 0.603125 0.0578125 0.0703125
0 0.8703125 0.565625 0.0640625 0.065625
0 0.653125 0.475 0.0703125 0.0703125
0 0.9859375 0.465625 0.0578125 0.0625
0 0.5140625 0.1375 0.059375 0.075
0 0.96875 0.20625 0.0578125 0.0609375
0 0.959375 0.1078125 0.05625 0.0625
0 0.9390625 0.1234375 0.059375 0.0625
0 0.915625 0.14375 0.053125 0.0609375
0 0.8953125 0.1609375 0.053125 0.059375
0 0.8703125 0.178125 0.0546875 0.071875
0 0.8484375 0.1984375 0.0625 0.0640625
0 0.8234375 0.2140625 0.05625 0.065625
0 0.9890625 0.1796875 0.059375 0.0609375
0 0.946875 0.221875 0.059375 0.06875
0 0.925 0.2421875 0.0578125 0.0703125
0 0.9 0.259375 0.0609375 0.0671875
0 0.88125 0.28125 0.0609375 0.071875
0 0.859375 0.3 0.0609375 0.071875
0 0.7703125 0.2578125 0.0578125 0.0671875
0 0.753125 0.2796875 0.0640625 0.06875
0 0.7234375 0.3015625 0.0546875 0.075
0 0.6265625 0.50625 0.059375 0.071875
0 0.603125 0.5234375 0.05625 0.0671875
0 0.5140625 0.471875 0.0625 0.0703125
0 0.6546875 0.8578125 0.0625 0.065625
0 0.65 0.7578125 0.0578125 0.0578125
0 0.6234375 0.7734375 0.0625 0.0625
0 0.6015625 0.7921875 0.05 0.05625
0 0.58125 0.8125 0.0578125 0.0640625
0 0.559375 0.834375 0.0515625 0.0546875
0 0.5390625 0.853125 0.05625 0.0578125
0 0.515625 0.871875 0.053125 0.0625
0 0.490625 0.8890625 0.0640625 0.0734375
0 0.6796875 0.8359375 0.053125 0.0546875
0 0.6359375 0.8765625 0.0546875 0.0640625
0 0.4953125 0.4984375 0.0625 0.0703125
0 0.6109375 0.896875 0.05625 0.0609375
0 0.590625 0.9125 0.0515625 0.059375
0 0.5640625 0.9328125 0.0546875 0.0578125
0 0.5390625 0.9453125 0.0703125 0.0734375
0 0.9953125 0.8421875 0.0515625 0.053125
0 0.975 0.8578125 0.0453125 0.0515625
0 0.7265625 0.8015625 0.0671875 0.0703125
0 0.746875 0.78125 0.0625 0.06875
0 0.76875 0.759375 0.05625 0.0640625
0 0.6703125 0.734375 0.0625 0.0625
0 0.4671875 0.525 0.0671875 0.078125
0 0.571875 0.5453125 0.0546875 0.0578125
0 0.553125 0.565625 0.046875 0.06875
0 0.521875 0.5875 0.065625 0.0640625
0 0.503125 0.609375 0.0578125 0.0671875
0 0.4734375 0.634375 0.0609375 0.06875
0 0.821875 0.6046875 0.0515625 0.059375
0 0.8046875 0.6234375 0.0671875 0.0640625
0 0.9015625 0.646875 0.0671875 0.071875
0 0.878125 0.665625 0.0609375 0.059375
0 0.7796875 0.64375 0.05625 0.0625
0 0.759375 0.659375 0.0671875 0.0640625
0 0.8390625 0.7046875 0.059375 0.06875
0 0.8125 0.7234375 0.0640625 0.065625
0 0.790625 0.7421875 0.05625 0.0546875
0 0.7140625 0.7015625 0.0671875 0.0703125
0 0.4875 0.1578125 0.0625 0.075
0 0.5703125 0.0984375 0.0671875 0.084375
0 0.5921875 0.0734375 0.0625 0.0765625
0 0.9828125 0.0828125 0.05625 0.0625
0 0.4828125 0.0359375 0.0609375 0.0765625
0 0.65 0.0359375 0.0609375 0.0765625
0 0.6265625 0.053125 0.0625 0.0765625
