0 0.1109375 0.625 0.0171875 0.0328125
0 0.496875 0.140625 0.009375 0.0203125
0 0.5078125 0.1421875 0.0109375 0.021875
0 0.51875 0.140625 0.0109375 0.01875
0 0.5296875 0.140625 0.0109375 0.0171875
0 0.3109375 0.2046875 0.0296875 0.040625
0 0.196875 0.3484375 0.0171875 0.0265625
0 0.1515625 0.446875 0.034375 0.0421875
0 0.2328125 0.46875 0.028125 0.034375
0 0.084375 0.5 0.0109375 0.0203125
0 0.1609375 0.8234375 0.0171875 0.0328125
0 0.15 0.8328125 0.0125 0.0265625
0 0.18125 0.81875 0.01875 0.0328125
0 0.2046875 0.965625 0.0203125 0.03125
0 0.1953125 0.9375 0.0171875 0.0265625
0 0.1859375 0.95 0.0171875 0.0296875
0 0.4765625 0.1390625 0.0125 0.021875
0 0.4546875 0.1390625 0.009375 0.0203125
0 0.4390625 0.140625 0.009375 0.028125
0 0.425 0.140625 0.0109375 0.025
0 0.4640625 0.0015625 0.015625 0.0390625
0 0.478125 0.003125 0.015625 0.0375
0 0.4953125 0.0015625 0.0140625 0.0390625
0 0.5125 0.003125 0.0140625 0.0375
0 0.53125 0.0046875 0.015625 0.0359375
0 0.4609375 0.040625 0.0140625 0.0359375
0 0.4765625 0.040625 0.0140625 0.034375
0 0.496875 0.040625 0.0125 0.034375
0 0.5109375 0.04375 0.0140625 0.0390625
0 0.3984375 0.109375 0.0109375 0.0265625
0 0.425 0.1109375 0.0109375 0.025
0 0.4390625 0.1125 0.0109375 0.025
0 0.396875 0.1390625 0.0125 0.0265625
0 0.690625 0.04375 0.009375 0.01875
0 0.7015625 0.0453125 0.0109375 0.021875
0 0.7125 0.0453125 0.0140625 0.021875
0 0.7234375 0.046875 0.0125 0.01875
0 0.7578125 0.046875 0.009375 0.0171875
0 0.7140625 0.0203125 0.009375 0.0203125
0 0.7234375 0.0203125 0.0125 0.021875
0 0.7359375 0.021875 0.0078125 0.021875
0 0.746875 0.021875 0.009375 0.0203125
0 0.665625 0.04375 0.0109375 0.0203125
0 0.653125 0.0453125 0.0125 0.021875
0 0.640625 0.0421875 0.0140625 0.0234375
0 0.69375 0.0203125 0.0125 0.025
0 0.5421875 0.140625 0.009375 0.0234375
0 0.553125 0.1421875 0.0109375 0.01875
0 0.5640625 0.140625 0.0109375 0.0171875
0 0.64375 0.115625 0.0125 0.028125
0 0.6578125 0.11875 0.009375 0.0234375
0 0.6703125 0.1203125 0.0109375 0.021875
0 0.5578125 0.0453125 0.015625 0.0390625
0 0.571875 0.04375 0.0140625 0.0296875
0 0.5421875 0.0421875 0.0125 0.028125
0 0.6140625 0.04375 0.0125 0.03125
0 0.628125 0.04375 0.0125 0.0296875
0 0.5609375 0.0046875 0.015625 0.0359375
0 0.603125 0.009375 0.0140625 0.0359375
0 0.61875 0.0125 0.0125 0.028125
0 0.628125 0.015625 0.0109375 0.021875
0 0.6421875 0.0171875 0.0125 0.025
0 0.6546875 0.015625 0.0109375 0.0234375
0 0.66875 0.015625 0.0109375 0.0265625
0 0.68125 0.01875 0.0109375 0.0234375
0 0.028125 0.2421875 0.0171875 0.0421875
0 0.18125 0.6328125 0.0234375 0.0140625
0 0.2640625 0.478125 0.015625 0.0125
0 0.4890625 0.7984375 0.0265625 0.0109375
0 0.165625 0.85 0.0125 0.0171875
