0 0.821875 0.996875 0.125 0.2625
0 0.859375 0.834375 0.0390625 0.0265625
0 0.825 0.81875 0.0265625 0.021875
0 0.8078125 0.209375 0.046875 0.0296875
0 0.9203125 0.1875 0.0203125 0.034375
0 0.9375 0.190625 0.01875 0.0390625
0 0.9484375 0.1796875 0.0140625 0.03125
0 0.9609375 0.175 0.0203125 0.034375
0 0.975 0.16875 0.01875 0.0359375
0 0.9890625 0.1671875 0.021875 0.034375
0 0.90625 0.1640625 0.034375 0.0203125
0 0.95625 0.14375 0.0171875 0.028125
0 0.971875 0.1390625 0.0125 0.0265625
0 0.7953125 0.1765625 0.046875 0.03125
0 0.7875 0.1609375 0.0375 0.025
0 0.8984375 0.1484375 0.0390625 0.021875
0 0.896875 0.134375 0.034375 0.01875
0 0.928125 0.121875 0.0296875 0.01875
0 0.78125 0.140625 0.046875 0.0296875
0 0.775 0.1046875 0.04375 0.0296875
0 0.89375 0.11875 0.03125 0.01875
0 0.9234375 0.1109375 0.028125 0.01875
0 0.8890625 0.10625 0.0296875 0.0171875
0 0.7984375 0.1921875 0.0453125 0.028125
0 0.8140625 0.2265625 0.04375 0.0296875
0 0.765625 0.7953125 0.025 0.0140625
0 0.81875 0.2453125 0.059375 0.034375
0 0.8734375 0.790625 0.03125 0.0203125
0 0.878125 0.775 0.0375 0.01875
0 0.8765625 0.715625 0.0203125 0.040625
0 0.846875 0.7078125 0.01875 0.0296875
0 0.83125 0.70625 0.0171875 0.034375
0 0.8171875 0.703125 0.0140625 0.0296875
0 0.7578125 0.684375 0.0171875 0.0265625
0 0.8421875 0.628125 0.0234375 0.0328125
0 0.875 0.6359375 0.0171875 0.028125
0 0.8140625 0.615625 0.015625 0.0265625
0 0.8890625 0.5203125 0.0390625 0.01875
0 0.875 0.4453125 0.0265625 0.0140625
0 0.8734375 0.4296875 0.03125 0.015625
0 0.871875 0.3984375 0.0359375 0.015625
0 0.871875 0.38125 0.0359375 0.0140625
0 0.7953125 0.4078125 0.0234375 0.0125
0 0.871875 0.3671875 0.0359375 0.015625
0 0.8703125 0.334375 0.0421875 0.015625
0 0.8640625 0.31875 0.0296875 0.015625
0 0.3515625 0.090625 0.0296875 0.0390625
0 0.4859375 0.1625 0.0421875 0.0328125
0 0.509375 0.171875 0.0265625 0.0203125
0 0.5515625 0.084375 0.0171875 0.025
0 0.44375 0.09375 0.0203125 0.0171875
0 0.465625 0.0828125 0.0265625 0.0203125
0 0.6765625 0.9421875 0.0828125 0.2609375
0 0.375 0.8640625 0.0171875 0.03125
0 0.3671875 0.9265625 0.0234375 0.0328125
0 0.36875 0.959375 0.0296875 0.0328125
0 0.353125 0.9234375 0.021875 0.0328125
0 0.3625 0.8609375 0.0125 0.0296875
0 0.40625 0.9578125 0.0265625 0.0296875
0 0.3890625 0.9578125 0.0328125 0.0359375
0 0.440625 0.9578125 0.021875 0.03125
0 0.434375 0.93125 0.0203125 0.0296875
0 0.73125 0.028125 0.0328125 0.0203125
0 0.7375 0.040625 0.034375 0.0234375
0 0.69375 0.0484375 0.0359375 0.025
0 0.703125 0.065625 0.0375 0.028125
0 0.7109375 0.075 0.0328125 0.0234375
0 0.7578125 0.0734375 0.046875 0.028125
0 0.7109375 0.09375 0.0453125 0.028125
0 0.759375 0.0921875 0.0421875 0.028125
0 0.721875 0.109375 0.0359375 0.025
0 0.725 0.1234375 0.0375 0.025
0 0.73125 0.1390625 0.0375 0.025
0 0.7328125 0.1546875 0.0421875 0.028125
0 0.440625 0.6421875 0.0375 0.0296875
0 0.4796875 0.6921875 0.03125 0.034375
0 0.484375 0.721875 0.015625 0.028125
0 0.5015625 0.71875 0.0171875 0.028125
0 0.55 0.709375 0.0234375 0.0265625
0 0.7734375 0.7703125 0.0296875 0.0171875
0 0.4828125 0.778125 0.0265625 0.034375
0 0.5328125 0.80625 0.025 0.028125
0 0.7109375 0.821875 0.03125 0.0171875
0 0.7046875 0.8359375 0.0234375 0.0140625
0 0.7671875 0.86875 0.0234375 0.015625
0 0.7703125 0.884375 0.028125 0.0171875
0 0.765625 0.8984375 0.0265625 0.0171875
0 0.390625 0.8640625 0.0109375 0.0359375
0 0.40625 0.8625 0.015625 0.0375
0 0.421875 0.8578125 0.015625 0.04375
0 0.4390625 0.85625 0.0171875 0.0390625
0 0.5125 0.853125 0.0328125 0.021875
0 0.509375 0.8703125 0.0359375 0.0234375
0 0.3859375 0.9265625 0.0234375 0.0359375
0 0.5421875 0.6765625 0.03125 0.034375
0 0.4625 0.6359375 0.0265625 0.0296875
0 0.753125 0.1984375 0.034375 0.0234375
0 0.4796875 0.6328125 0.0265625 0.0359375
0 0.7578125 0.2125 0.0375 0.0265625
0 0.765625 0.228125 0.0359375 0.025
0 0.76875 0.24375 0.0390625 0.028125
0 0.7734375 0.259375 0.0328125 0.0234375
0 0.7109375 0.4796875 0.021875 0.015625
0 0.5421875 0.5109375 0.021875 0.021875
0 0.5546875 0.509375 0.0203125 0.01875
0 0.55625 0.521875 0.0234375 0.01875
0 0.553125 0.534375 0.0234375 0.01875
0 0.553125 0.54375 0.0203125 0.0140625
0 0.5078125 0.54375 0.015625 0.028125
0 0.49375 0.5453125 0.01875 0.0296875
0 0.48125 0.5484375 0.0140625 0.0296875
0 0.4703125 0.55 0.01875 0.03125
0 0.4515625 0.5546875 0.0203125 0.03125
0 0.4109375 0.559375 0.009375 0.0265625
0 0.496875 0.596875 0.0328125 0.03125
0 0.4953125 0.6125 0.025 0.0234375
0 0.4953125 0.63125 0.0265625 0.0296875
0 0.9203125 0.1015625 0.028125 0.01875
0 0.915625 0.0796875 0.0296875 0.0203125
0 0.9125 0.06875 0.034375 0.021875
0 0.8625 0.496875 0.009375 0.015625
0 0.88125 0.5546875 0.0375 0.015625
0 0.84375 0.553125 0.04375 0.0265625
0 0.8171875 0.525 0.0875 0.0265625
0 0.7921875 0.3640625 0.021875 0.009375
0 0.790625 0.3765625 0.025 0.009375
0 0.790625 0.3875 0.0203125 0.009375
0 0.7890625 0.396875 0.01875 0.009375
0 0.8765625 0.4578125 0.0328125 0.0125
0 0.7390625 0.190625 0.021875 0.0171875
0 0.9015625 0.0390625 0.021875 0.0125
0 0.896875 0.01875 0.0203125 0.0140625
0 0.8921875 0.009375 0.0203125 0.015625
0 0.865625 0.0171875 0.0234375 0.015625
0 0.821875 0.625 0.009375 0.015625
0 0.7953125 0.609375 0.0109375 0.01875
0 0.8671875 0.878125 0.025 0.015625
0 0.840625 0.86875 0.0203125 0.0125
0 0.9046875 0.05 0.0296875 0.021875
0 0.9046875 0.1890625 0.015625 0.0203125
0 0.80625 0.990625 0.0234375 0.0125
0 0.8375 0.996875 0.0296875 0.0171875
0 0.840625 0.9828125 0.028125 0.0171875
0 0.84375 0.9703125 0.0328125 0.015625
0 0.8125 0.971875 0.0203125 0.009375
0 0.815625 0.965625 0.01875 0.0109375
0 0.8484375 0.95625 0.025 0.0171875
0 0.85 0.9453125 0.0296875 0.0171875
0 0.821875 0.9484375 0.021875 0.015625
0 0.825 0.9359375 0.021875 0.0140625
0 0.8546875 0.9296875 0.028125 0.015625
0 0.828125 0.91875 0.0171875 0.0125
0 0.8296875 0.9109375 0.01875 0.0125
0 0.83125 0.9015625 0.0234375 0.0125
0 0.8625 0.903125 0.0328125 0.01875
0 0.8828125 0.0890625 0.0328125 0.0234375
0 0.8796875 0.075 0.034375 0.021875
0 0.875 0.059375 0.034375 0.0234375
0 0.8609375 0.03125 0.046875 0.025
0 0.95625 0.0109375 0.0328125 0.0265625
0 0.9625 0.021875 0.028125 0.0234375
0 0.9828125 0.053125 0.028125 0.0234375
0 0.9875 0.065625 0.0328125 0.025
0 0.9953125 0.0765625 0.0265625 0.021875
0 0.7453125 0.990625 0.025 0.015625
0 0.7203125 0.959375 0.0203125 0.0078125
0 0.725 0.9484375 0.021875 0.0140625
0 0.6828125 0.91875 0.01875 0.009375
0 0.6796875 0.9390625 0.021875 0.0109375
0 0.6765625 0.95 0.021875 0.0125
0 0.6734375 0.9578125 0.0203125 0.0109375
0 0.6703125 0.9671875 0.0171875 0.0109375
0 0.66875 0.978125 0.0203125 0.0140625
0 0.665625 0.9890625 0.0203125 0.0125
0 0.665625 0.9984375 0.01875 0.0109375
0 0.725 0.9359375 0.025 0.0140625
0 0.8375 0.88125 0.0203125 0.0125
0 0.6875 0.8984375 0.01875 0.009375
0 0.69375 0.875 0.015625 0.0078125
0 0.7328125 0.8125 0.0203125 0.0125
0 0.7 0.853125 0.021875 0.0125
0 0.728125 0.3 0.0203125 0.01875
0 0.7359375 0.3078125 0.01875 0.0140625
0 0.7625 0.3484375 0.015625 0.021875
0 0.5046875 0.00625 0.015625 0.0109375
0 0.5171875 0.021875 0.0265625 0.01875
0 0.5265625 0.040625 0.0234375 0.0171875
0 0.5328125 0.05 0.0171875 0.0125
0 0.534375 0.059375 0.01875 0.0171875
0 0.5359375 0.0703125 0.0234375 0.01875
0 0.575 0.0953125 0.0109375 0.015625
0 0.584375 0.090625 0.0140625 0.0203125
0 0.59375 0.0890625 0.015625 0.025
0 0.6015625 0.0859375 0.0140625 0.01875
0 0.6203125 0.078125 0.0109375 0.015625
0 0.6296875 0.0734375 0.0140625 0.021875
0 0.640625 0.071875 0.0140625 0.0203125
0 0.7328125 0.9125 0.0203125 0.0125
0 0.740625 0.875 0.01875 0.0109375
0 0.64375 0.50625 0.028125 0.01875
0 0.4265625 0.559375 0.0125 0.0265625
0 0.2484375 0.4484375 0.0265625 0.0234375
0 0.3984375 0.221875 0.021875 0.025
0 0.4375 0.5578125 0.0140625 0.025
