0 0.334375 0.4390625 0.078125 0.0953125
0 0.3109375 0.4640625 0.071875 0.084375
0 0.2859375 0.4875 0.0640625 0.0734375
0 0.2625 0.503125 0.0609375 0.071875
0 0.2546875 0.9890625 0.06875 0.0640625
0 0.2765625 0.96875 0.0515625 0.0609375
0 0.303125 0.95 0.0640625 0.0625
0 0.3234375 0.9296875 0.059375 0.0671875
0 0.3515625 0.90625 0.06875 0.071875
0 0.14375 0.696875 0.0640625 0.0765625
0 0.1765625 0.6796875 0.065625 0.0796875
0 0.203125 0.65625 0.071875 0.0796875
0 0.15 0.5890625 0.0578125 0.071875
0 0.171875 0.565625 0.0671875 0.078125
0 0.2296875 0.64375 0.0625 0.071875
0 0.2578125 0.6171875 0.0609375 0.0765625
0 0.2828125 0.5984375 0.065625 0.0765625
0 0.3109375 0.5765625 0.0625 0.0734375
0 0.3671875 0.5375 0.0609375 0.071875
0 0.3375 0.55625 0.0640625 0.078125
0 0.2046875 0.5453125 0.0671875 0.075
0 0.4546875 0.815625 0.06875 0.0703125
0 0.7140625 0.7078125 0.053125 0.065625
0 0.6859375 0.7296875 0.0625 0.0703125
0 0.6640625 0.7546875 0.0609375 0.0671875
0 0.5796875 0.7125 0.06875 0.075
0 0.55625 0.7328125 0.0671875 0.0734375
0 0.6328125 0.775 0.05625 0.059375
0 0.6109375 0.7921875 0.0609375 0.0671875
0 0.5296875 0.7578125 0.06875 0.075
0 0.4796875 0.8015625 0.06875 0.08125
0 0.5828125 0.8203125 0.0609375 0.0703125
0 0.9140625 0.8109375 0.05625 0.065625
0 0.8703125 0.84375 0.0546875 0.0640625
0 0.85 0.8625 0.05625 0.0609375
0 0.825 0.878125 0.05625 0.0609375
0 0.940625 0.884375 0.0609375 0.065625
0 0.921875 0.9046875 0.0546875 0.0640625
0 0.903125 0.925 0.053125 0.0625
0 0.8609375 0.9671875 0.0578125 0.0703125
0 0.778125 0.9296875 0.0640625 0.065625
0 0.5609375 0.8390625 0.0703125 0.0703125
0 0.89375 0.8296875 0.0578125 0.0625
0 0.98125 0.853125 0.0453125 0.05625
0 0.421875 0.5015625 0.059375 0.075
0 0.8765625 0.5703125 0.0578125 0.0609375
0 0.8671875 0.471875 0.05625 0.0625
0 0.846875 0.4875 0.059375 0.0625
0 0.8234375 0.5078125 0.053125 0.0609375
0 0.803125 0.525 0.053125 0.059375
0 0.778125 0.5421875 0.0546875 0.071875
0 0.75625 0.5625 0.0625 0.0640625
0 0.73125 0.578125 0.05625 0.065625
0 0.921875 0.5328125 0.05625 0.0578125
0 0.896875 0.54375 0.059375 0.0609375
0 0.8546875 0.5859375 0.059375 0.06875
0 0.9546875 0.7765625 0.05 0.059375
0 0.8328125 0.60625 0.0578125 0.0703125
0 0.8078125 0.6234375 0.0609375 0.0671875
0 0.7890625 0.6453125 0.0609375 0.071875
0 0.7671875 0.6640625 0.0609375 0.071875
0 0.678125 0.621875 0.0578125 0.0671875
0 0.6609375 0.64375 0.0640625 0.06875
0 0.63125 0.665625 0.0546875 0.075
0 0.99375 0.7390625 0.0609375 0.06875
0 0.9765625 0.7578125 0.0515625 0.05625
0 0.534375 0.8703125 0.059375 0.071875
0 0.5109375 0.8875 0.05625 0.0671875
0 0.421875 0.8359375 0.0625 0.0703125
0 0.403125 0.8625 0.0625 0.0703125
0 0.375 0.8890625 0.0671875 0.078125
0 0.4796875 0.909375 0.0546875 0.0578125
0 0.4609375 0.9296875 0.046875 0.06875
0 0.4296875 0.9515625 0.065625 0.0640625
0 0.4109375 0.9734375 0.0578125 0.0671875
0 0.38125 0.9984375 0.0609375 0.06875
0 0.7296875 0.96875 0.0515625 0.059375
0 0.7125 0.9875 0.0671875 0.0640625
0 0.3953125 0.521875 0.0625 0.075
0 0.478125 0.4625 0.0671875 0.084375
0 0.5 0.4375 0.0625 0.0765625
0 0.9359375 0.4125 0.05625 0.071875
0 0.8328125 0.25625 0.0671875 0.078125
0 0.80625 0.2765625 0.0625 0.0796875
0 0.78125 0.2953125 0.065625 0.075
0 0.75625 0.3171875 0.0625 0.08125
0 0.7296875 0.3390625 0.0625 0.078125
0 0.6984375 0.353125 0.0703125 0.0875
0 0.9828125 0.375 0.053125 0.0625
0 0.959375 0.3953125 0.0515625 0.059375
0 0.9890625 0.4734375 0.059375 0.0671875
0 0.9140625 0.4328125 0.053125 0.0640625
0 0.890625 0.446875 0.05625 0.0625
0 0.9640625 0.49375 0.05625 0.0625
0 0.94375 0.5078125 0.0625 0.065625
0 0.5046875 0.321875 0.06875 0.0796875
0 0.478125 0.34375 0.065625 0.0765625
0 0.390625 0.4 0.0609375 0.0765625
0 0.5578125 0.4 0.0609375 0.0765625
0 0.534375 0.4171875 0.0625 0.0765625
0 0.8609375 0.2375 0.0578125 0.071875
0 0.8875 0.21875 0.0640625 0.0765625
0 0.915625 0.1953125 0.0640625 0.0734375
0 0.9421875 0.1765625 0.065625 0.0796875
0 0.409375 0.1578125 0.0625 0.05
0 0.44375 0.0734375 0.0546875 0.05625
0 0.5078125 0.0171875 0.040625 0.046875
0 0.8734375 0.040625 0.0390625 0.0484375
0 0.8890625 0.0234375 0.0375 0.0484375
0 0.7484375 0.0375 0.05625 0.040625
0 0.7578125 0.0546875 0.0546875 0.040625
0 0.7140625 0.0765625 0.0515625 0.05
0 0.6421875 0.1359375 0.071875 0.0671875
0 0.659375 0.153125 0.06875 0.0703125
0 0.96875 0.153125 0.0515625 0.065625
