0 0.7 0.4921875 0.046875 0.0296875
0 0.8125 0.4703125 0.0203125 0.034375
0 0.8296875 0.4734375 0.01875 0.0390625
0 0.840625 0.4625 0.0140625 0.03125
0 0.853125 0.4578125 0.0203125 0.034375
0 0.8671875 0.4515625 0.01875 0.0359375
0 0.88125 0.45 0.021875 0.034375
0 0.7984375 0.446875 0.034375 0.0203125
0 0.8484375 0.4265625 0.0171875 0.028125
0 0.8640625 0.421875 0.0125 0.0265625
0 0.6875 0.459375 0.046875 0.03125
0 0.6796875 0.44375 0.0375 0.025
0 0.790625 0.43125 0.0390625 0.021875
0 0.7890625 0.4171875 0.034375 0.01875
0 0.8203125 0.4046875 0.0296875 0.01875
0 0.6734375 0.4234375 0.046875 0.0296875
0 0.6671875 0.3875 0.04375 0.0296875
0 0.7859375 0.4015625 0.03125 0.01875
0 0.815625 0.39375 0.028125 0.01875
0 0.78125 0.3890625 0.0296875 0.0171875
0 0.690625 0.475 0.0453125 0.028125
0 0.70625 0.509375 0.04375 0.0296875
0 0.7109375 0.528125 0.059375 0.034375
0 0.76875 0.9984375 0.0203125 0.040625
0 0.7390625 0.990625 0.01875 0.0296875
0 0.7234375 0.9890625 0.0171875 0.034375
0 0.709375 0.9859375 0.0140625 0.0296875
0 0.65 0.9671875 0.0171875 0.0265625
0 0.734375 0.9109375 0.0234375 0.0328125
0 0.7671875 0.91875 0.0171875 0.028125
0 0.70625 0.8984375 0.015625 0.0265625
0 0.78125 0.803125 0.0390625 0.01875
0 0.7671875 0.728125 0.0265625 0.0140625
0 0.765625 0.7125 0.03125 0.015625
0 0.7640625 0.68125 0.0359375 0.015625
0 0.7640625 0.6640625 0.0359375 0.0140625
0 0.6875 0.690625 0.0234375 0.0125
0 0.7640625 0.65 0.0359375 0.015625
0 0.7625 0.6171875 0.0421875 0.015625
0 0.75625 0.6015625 0.0296875 0.015625
0 0.24375 0.3734375 0.0296875 0.0390625
0 0.378125 0.4453125 0.0421875 0.0328125
0 0.4015625 0.4546875 0.0265625 0.0203125
0 0.44375 0.3671875 0.0171875 0.025
0 0.3359375 0.3765625 0.0203125 0.0171875
0 0.3578125 0.365625 0.0265625 0.0203125
0 0.4015625 0.1515625 0.0140625 0.034375
0 0.4921875 0.0421875 0.0375 0.028125
0 0.359375 0.0578125 0.0375 0.028125
0 0.6078125 0.075 0.028125 0.0359375
0 0.6265625 0.06875 0.0296875 0.040625
0 0.640625 0.059375 0.03125 0.0421875
0 0.66875 0.0453125 0.0296875 0.0421875
0 0.459375 0.128125 0.0140625 0.0390625
0 0.5703125 0.11875 0.0359375 0.03125
0 0.4484375 0.2453125 0.0203125 0.0484375
0 0.6234375 0.3109375 0.0328125 0.0203125
0 0.6296875 0.3234375 0.034375 0.0234375
0 0.5859375 0.33125 0.0359375 0.025
0 0.5953125 0.3484375 0.0375 0.028125
0 0.603125 0.3578125 0.0328125 0.0234375
0 0.65 0.35625 0.046875 0.028125
0 0.603125 0.3765625 0.0453125 0.028125
0 0.6515625 0.375 0.0421875 0.028125
0 0.6140625 0.3921875 0.0359375 0.025
0 0.4734375 0.0546875 0.040625 0.0328125
0 0.43125 0.0515625 0.021875 0.0359375
0 0.39375 0.009375 0.0359375 0.028125
0 0.35 0.009375 0.0296875 0.04375
0 0.6171875 0.40625 0.0375 0.025
0 0.6234375 0.421875 0.0375 0.025
0 0.625 0.4375 0.0421875 0.028125
0 0.3328125 0.925 0.0375 0.0296875
0 0.371875 0.975 0.03125 0.034375
0 0.4421875 0.9921875 0.0234375 0.0265625
0 0.434375 0.959375 0.03125 0.034375
0 0.3546875 0.91875 0.0265625 0.0296875
0 0.6453125 0.48125 0.034375 0.0234375
0 0.371875 0.915625 0.0265625 0.0359375
0 0.65 0.4953125 0.0375 0.0265625
0 0.6578125 0.5109375 0.0359375 0.025
0 0.6609375 0.5265625 0.0390625 0.028125
0 0.665625 0.5421875 0.0328125 0.0234375
0 0.603125 0.7625 0.021875 0.015625
0 0.434375 0.79375 0.021875 0.021875
0 0.446875 0.7921875 0.0203125 0.01875
0 0.4484375 0.8046875 0.0234375 0.01875
0 0.4453125 0.8171875 0.0234375 0.01875
0 0.4453125 0.8265625 0.0203125 0.0140625
0 0.4 0.8265625 0.015625 0.028125
0 0.3859375 0.828125 0.01875 0.0296875
0 0.3734375 0.83125 0.0140625 0.0296875
0 0.3625 0.8328125 0.01875 0.03125
0 0.34375 0.8375 0.0203125 0.03125
0 0.303125 0.8421875 0.009375 0.0265625
0 0.3890625 0.8796875 0.0328125 0.03125
0 0.3875 0.8953125 0.025 0.0234375
0 0.3875 0.9140625 0.0265625 0.0296875
0 0.8125 0.384375 0.028125 0.01875
0 0.8078125 0.3625 0.0296875 0.0203125
0 0.8046875 0.3515625 0.034375 0.021875
0 0.7546875 0.7796875 0.009375 0.015625
0 0.7734375 0.8375 0.0375 0.015625
0 0.7359375 0.8359375 0.04375 0.0265625
0 0.709375 0.8078125 0.0875 0.0265625
0 0.684375 0.646875 0.021875 0.009375
0 0.6828125 0.659375 0.025 0.009375
0 0.6828125 0.6703125 0.0203125 0.009375
0 0.68125 0.6796875 0.01875 0.009375
0 0.76875 0.740625 0.0328125 0.0125
0 0.63125 0.4734375 0.021875 0.0171875
0 0.79375 0.321875 0.021875 0.0125
0 0.7890625 0.3015625 0.0203125 0.0140625
0 0.784375 0.2921875 0.0203125 0.015625
0 0.7578125 0.3 0.0234375 0.015625
0 0.8140625 0.2390625 0.0171875 0.0140625
0 0.8328125 0.259375 0.015625 0.015625
0 0.840625 0.271875 0.021875 0.01875
0 0.959375 0.39375 0.0203125 0.0140625
0 0.9546875 0.3796875 0.021875 0.0171875
0 0.9921875 0.8 0.0375 0.0234375
0 0.7140625 0.9078125 0.009375 0.015625
0 0.6875 0.8921875 0.0109375 0.01875
0 0.9671875 0.9390625 0.0203125 0.021875
0 0.9796875 0.921875 0.015625 0.0171875
0 0.9953125 0.9515625 0.015625 0.0171875
0 0.996875 0.9984375 0.0234375 0.0203125
0 0.9421875 0.3625 0.01875 0.0140625
0 0.95 0.371875 0.025 0.015625
0 0.9390625 0.35 0.0234375 0.0171875
0 0.796875 0.3328125 0.0296875 0.021875
0 0.93125 0.3421875 0.021875 0.015625
0 0.79375 0.00625 0.021875 0.0296875
0 0.753125 0.03125 0.0171875 0.0234375
0 0.75625 0.0453125 0.0171875 0.0296875
0 0.8515625 0.0171875 0.03125 0.021875
0 0.9296875 0.33125 0.0203125 0.0171875
0 0.915625 0.3140625 0.0265625 0.01875
0 0.909375 0.30625 0.0265625 0.01875
0 0.903125 0.29375 0.0234375 0.015625
0 0.9 0.284375 0.0234375 0.015625
0 0.89375 0.26875 0.021875 0.015625
0 0.8875 0.25625 0.0265625 0.01875
0 0.88125 0.246875 0.021875 0.0171875
0 0.871875 0.2328125 0.025 0.01875
0 0.871875 0.21875 0.0203125 0.0171875
0 0.9 0.1984375 0.0140625 0.021875
0 0.9078125 0.1953125 0.0109375 0.01875
0 0.91875 0.190625 0.015625 0.021875
0 0.928125 0.1859375 0.015625 0.0203125
0 0.9453125 0.1921875 0.0125 0.01875
0 0.9734375 0.2015625 0.0234375 0.015625
0 0.971875 0.1765625 0.0140625 0.0140625
0 0.984375 0.23125 0.025 0.0203125
0 0.796875 0.471875 0.015625 0.0203125
0 0.9796875 0.2125 0.03125 0.0234375
0 0.96875 0.4171875 0.0234375 0.034375
0 0.984375 0.4078125 0.03125 0.0390625
0 0.9421875 0.4375 0.0203125 0.0265625
0 0.9265625 0.4421875 0.021875 0.028125
0 0.91875 0.409375 0.025 0.0203125
0 0.9125 0.3015625 0.1203125 0.196875
0 0.9125 0.19375 0.0484375 0.0375
0 0.94375 0.209375 0.0234375 0.01875
0 0.95 0.21875 0.021875 0.0171875
0 0.95 0.2375 0.01875 0.021875
0 0.9578125 0.246875 0.021875 0.0265625
0 0.99375 0.2421875 0.03125 0.0234375
0 0.971875 0.271875 0.021875 0.028125
0 0.9734375 0.29375 0.025 0.028125
0 0.9984375 0.328125 0.0234375 0.028125
0 0.94375 0.4078125 0.0296875 0.040625
0 0.775 0.371875 0.0328125 0.0234375
0 0.771875 0.3578125 0.034375 0.021875
0 0.7671875 0.3421875 0.034375 0.0234375
0 0.753125 0.3140625 0.046875 0.025
0 0.7828125 0.28125 0.0328125 0.0234375
0 0.8484375 0.29375 0.0328125 0.0265625
0 0.8546875 0.3046875 0.028125 0.0234375
0 0.875 0.3359375 0.028125 0.0234375
0 0.8796875 0.3484375 0.0328125 0.025
0 0.8875 0.359375 0.0265625 0.021875
0 0.89375 0.36875 0.0234375 0.01875
0 0.896875 0.3796875 0.0328125 0.0265625
0 0.90625 0.3890625 0.0265625 0.0203125
0 0.7359375 0.0125 0.0421875 0.0328125
0 0.6203125 0.5828125 0.0203125 0.01875
0 0.628125 0.590625 0.01875 0.0140625
0 0.6546875 0.63125 0.015625 0.021875
0 0.3921875 0.2796875 0.0171875 0.0109375
0 0.396875 0.2890625 0.015625 0.0109375
0 0.409375 0.3046875 0.0265625 0.01875
0 0.41875 0.3234375 0.0234375 0.0171875
0 0.425 0.3328125 0.0171875 0.0125
0 0.4265625 0.3421875 0.01875 0.0171875
0 0.428125 0.353125 0.0234375 0.01875
0 0.4671875 0.378125 0.0109375 0.015625
0 0.4765625 0.3734375 0.0140625 0.0203125
0 0.4859375 0.371875 0.015625 0.025
0 0.49375 0.36875 0.0140625 0.01875
0 0.5125 0.3609375 0.0109375 0.015625
0 0.521875 0.35625 0.0140625 0.021875
0 0.5328125 0.3546875 0.0140625 0.0203125
0 0.3796875 0.0234375 0.0234375 0.01875
0 0.3546875 0.034375 0.0265625 0.021875
0 0.94375 0.9546875 0.0234375 0.025
0 0.9484375 0.940625 0.0234375 0.0265625
0 0.971875 0.9140625 0.0234375 0.021875
0 0.9296875 0.934375 0.01875 0.021875
0 0.9921875 0.990625 0.0234375 0.0203125
0 0.9875 0.98125 0.021875 0.01875
0 0.98125 0.971875 0.021875 0.0203125
0 0.9671875 0.9625 0.0203125 0.0203125
0 0.5359375 0.7890625 0.028125 0.01875
0 0.31875 0.8421875 0.0125 0.0265625
0 0.140625 0.73125 0.0265625 0.0234375
0 0.290625 0.5046875 0.021875 0.025
0 0.3296875 0.840625 0.0140625 0.025
