0 0.2921875 0.9796875 0.025 0.046875
0 0.315625 0.9828125 0.034375 0.0609375
0 0.3359375 0.99375 0.021875 0.0484375
0 0.35625 0.996875 0.021875 0.046875
0 0.24375 0.9671875 0.0296875 0.0546875
0 0.2671875 0.975 0.0359375 0.05
0 0.2203125 0.9640625 0.0296875 0.05
0 0.225 0.79375 0.028125 0.053125
0 0.5140625 0.86875 0.03125 0.0515625
0 0.2734375 0.80625 0.028125 0.05625
0 0.296875 0.8125 0.034375 0.0609375
0 0.321875 0.8203125 0.0296875 0.065625
0 0.3453125 0.8234375 0.0359375 0.05625
0 0.36875 0.8296875 0.034375 0.0578125
0 0.41875 0.846875 0.028125 0.0609375
0 0.44375 0.8453125 0.0328125 0.0546875
0 0.4671875 0.85625 0.034375 0.0640625
0 0.490625 0.8671875 0.0296875 0.0515625
0 0.540625 0.8796875 0.0375 0.0578125
0 0.1984375 0.9578125 0.03125 0.053125
0 0.5640625 0.8859375 0.0359375 0.0578125
0 0.5890625 0.896875 0.0375 0.059375
0 0.6140625 0.8984375 0.028125 0.0578125
0 0.6375 0.90625 0.0375 0.0578125
0 0.6625 0.9125 0.0265625 0.05625
0 0.684375 0.91875 0.0296875 0.0625
0 0.1375 0.934375 0.0234375 0.0515625
0 0.1546875 0.9453125 0.0234375 0.046875
0 0.175 0.9515625 0.0265625 0.0515625
0 0.2484375 0.7984375 0.034375 0.059375
0 0.1734375 0.7765625 0.0359375 0.05625
0 0.328125 0.4921875 0.0421875 0.0703125
0 0.546875 0.3484375 0.046875 0.078125
0 0.1203125 0.434375 0.0375 0.065625
0 0.146875 0.4375 0.03125 0.071875
0 0.1734375 0.44375 0.0453125 0.0671875
0 0.196875 0.45625 0.028125 0.0578125
0 0.225 0.459375 0.0390625 0.0640625
0 0.25 0.46875 0.0359375 0.0640625
0 0.275 0.4765625 0.0421875 0.065625
0 0.3015625 0.484375 0.0328125 0.0640625
0 0.3796875 0.5046875 0.0390625 0.0640625
0 0.490625 0.3328125 0.0359375 0.071875
0 0.4046875 0.5078125 0.034375 0.0671875
0 0.45625 0.5234375 0.0375 0.06875
0 0.4875 0.53125 0.0375 0.065625
0 0.5078125 0.5390625 0.0390625 0.0703125
0 0.5328125 0.5453125 0.03125 0.06875
0 0.5609375 0.553125 0.034375 0.0671875
0 0.6125 0.5625 0.0375 0.0734375
0 0.6640625 0.5796875 0.03125 0.065625
0 0.6921875 0.5875 0.0421875 0.06875
0 0.5171875 0.340625 0.0421875 0.075
0 0.5734375 0.2578125 0.05 0.084375
0 0.1484375 0.7703125 0.034375 0.05625
0 0.18125 0.2453125 0.046875 0.078125
0 0.575 0.003125 0.0671875 0.0515625
0 0.1765625 0.1546875 0.04375 0.071875
0 0.209375 0.1546875 0.0390625 0.084375
0 0.2375 0.16875 0.05625 0.084375
0 0.1234375 0.23125 0.040625 0.071875
0 0.15 0.2375 0.04375 0.0703125
0 0.215625 0.2515625 0.034375 0.071875
0 0.5390625 0.25625 0.0328125 0.0640625
0 0.2421875 0.2640625 0.0421875 0.075
0 0.275 0.271875 0.0453125 0.0703125
0 0.296875 0.1859375 0.0421875 0.0734375
0 0.3296875 0.190625 0.0359375 0.0734375
0 0.30625 0.2796875 0.0421875 0.075
0 0.3890625 0.2109375 0.0390625 0.0734375
0 0.4203125 0.21875 0.0515625 0.0796875
0 0.478125 0.2359375 0.0515625 0.0828125
0 0.5125 0.246875 0.0453125 0.0828125
0 0.715625 0.59375 0.0296875 0.0703125
0 0.1234375 0.521875 0.03125 0.0609375
0 0.1515625 0.5265625 0.0359375 0.0703125
0 0.4375 0.7734375 0.0359375 0.059375
0 0.21875 0.7125 0.0359375 0.0625
0 0.24375 0.7203125 0.03125 0.0609375
0 0.265625 0.7265625 0.0296875 0.059375
0 0.290625 0.7359375 0.0375 0.05625
0 0.315625 0.7390625 0.0296875 0.059375
0 0.3421875 0.746875 0.040625 0.0625
0 0.365625 0.753125 0.0328125 0.0609375
0 0.390625 0.7640625 0.0359375 0.059375
0 0.4140625 0.7671875 0.0328125 0.0625
0 0.4625 0.7828125 0.028125 0.059375
0 0.1734375 0.5359375 0.0359375 0.071875
0 0.4875 0.790625 0.0328125 0.0609375
0 0.5328125 0.8046875 0.0328125 0.0546875
0 0.5578125 0.8125 0.028125 0.0578125
0 0.584375 0.81875 0.0359375 0.0578125
0 0.6078125 0.828125 0.0265625 0.0578125
0 0.6328125 0.8328125 0.0375 0.06875
0 0.6578125 0.8390625 0.04375 0.0625
0 0.6796875 0.8453125 0.0390625 0.0609375
0 0.1234375 0.7671875 0.028125 0.0515625
0 0.1703125 0.7015625 0.03125 0.059375
0 0.1453125 0.696875 0.0328125 0.059375
0 0.121875 0.6875 0.03125 0.0578125
0 0.71875 0.678125 0.03125 0.065625
0 0.228125 0.5484375 0.040625 0.0765625
0 0.2546875 0.553125 0.0375 0.0703125
0 0.2796875 0.5609375 0.040625 0.06875
0 0.3046875 0.5703125 0.0375 0.0703125
0 0.3296875 0.575 0.0421875 0.0734375
0 0.3609375 0.5828125 0.0328125 0.065625
0 0.384375 0.5921875 0.0390625 0.0671875
0 0.409375 0.596875 0.0375 0.065625
0 0.4359375 0.6078125 0.0375 0.0625
0 0.465625 0.6109375 0.0375 0.0640625
0 0.4875 0.6125 0.040625 0.0625
0 0.5140625 0.6234375 0.0359375 0.0671875
0 0.540625 0.63125 0.040625 0.06875
0 0.565625 0.6359375 0.0390625 0.065625
0 0.5890625 0.6484375 0.04375 0.071875
0 0.6203125 0.653125 0.0359375 0.06875
0 0.646875 0.659375 0.0375 0.0671875
0 0.671875 0.6625 0.0296875 0.0609375
0 0.6953125 0.671875 0.04375 0.0703125
0 0.0890625 0.121875 0.04375 0.0796875
0 0.0578125 0.1203125 0.040625 0.08125
0 0.0890625 0.428125 0.03125 0.06875
0 0.0390625 0.41875 0.0234375 0.059375
0 0.09375 0.221875 0.0296875 0.06875
0 0.065625 0.2140625 0.04375 0.071875
0 0.034375 0.2046875 0.0375 0.0703125
0 0.003125 0.1921875 0.0390625 0.0765625
0 0.0671875 0.4234375 0.0359375 0.0640625
0 0.096875 0.996875 0.0296875 0.0484375
0 0.1015625 0.75625 0.034375 0.05625
0 0.0765625 0.7515625 0.0328125 0.0625
0 0.0515625 0.74375 0.0375 0.0609375
0 0.028125 0.7359375 0.0296875 0.059375
0 0.0046875 0.728125 0.0328125 0.059375
0 0.0796875 0.9921875 0.025 0.046875
0 0.05625 0.9828125 0.034375 0.0515625
0 0.0171875 0.9734375 0.034375 0.05
0 0.0 0.9671875 0.025 0.053125
0 0.1140625 0.93125 0.0203125 0.05
0 0.0953125 0.9296875 0.028125 0.0484375
0 0.05625 0.915625 0.03125 0.0578125
0 0.034375 0.9140625 0.0234375 0.05
0 0.1 0.5125 0.034375 0.065625
0 0.0734375 0.509375 0.0375 0.065625
0 0.046875 0.5 0.0390625 0.065625
0 0.021875 0.49375 0.0390625 0.071875
0 0.096875 0.6796875 0.034375 0.0609375
0 0.071875 0.675 0.0328125 0.0578125
0 0.05 0.6671875 0.0359375 0.059375
0 0.021875 0.659375 0.0296875 0.059375
0 0.0 0.6515625 0.0328125 0.0578125
0 0.7453125 0.6828125 0.034375 0.0578125
0 0.7640625 0.6109375 0.0390625 0.065625
0 0.984375 0.1921875 0.0296875 0.053125
