0 0.003125 0.0328125 0.0375 0.05
0 0.1875 0.478125 0.078125 0.0953125
0 0.1640625 0.503125 0.071875 0.084375
0 0.1390625 0.5265625 0.0640625 0.0734375
0 0.115625 0.5421875 0.0609375 0.071875
0 0.15625 0.9890625 0.0640625 0.0625
0 0.1765625 0.96875 0.059375 0.0671875
0 0.2046875 0.9453125 0.06875 0.071875
0 0.0296875 0.71875 0.065625 0.0796875
0 0.05625 0.6953125 0.071875 0.0796875
0 0.003125 0.628125 0.0578125 0.071875
0 0.025 0.6046875 0.0671875 0.078125
0 0.0828125 0.6828125 0.0625 0.071875
0 0.1109375 0.65625 0.0609375 0.0765625
0 0.1359375 0.6375 0.065625 0.0765625
0 0.1640625 0.615625 0.0625 0.0734375
0 0.2203125 0.5765625 0.0609375 0.071875
0 0.190625 0.5953125 0.0640625 0.078125
0 0.0578125 0.584375 0.0671875 0.075
0 0.3078125 0.8546875 0.06875 0.0703125
0 0.5671875 0.746875 0.053125 0.065625
0 0.5390625 0.76875 0.0625 0.0703125
0 0.5171875 0.79375 0.0609375 0.0671875
0 0.4328125 0.7515625 0.06875 0.075
0 0.409375 0.771875 0.0671875 0.0734375
0 0.4859375 0.8140625 0.05625 0.059375
0 0.4640625 0.83125 0.0609375 0.0671875
0 0.3828125 0.796875 0.06875 0.075
0 0.3328125 0.840625 0.06875 0.08125
0 0.4359375 0.859375 0.0609375 0.0703125
0 0.7671875 0.85 0.05625 0.065625
0 0.7234375 0.8828125 0.0546875 0.0640625
0 0.703125 0.9015625 0.05625 0.0609375
0 0.678125 0.9171875 0.05625 0.0609375
0 0.79375 0.9234375 0.0609375 0.065625
0 0.775 0.94375 0.0546875 0.0640625
0 0.75625 0.9640625 0.053125 0.0625
0 0.63125 0.96875 0.0640625 0.065625
0 0.4140625 0.878125 0.0703125 0.0703125
0 0.746875 0.86875 0.0578125 0.0625
0 0.834375 0.8921875 0.0453125 0.05625
0 0.275 0.540625 0.059375 0.075
0 0.7296875 0.609375 0.0578125 0.0609375
0 0.7203125 0.5109375 0.05625 0.0625
0 0.7 0.5265625 0.059375 0.0625
0 0.6765625 0.546875 0.053125 0.0609375
0 0.65625 0.5640625 0.053125 0.059375
0 0.63125 0.58125 0.0546875 0.071875
0 0.609375 0.6015625 0.0625 0.0640625
0 0.584375 0.6171875 0.05625 0.065625
0 0.775 0.571875 0.05625 0.0578125
0 0.75 0.5828125 0.059375 0.0609375
0 0.7078125 0.625 0.059375 0.06875
0 0.8078125 0.815625 0.05 0.059375
0 0.6859375 0.6453125 0.0578125 0.0703125
0 0.6609375 0.6625 0.0609375 0.0671875
0 0.6421875 0.684375 0.0609375 0.071875
0 0.6203125 0.703125 0.0609375 0.071875
0 0.53125 0.6609375 0.0578125 0.0671875
0 0.5140625 0.6828125 0.0640625 0.06875
0 0.484375 0.7046875 0.0546875 0.075
0 0.846875 0.778125 0.0609375 0.06875
0 0.8296875 0.796875 0.0515625 0.05625
0 0.3875 0.909375 0.059375 0.071875
0 0.3640625 0.9265625 0.05625 0.0671875
0 0.275 0.875 0.0625 0.0703125
0 0.25625 0.9015625 0.0625 0.0703125
0 0.228125 0.928125 0.0671875 0.078125
0 0.3328125 0.9484375 0.0546875 0.0578125
0 0.3140625 0.96875 0.046875 0.06875
0 0.2828125 0.990625 0.065625 0.0640625
0 0.2484375 0.5609375 0.0625 0.075
0 0.33125 0.5015625 0.0671875 0.084375
0 0.928125 0.7125 0.046875 0.059375
0 0.95 0.690625 0.05625 0.0640625
0 0.971875 0.6734375 0.0484375 0.05625
0 0.996875 0.6546875 0.053125 0.059375
0 0.9984375 0.746875 0.053125 0.0578125
0 0.978125 0.76875 0.05625 0.0578125
0 0.909375 0.7265625 0.0515625 0.0640625
0 0.9578125 0.784375 0.046875 0.059375
0 0.353125 0.4765625 0.0625 0.0765625
0 0.9375 0.8015625 0.0578125 0.0671875
0 0.8859375 0.7453125 0.05 0.05625
0 0.8671875 0.7609375 0.0546875 0.059375
0 0.8546875 0.8703125 0.0515625 0.0546875
0 0.878125 0.85625 0.05 0.05625
0 0.8984375 0.8375 0.0546875 0.0578125
0 0.9171875 0.81875 0.0546875 0.065625
0 0.8609375 0.4921875 0.0625 0.0640625
0 0.884375 0.4703125 0.0578125 0.0609375
0 0.9078125 0.453125 0.071875 0.0765625
0 0.7890625 0.4515625 0.05625 0.071875
0 0.6859375 0.2953125 0.0671875 0.078125
0 0.659375 0.315625 0.0625 0.0796875
0 0.634375 0.334375 0.065625 0.075
0 0.609375 0.35625 0.0625 0.08125
0 0.5828125 0.378125 0.0625 0.078125
0 0.5515625 0.3921875 0.0703125 0.0875
0 0.853125 0.39375 0.053125 0.065625
0 0.8359375 0.4140625 0.053125 0.0625
0 0.8125 0.434375 0.0515625 0.059375
0 0.8421875 0.5125 0.059375 0.0671875
0 0.9296875 0.434375 0.0546875 0.065625
0 0.7671875 0.471875 0.053125 0.0640625
0 0.74375 0.4859375 0.05625 0.0625
0 0.8171875 0.5328125 0.05625 0.0625
0 0.796875 0.546875 0.0625 0.065625
0 0.3578125 0.3609375 0.06875 0.0796875
0 0.33125 0.3828125 0.065625 0.0765625
0 0.24375 0.4390625 0.0609375 0.0765625
0 0.4109375 0.4390625 0.0609375 0.0765625
0 0.3875 0.45625 0.0625 0.0765625
0 0.7140625 0.2765625 0.0578125 0.071875
0 0.740625 0.2578125 0.0640625 0.0765625
0 0.76875 0.234375 0.0640625 0.0734375
0 0.7953125 0.215625 0.065625 0.0796875
0 0.953125 0.4203125 0.059375 0.065625
0 0.9828125 0.3890625 0.0609375 0.0671875
0 0.95 0.309375 0.0484375 0.0625
0 0.928125 0.328125 0.05625 0.0578125
0 0.8984375 0.3546875 0.05625 0.0609375
0 0.878125 0.375 0.059375 0.0625
0 0.2625 0.196875 0.0625 0.05
0 0.296875 0.1125 0.0546875 0.05625
0 0.3609375 0.05625 0.040625 0.046875
0 0.459375 0.0375 0.040625 0.0375
0 0.7265625 0.0796875 0.0390625 0.0484375
0 0.7421875 0.0625 0.0375 0.0484375
0 0.6671875 0.0203125 0.0515625 0.046875
0 0.6015625 0.0765625 0.05625 0.040625
0 0.6109375 0.09375 0.0546875 0.040625
0 0.5671875 0.115625 0.0515625 0.05
0 0.4953125 0.175 0.071875 0.0671875
0 0.5125 0.1921875 0.06875 0.0703125
0 0.821875 0.1921875 0.0515625 0.065625
