0 0.16875 0.9671875 0.025 0.01875
0 0.178125 0.9453125 0.0234375 0.0203125
0 0.1578125 0.9859375 0.0234375 0.0203125
0 0.3296875 0.85 0.125 0.2625
0 0.475 0.9984375 0.0234375 0.03125
0 0.478125 0.896875 0.015625 0.028125
0 0.525 0.85 0.0125 0.0296875
0 0.3671875 0.6875 0.0390625 0.0265625
0 0.3328125 0.671875 0.0265625 0.021875
0 0.315625 0.0625 0.046875 0.0296875
0 0.428125 0.040625 0.0203125 0.034375
0 0.4453125 0.04375 0.01875 0.0390625
0 0.45625 0.0328125 0.0140625 0.03125
0 0.46875 0.028125 0.0203125 0.034375
0 0.4828125 0.021875 0.01875 0.0359375
0 0.496875 0.0203125 0.021875 0.034375
0 0.4140625 0.0171875 0.034375 0.0203125
0 0.303125 0.0296875 0.046875 0.03125
0 0.2953125 0.0140625 0.0375 0.025
0 0.40625 0.0015625 0.0390625 0.021875
0 0.30625 0.0453125 0.0453125 0.028125
0 0.321875 0.0796875 0.04375 0.0296875
0 0.2734375 0.6484375 0.025 0.0140625
0 0.3265625 0.0984375 0.059375 0.034375
0 0.38125 0.64375 0.03125 0.0203125
0 0.3859375 0.628125 0.0375 0.01875
0 0.384375 0.56875 0.0203125 0.040625
0 0.3546875 0.5609375 0.01875 0.0296875
0 0.3390625 0.559375 0.0171875 0.034375
0 0.325 0.55625 0.0140625 0.0296875
0 0.265625 0.5375 0.0171875 0.0265625
0 0.35 0.48125 0.0234375 0.0328125
0 0.3828125 0.4890625 0.0171875 0.028125
0 0.321875 0.46875 0.015625 0.0265625
0 0.396875 0.3734375 0.0390625 0.01875
0 0.3828125 0.2984375 0.0265625 0.0140625
0 0.38125 0.2828125 0.03125 0.015625
0 0.3796875 0.2515625 0.0359375 0.015625
0 0.3796875 0.234375 0.0359375 0.0140625
0 0.303125 0.2609375 0.0234375 0.0125
0 0.3796875 0.2203125 0.0359375 0.015625
0 0.378125 0.1875 0.0421875 0.015625
0 0.371875 0.171875 0.0296875 0.015625
0 0.0171875 0.025 0.0265625 0.0203125
0 0.225 0.95 0.0296875 0.015625
0 0.228125 0.9296875 0.0265625 0.0125
0 0.196875 0.9328125 0.0265625 0.01875
0 0.2046875 0.909375 0.025 0.0171875
0 0.23125 0.91875 0.0265625 0.0125
0 0.2328125 0.903125 0.021875 0.015625
0 0.2375 0.8921875 0.025 0.015625
0 0.2421875 0.8796875 0.028125 0.015625
0 0.24375 0.865625 0.021875 0.0109375
0 0.2109375 0.884375 0.021875 0.0140625
0 0.2109375 0.8734375 0.025 0.0140625
0 0.184375 0.7953125 0.0828125 0.2609375
0 0.1640625 0.978125 0.0234375 0.021875
0 0.153125 0.996875 0.0234375 0.01875
0 0.19375 0.984375 0.03125 0.025
0 0.240625 0.0078125 0.0421875 0.028125
0 0.009375 0.571875 0.0171875 0.028125
0 0.0578125 0.5625 0.0234375 0.0265625
0 0.28125 0.6234375 0.0296875 0.0171875
0 0.040625 0.659375 0.025 0.028125
0 0.21875 0.675 0.03125 0.0171875
0 0.2125 0.6890625 0.0234375 0.0140625
0 0.275 0.721875 0.0234375 0.015625
0 0.278125 0.7375 0.028125 0.0171875
0 0.2734375 0.7515625 0.0265625 0.0171875
0 0.0203125 0.70625 0.0328125 0.021875
0 0.0171875 0.7234375 0.0359375 0.0234375
0 0.05 0.5296875 0.03125 0.034375
0 0.2609375 0.0515625 0.034375 0.0234375
0 0.265625 0.065625 0.0375 0.0265625
0 0.2734375 0.08125 0.0359375 0.025
0 0.2765625 0.096875 0.0390625 0.028125
0 0.28125 0.1125 0.0328125 0.0234375
0 0.21875 0.3328125 0.021875 0.015625
0 0.05 0.3640625 0.021875 0.021875
0 0.0625 0.3625 0.0203125 0.01875
0 0.0640625 0.375 0.0234375 0.01875
0 0.0609375 0.3875 0.0234375 0.01875
0 0.0609375 0.396875 0.0203125 0.0140625
0 0.015625 0.396875 0.015625 0.028125
0 0.0015625 0.3984375 0.01875 0.0296875
0 0.0046875 0.45 0.0328125 0.03125
0 0.003125 0.465625 0.025 0.0234375
0 0.003125 0.484375 0.0265625 0.0296875
0 0.615625 0.3890625 0.028125 0.0171875
0 0.3703125 0.35 0.009375 0.015625
0 0.3890625 0.4078125 0.0375 0.015625
0 0.3515625 0.40625 0.04375 0.0265625
0 0.325 0.378125 0.0875 0.0265625
0 0.3 0.2171875 0.021875 0.009375
0 0.2984375 0.2296875 0.025 0.009375
0 0.2984375 0.240625 0.0203125 0.009375
0 0.296875 0.25 0.01875 0.009375
0 0.384375 0.3109375 0.0328125 0.0125
0 0.246875 0.04375 0.021875 0.0171875
0 0.6078125 0.3703125 0.0375 0.0234375
0 0.3296875 0.478125 0.009375 0.015625
0 0.303125 0.4625 0.0109375 0.01875
0 0.5828125 0.509375 0.0203125 0.021875
0 0.5953125 0.4921875 0.015625 0.0171875
0 0.6109375 0.521875 0.015625 0.0171875
0 0.7453125 0.5734375 0.015625 0.0125
0 0.6125 0.56875 0.0234375 0.0203125
0 0.671875 0.55 0.0171875 0.0203125
0 0.375 0.73125 0.025 0.015625
0 0.3484375 0.721875 0.0203125 0.0125
0 0.8546875 0.559375 0.015625 0.0296875
0 0.871875 0.5578125 0.0125 0.0171875
0 0.88125 0.5546875 0.015625 0.01875
0 0.8921875 0.553125 0.0140625 0.01875
0 0.8640625 0.55625 0.0125 0.0234375
0 0.8296875 0.5671875 0.0109375 0.01875
0 0.8140625 0.55625 0.0265625 0.025
0 0.4125 0.0421875 0.015625 0.0203125
0 0.8796875 0.49375 0.0234375 0.015625
0 0.86875 0.503125 0.0234375 0.009375
0 0.76875 0.5296875 0.0203125 0.0171875
0 0.890625 0.075 0.021875 0.025
0 0.6875 0.778125 0.0109375 0.0234375
0 0.6703125 0.6625 0.015625 0.0296875
0 0.3015625 0.890625 0.0265625 0.01875
0 0.3359375 0.88125 0.0296875 0.01875
0 0.340625 0.8625 0.028125 0.015625
0 0.3125 0.853125 0.021875 0.0125
0 0.3140625 0.84375 0.0234375 0.0125
0 0.3453125 0.85 0.0296875 0.0171875
0 0.3484375 0.8359375 0.028125 0.0171875
0 0.3515625 0.8234375 0.0328125 0.015625
0 0.3203125 0.825 0.0203125 0.009375
0 0.3234375 0.81875 0.01875 0.0109375
0 0.35625 0.809375 0.025 0.0171875
0 0.3578125 0.7984375 0.0296875 0.0171875
0 0.3296875 0.8015625 0.021875 0.015625
0 0.3328125 0.7890625 0.021875 0.0140625
0 0.3625 0.7828125 0.028125 0.015625
0 0.3359375 0.771875 0.0171875 0.0125
0 0.3375 0.7640625 0.01875 0.0125
0 0.3390625 0.7546875 0.0234375 0.0125
0 0.3703125 0.75625 0.0328125 0.01875
0 0.2171875 0.8609375 0.0265625 0.01875
0 0.3046875 0.878125 0.0234375 0.0109375
0 0.3359375 0.89375 0.0390625 0.0171875
0 0.33125 0.9125 0.0359375 0.01875
0 0.3109375 0.96875 0.0421875 0.0328125
0 0.2828125 0.9453125 0.021875 0.0140625
0 0.3234375 0.9578125 0.0390625 0.028125
0 0.290625 0.9265625 0.0234375 0.0140625
0 0.33125 0.925 0.0359375 0.0171875
0 0.296875 0.9078125 0.021875 0.0140625
0 0.5578125 0.0078125 0.0203125 0.0265625
0 0.5421875 0.0125 0.021875 0.028125
0 0.253125 0.84375 0.025 0.015625
0 0.228125 0.8125 0.0203125 0.0078125
0 0.2328125 0.8015625 0.021875 0.0140625
0 0.16875 0.871875 0.0171875 0.0109375
0 0.190625 0.771875 0.01875 0.009375
0 0.1875 0.7921875 0.021875 0.0109375
0 0.184375 0.803125 0.021875 0.0125
0 0.18125 0.8109375 0.0203125 0.0109375
0 0.178125 0.8203125 0.0171875 0.0109375
0 0.1765625 0.83125 0.0203125 0.0140625
0 0.1734375 0.8421875 0.0203125 0.0125
0 0.1734375 0.8515625 0.01875 0.0109375
0 0.1703125 0.8609375 0.01875 0.0109375
0 0.165625 0.88125 0.01875 0.0109375
0 0.2328125 0.7890625 0.025 0.0140625
0 0.1625 0.8921875 0.0171875 0.0109375
0 0.159375 0.9015625 0.0203125 0.0109375
0 0.159375 0.9109375 0.015625 0.0078125
0 0.1546875 0.91875 0.0171875 0.009375
0 0.3453125 0.734375 0.0203125 0.0125
0 0.2640625 0.984375 0.021875 0.015625
0 0.1953125 0.7515625 0.01875 0.009375
0 0.2015625 0.728125 0.015625 0.0078125
0 0.240625 0.665625 0.0203125 0.0125
0 0.2078125 0.70625 0.021875 0.0125
0 0.2359375 0.153125 0.0203125 0.01875
0 0.24375 0.1609375 0.01875 0.0140625
0 0.2703125 0.2015625 0.015625 0.021875
0 0.240625 0.765625 0.0203125 0.0125
0 0.2484375 0.728125 0.01875 0.0109375
0 0.6 0.6296875 0.0234375 0.0125
0 0.6265625 0.6203125 0.025 0.0171875
0 0.6546875 0.6171875 0.021875 0.009375
0 0.559375 0.525 0.0234375 0.025
0 0.5640625 0.5109375 0.0234375 0.0265625
0 0.5875 0.484375 0.0234375 0.021875
0 0.5453125 0.5046875 0.01875 0.021875
0 0.6078125 0.5609375 0.0234375 0.0203125
0 0.603125 0.5515625 0.021875 0.01875
0 0.596875 0.5421875 0.021875 0.0203125
0 0.5828125 0.5328125 0.0203125 0.0203125
0 0.646875 0.5375 0.0203125 0.021875
0 0.58125 0.834375 0.0171875 0.0234375
0 0.1515625 0.359375 0.028125 0.01875
