0 0.646875 0.9859375 0.046875 0.078125
0 0.590625 0.9703125 0.0359375 0.071875
0 0.6171875 0.978125 0.0421875 0.075
0 0.6734375 0.8953125 0.05 0.084375
0 0.28125 0.8828125 0.046875 0.078125
0 0.7140625 0.415625 0.046875 0.05
0 0.696875 0.4296875 0.0640625 0.065625
0 0.5984375 0.5625 0.0796875 0.0578125
0 0.675 0.640625 0.0671875 0.0515625
0 0.2765625 0.7921875 0.04375 0.071875
0 0.309375 0.7921875 0.0390625 0.084375
0 0.3375 0.80625 0.05625 0.084375
0 0.2234375 0.86875 0.040625 0.071875
0 0.25 0.875 0.04375 0.0703125
0 0.315625 0.8890625 0.034375 0.071875
0 0.6390625 0.89375 0.0328125 0.0640625
0 0.3421875 0.9015625 0.0421875 0.075
0 0.375 0.909375 0.0453125 0.0703125
0 0.396875 0.8234375 0.0421875 0.0734375
0 0.4296875 0.828125 0.0359375 0.0734375
0 0.40625 0.9171875 0.0421875 0.075
0 0.4890625 0.8484375 0.0390625 0.0734375
0 0.5203125 0.85625 0.0515625 0.0796875
0 0.578125 0.8734375 0.0515625 0.0828125
0 0.6125 0.884375 0.0453125 0.0828125
0 0.6515625 0.3796875 0.059375 0.0546875
0 0.0359375 0.7203125 0.05 0.084375
0 0.1890625 0.759375 0.04375 0.0796875
0 0.1578125 0.7578125 0.040625 0.08125
0 0.0984375 0.7390625 0.046875 0.075
0 0.0671875 0.73125 0.0390625 0.0765625
0 0.0125 0.8125 0.0421875 0.0734375
0 0.04375 0.234375 0.06875 0.0703125
0 0.071875 0.21875 0.05625 0.0609375
0 0.09375 0.2015625 0.059375 0.065625
0 0.1171875 0.1796875 0.065625 0.06875
0 0.0453125 0.815625 0.0453125 0.075
0 0.075 0.828125 0.0296875 0.0734375
0 0.19375 0.859375 0.0296875 0.06875
0 0.165625 0.8515625 0.04375 0.071875
0 0.134375 0.8421875 0.0375 0.0703125
0 0.103125 0.8296875 0.0390625 0.0765625
0 0.1375 0.1640625 0.0609375 0.06875
0 0.159375 0.14375 0.0625 0.065625
0 0.1828125 0.1234375 0.0546875 0.0671875
0 0.040625 0.1375 0.0625 0.0625
0 0.0609375 0.1171875 0.0578125 0.071875
0 0.08125 0.0984375 0.06875 0.0640625
0 0.103125 0.078125 0.0515625 0.0609375
0 0.1296875 0.059375 0.0640625 0.0625
0 0.15 0.0390625 0.059375 0.0671875
0 0.178125 0.015625 0.06875 0.071875
0 0.7359375 0.3984375 0.0484375 0.0578125
0 0.6890625 0.34375 0.059375 0.0578125
0 0.9765625 0.1046875 0.040625 0.0484375
0 0.9640625 0.2015625 0.05 0.0578125
0 0.91875 0.15 0.053125 0.059375
0 0.9359375 0.134375 0.04375 0.0453125
0 0.9546875 0.115625 0.053125 0.05625
0 0.940625 0.215625 0.0390625 0.05
0 0.9265625 0.2328125 0.046875 0.05625
0 0.9078125 0.2515625 0.0515625 0.059375
0 0.85 0.584375 0.053125 0.0265625
0 0.940625 0.553125 0.0734375 0.0734375
0 0.9640625 0.5265625 0.0765625 0.0875
0 0.990625 0.4984375 0.0640625 0.078125
0 0.83125 0.31875 0.0484375 0.0546875
0 0.86875 0.284375 0.0546875 0.0578125
0 0.8453125 0.2171875 0.053125 0.0546875
0 0.8625 0.2015625 0.04375 0.05625
0 0.884375 0.1828125 0.0546875 0.0578125
0 0.753125 0.3828125 0.046875 0.053125
0 0.7484375 0.0140625 0.0546875 0.0640625
0 0.7296875 0.034375 0.053125 0.0625
0 0.6875 0.0765625 0.0578125 0.0703125
0 0.6046875 0.0390625 0.0640625 0.065625
0 0.3890625 0.33125 0.0625 0.065625
0 0.384375 0.23125 0.0578125 0.0578125
0 0.3578125 0.246875 0.0625 0.0625
0 0.3359375 0.265625 0.05 0.05625
0 0.315625 0.2859375 0.0578125 0.0640625
0 0.29375 0.3078125 0.0515625 0.0546875
0 0.2734375 0.3265625 0.05625 0.0578125
0 0.25 0.3453125 0.053125 0.0625
0 0.225 0.3625 0.0640625 0.0734375
0 0.4140625 0.309375 0.053125 0.0546875
0 0.3703125 0.35 0.0546875 0.0640625
0 0.3453125 0.3703125 0.05625 0.0609375
0 0.325 0.3859375 0.0515625 0.059375
0 0.2984375 0.40625 0.0546875 0.0578125
0 0.2734375 0.41875 0.0703125 0.0734375
0 0.7484375 0.2953125 0.04375 0.0578125
0 0.7296875 0.315625 0.0515625 0.053125
0 0.7921875 0.35 0.046875 0.05625
0 0.775 0.3640625 0.046875 0.0546875
0 0.709375 0.33125 0.0453125 0.0515625
0 0.4609375 0.275 0.0671875 0.0703125
0 0.48125 0.2546875 0.0625 0.06875
0 0.503125 0.2328125 0.05625 0.0640625
0 0.4046875 0.2078125 0.0625 0.0625
0 0.30625 0.01875 0.0546875 0.0578125
0 0.2875 0.0390625 0.046875 0.06875
0 0.25625 0.0609375 0.065625 0.0640625
0 0.2375 0.0828125 0.0578125 0.0671875
0 0.2078125 0.1078125 0.0609375 0.06875
0 0.55625 0.078125 0.0515625 0.059375
0 0.5390625 0.096875 0.0671875 0.0640625
0 0.6359375 0.1203125 0.0671875 0.071875
0 0.6125 0.1390625 0.0609375 0.059375
0 0.5140625 0.1171875 0.05625 0.0625
0 0.49375 0.1328125 0.0671875 0.0640625
0 0.8046875 0.25 0.05 0.05
0 0.7875 0.26875 0.0375 0.0453125
0 0.76875 0.2828125 0.0421875 0.0484375
0 0.5734375 0.178125 0.059375 0.06875
0 0.546875 0.196875 0.0640625 0.065625
0 0.525 0.215625 0.05625 0.0546875
0 0.4484375 0.175 0.0671875 0.0703125
