0 0.115625 0.9015625 0.0328125 0.0140625
0 0.2078125 0.9390625 0.021875 0.0109375
0 0.18125 0.940625 0.01875 0.009375
0 0.1796875 0.953125 0.0265625 0.0125
0 0.209375 0.9515625 0.0265625 0.0125
0 0.0859375 0.91875 0.0265625 0.0125
0 0.1171875 0.91875 0.028125 0.0125
0 0.0875 0.9328125 0.0296875 0.0140625
0 0.1203125 0.9328125 0.0328125 0.0140625
0 0.11875 0.9484375 0.0296875 0.0125
0 0.0859375 0.9640625 0.0234375 0.0125
0 0.11875 0.9640625 0.0328125 0.0140625
0 0.1171875 0.9796875 0.0265625 0.0125
0 0.0875 0.9796875 0.0265625 0.0125
0 0.11875 0.99375 0.028125 0.0109375
0 0.0859375 0.996875 0.0234375 0.015625
0 0.1828125 0.996875 0.0203125 0.0140625
0 0.209375 0.9953125 0.028125 0.0109375
0 0.209375 0.98125 0.025 0.0140625
0 0.1828125 0.9828125 0.021875 0.0109375
0 0.1796875 0.9671875 0.0296875 0.0140625
0 0.2078125 0.9671875 0.021875 0.0125
0 0.0859375 0.903125 0.0296875 0.0171875
0 0.115625 0.8859375 0.0328125 0.0109375
0 0.04375 0.0609375 0.028125 0.034375
0 0.084375 0.8875 0.0265625 0.0140625
0 0.015625 0.5578125 0.0203125 0.03125
0 0.00625 0.5296875 0.0171875 0.0265625
0 0.009375 0.7296875 0.040625 0.015625
0 0.009375 0.746875 0.0328125 0.0109375
0 0.009375 0.7625 0.0359375 0.0140625
0 0.0984375 0.73125 0.0453125 0.015625
0 0.0828125 0.75 0.028125 0.0140625
0 0.08125 0.7671875 0.025 0.0125
0 0.0125 0.984375 0.0328125 0.0125
0 0.0828125 0.78125 0.028125 0.0125
0 0.115625 0.778125 0.0296875 0.0125
0 0.0828125 0.796875 0.028125 0.0140625
0 0.115625 0.7953125 0.03125 0.015625
0 0.0828125 0.809375 0.0296875 0.0125
0 0.115625 0.809375 0.03125 0.0109375
0 0.0828125 0.8265625 0.03125 0.0140625
0 0.1171875 0.8265625 0.03125 0.0140625
0 0.0859375 0.8421875 0.025 0.0125
0 0.1171875 0.8421875 0.03125 0.0109375
0 0.0859375 0.85625 0.0234375 0.0109375
0 0.115625 0.85625 0.0328125 0.0109375
0 0.084375 0.8734375 0.03125 0.0140625
0 0.1171875 0.871875 0.0328125 0.0125
0 0.0140625 0.9671875 0.0375 0.0140625
0 0.009375 0.7796875 0.03125 0.0140625
0 0.0109375 0.796875 0.03125 0.0125
0 0.0125 0.8125 0.0328125 0.015625
0 0.009375 0.83125 0.0328125 0.0140625
0 0.0125 0.8484375 0.0359375 0.0125
0 0.0125 0.8640625 0.034375 0.0125
0 0.0140625 0.9 0.0390625 0.0140625
0 0.0140625 0.9171875 0.0390625 0.0140625
0 0.0109375 0.934375 0.034375 0.0140625
0 0.75625 0.765625 0.028125 0.028125
0 0.7515625 0.75 0.028125 0.015625
0 0.3171875 0.7390625 0.01875 0.034375
0 0.175 0.78125 0.025 0.0125
0 0.2015625 0.7640625 0.0234375 0.0125
0 0.1734375 0.7625 0.0203125 0.009375
0 0.171875 0.7515625 0.0265625 0.0125
0 0.2 0.746875 0.028125 0.0140625
0 0.2 0.7328125 0.034375 0.0125
0 0.3328125 0.746875 0.0234375 0.040625
0 0.2 0.778125 0.0234375 0.0125
0 0.203125 0.79375 0.028125 0.0109375
0 0.1734375 0.7953125 0.0265625 0.0125
0 0.1734375 0.8109375 0.0265625 0.0109375
0 0.1796875 0.925 0.0234375 0.0125
0 0.209375 0.925 0.0203125 0.0109375
0 0.20625 0.9078125 0.0265625 0.0109375
0 0.1765625 0.909375 0.0265625 0.0109375
0 0.2078125 0.8953125 0.0265625 0.0109375
0 0.20625 0.88125 0.021875 0.0109375
0 0.178125 0.88125 0.0296875 0.0109375
0 0.178125 0.8671875 0.0234375 0.0109375
0 0.2046875 0.865625 0.025 0.0109375
0 0.20625 0.853125 0.0265625 0.0125
0 0.1765625 0.8515625 0.0265625 0.0109375
0 0.20625 0.8359375 0.028125 0.0140625
0 0.1765625 0.8390625 0.021875 0.0125
0 0.175 0.825 0.025 0.0109375
0 0.203125 0.8109375 0.0203125 0.009375
0 0.4296875 0.8578125 0.0125 0.040625
0 0.4640625 0.85625 0.0171875 0.046875
0 0.48125 0.8578125 0.01875 0.0453125
0 0.4984375 0.8625 0.0125 0.034375
0 0.515625 0.8640625 0.009375 0.0265625
0 0.565625 0.7890625 0.0125 0.01875
0 0.63125 0.803125 0.034375 0.028125
0 0.5421875 0.7828125 0.0140625 0.028125
0 0.5296875 0.78125 0.015625 0.0328125
0 0.515625 0.778125 0.009375 0.0265625
0 0.496875 0.7765625 0.015625 0.03125
0 0.4828125 0.7703125 0.0125 0.028125
0 0.465625 0.7703125 0.0109375 0.028125
0 0.453125 0.76875 0.015625 0.0328125
0 0.4359375 0.765625 0.015625 0.0296875
0 0.421875 0.7609375 0.0125 0.028125
0 0.40625 0.7609375 0.0203125 0.0375
0 0.3921875 0.7578125 0.021875 0.0375
0 0.3765625 0.753125 0.0203125 0.03125
0 0.346875 0.75 0.0234375 0.040625
0 0.446875 0.859375 0.0140625 0.0359375
0 0.4125 0.8609375 0.0125 0.0328125
0 0.39375 0.8578125 0.0140625 0.0359375
0 0.2703125 0.896875 0.0453125 0.2328125
0 0.6328125 0.9609375 0.0390625 0.0296875
0 0.3296875 0.996875 0.0171875 0.0375
0 0.346875 0.9953125 0.015625 0.0390625
0 0.3625 0.99375 0.015625 0.0421875
0 0.3796875 0.9921875 0.0171875 0.0453125
0 0.396875 0.9921875 0.0140625 0.0296875
0 0.4140625 0.9984375 0.015625 0.034375
0 0.446875 0.996875 0.0140625 0.0265625
0 0.4625 0.903125 0.01875 0.0421875
0 0.428125 0.9015625 0.015625 0.0390625
0 0.409375 0.9 0.0140625 0.0359375
0 0.39375 0.8984375 0.0140625 0.0328125
0 0.378125 0.896875 0.0125 0.0359375
0 0.359375 0.8984375 0.015625 0.0375
0 0.3421875 0.8546875 0.0171875 0.0421875
0 0.3609375 0.853125 0.0203125 0.046875
0 0.475 0.8921875 0.00625 0.0125
0 0.28125 0.7921875 0.021875 0.0078125
0 0.475 0.9109375 0.00625 0.0125
0 0.16875 0.734375 0.01875 0.0109375
0 0.2796875 0.7828125 0.0171875 0.0109375
0 0.28125 0.8046875 0.0203125 0.0109375
0 0.2828125 0.8140625 0.01875 0.0078125
0 0.2578125 0.85 0.021875 0.009375
0 0.2578125 0.815625 0.01875 0.0078125
0 0.25625 0.8046875 0.0203125 0.009375
0 0.2546875 0.7953125 0.021875 0.009375
0 0.25625 0.78125 0.021875 0.0109375
0 0.284375 0.990625 0.0203125 0.009375
0 0.284375 0.98125 0.0203125 0.0109375
0 0.284375 0.96875 0.0203125 0.009375
0 0.284375 0.9578125 0.01875 0.0109375
0 0.2828125 0.946875 0.01875 0.0078125
0 0.284375 0.9359375 0.01875 0.0109375
0 0.284375 0.903125 0.021875 0.0078125
0 0.2828125 0.8921875 0.01875 0.0078125
0 0.2828125 0.88125 0.0203125 0.009375
0 0.28125 0.8703125 0.0203125 0.009375
0 0.2828125 0.8484375 0.01875 0.009375
0 0.28125 0.8375 0.021875 0.0078125
0 0.28125 0.825 0.021875 0.0109375
0 0.2578125 0.8375 0.01875 0.0109375
0 0.2578125 0.859375 0.0203125 0.009375
0 0.2578125 0.8703125 0.01875 0.0078125
0 0.4734375 0.975 0.0203125 0.0359375
0 0.584375 0.9921875 0.0203125 0.0109375
0 0.484375 0.8953125 0.0109375 0.0203125
0 0.2609375 0.9921875 0.0203125 0.0109375
0 0.2609375 0.98125 0.0203125 0.0078125
0 0.2609375 0.9703125 0.021875 0.0109375
0 0.259375 0.959375 0.01875 0.0078125
0 0.2609375 0.9484375 0.01875 0.0109375
0 0.259375 0.9375 0.0203125 0.009375
0 0.259375 0.915625 0.0203125 0.0109375
0 0.25625 0.9046875 0.025 0.0109375
0 0.2578125 0.89375 0.0203125 0.0109375
0 0.2578125 0.88125 0.0203125 0.0078125
0 0.7796875 0.7265625 0.0234375 0.015625
0 0.771875 0.7171875 0.0234375 0.025
0 0.075 0.0703125 0.015625 0.0125
0 0.3 0.390625 0.0265625 0.0109375
