1 0.5203125 0.00625 0.0484375 0.071875
1 0.5 0.428125 0.0515625 0.0703125
1 0.534375 0.3421875 0.0515625 0.078125
1 0.5734375 0.3625 0.046875 0.06875
1 0.6015625 0.371875 0.0390625 0.0703125
1 0.5375 0.4421875 0.0546875 0.0828125
1 0.565625 0.453125 0.0421875 0.0671875
1 0.6453125 0.3890625 0.0375 0.0515625
1 0.7015625 0.509375 0.0375 0.0640625
1 0.771875 0.4421875 0.05 0.0734375
1 0.7453125 0.5234375 0.046875 0.06875
1 0.20625 0.528125 0.0421875 0.0625
1 0.1671875 0.615625 0.05 0.0703125
1 0.2015625 0.628125 0.0546875 0.0703125
1 0.321875 0.59375 0.046875 0.06875
1 0.2875 0.66875 0.0328125 0.053125
1 0.471875 0.4125 0.0515625 0.075
1 0.4375 0.3875 0.0484375 0.0734375
1 0.4734375 0.30625 0.0453125 0.0640625
1 0.675 0.159375 0.040625 0.06875
1 0.5828125 0.028125 0.0421875 0.075
1 0.515625 0.0953125 0.05 0.084375
1 0.6078125 0.040625 0.05 0.0625
1 0.55 0.1109375 0.04375 0.0765625
1 0.5765625 0.128125 0.0546875 0.084375
1 0.615625 0.128125 0.0421875 0.06875
1 0.7375 0.0859375 0.05625 0.0828125
1 0.403125 0.3921875 0.0578125 0.0859375
1 0.7671875 0.1015625 0.05 0.08125
1 0.703125 0.1671875 0.04375 0.0703125
1 0.26875 0.2234375 0.05 0.0703125
1 0.2078125 0.2953125 0.0640625 0.0796875
1 0.4015625 0.2875 0.0390625 0.0546875
1 0.3484375 0.353125 0.0390625 0.0453125
1 0.3640625 0.6 0.0390625 0.0578125
1 0.3890625 0.615625 0.059375 0.0890625
1 0.346875 0.7015625 0.0546875 0.0765625
1 0.3625 0.9390625 0.0421875 0.053125
1 0.175 0.9328125 0.04375 0.0625
1 0.2 0.95 0.040625 0.053125
1 0.290625 0.8953125 0.0390625 0.059375
1 0.25 0.975 0.040625 0.05625
1 0.275 0.984375 0.034375 0.05
1 0.340625 0.91875 0.0390625 0.0625
1 0.3015625 0.9984375 0.053125 0.0625
1 0.2375 0.8703125 0.0390625 0.05625
1 0.39375 0.9484375 0.04375 0.053125
1 0.4171875 0.959375 0.0515625 0.0671875
1 0.2609375 0.884375 0.05 0.0640625
1 0.2125 0.8578125 0.034375 0.0484375
1 0.409375 0.7296875 0.05625 0.0796875
1 0.721875 0.7765625 0.04375 0.071875
1 0.471875 0.75 0.0515625 0.06875
1 0.540625 0.6875 0.053125 0.078125
1 0.5671875 0.703125 0.053125 0.0703125
1 0.6 0.7203125 0.0484375 0.075
1 0.625 0.7359375 0.040625 0.0671875
1 0.565625 0.796875 0.04375 0.065625
1 0.7484375 0.7828125 0.0453125 0.06875
1 0.1859375 0.8515625 0.05 0.0625
1 0.7796875 0.8 0.0421875 0.0671875
1 0.765625 0.8984375 0.0328125 0.0546875
1 0.7421875 0.884375 0.0484375 0.0671875
1 0.7109375 0.8625 0.046875 0.0640625
1 0.678125 0.8546875 0.059375 0.0765625
1 0.646875 0.8375 0.05 0.071875
1 0.140625 0.609375 0.0359375 0.0453125
1 0.0328125 0.7640625 0.0421875 0.0578125
1 0.153125 0.8359375 0.0375 0.053125
1 0.1359375 0.81875 0.040625 0.0609375
1 0.1078125 0.809375 0.0375 0.046875
1 0.0859375 0.7921875 0.0421875 0.0609375
1 0.0515625 0.7828125 0.0359375 0.0546875
1 0.0015625 0.7515625 0.046875 0.0640625
1 0.021875 0.5484375 0.0296875 0.0390625
1 0.1453125 0.5046875 0.05 0.0734375
2 0.325 0.959375 0.978125 0.6109375
2 0.465625 0.696875 1.00625 0.6
2 0.5921875 0.415625 1.0265625 0.5734375
2 0.7 0.1171875 1.0171875 0.55625
1 0.0328125 0.425 0.0515625 0.0703125
1 0.1015625 0.25625 0.053125 0.08125
1 0.0171875 0.85 0.040625 0.0578125
1 0.0515625 0.871875 0.0328125 0.04375
1 0.1515625 0.925 0.0375 0.04375
1 0.1171875 0.903125 0.040625 0.0546875
1 0.0984375 0.8921875 0.0390625 0.0515625
1 0.0703125 0.8828125 0.034375 0.046875
1 0.5453125 0.009375 0.034375 0.0484375
1 0.428125 0.065625 0.0359375 0.0484375
1 0.825 0.2203125 0.05 0.0703125
1 0.9859375 0.284375 0.05 0.06875
1 0.921875 0.2578125 0.0515625 0.0765625
1 0.85625 0.246875 0.05 0.071875
1 0.7984375 0.2078125 0.040625 0.059375
1 0.934375 0.5109375 0.0390625 0.05625
1 0.95625 0.175 0.0390625 0.0578125
1 0.8375 0.48125 0.0484375 0.071875
1 0.828125 0.9203125 0.0453125 0.05625
1 0.91875 0.903125 0.065625 0.0984375
1 0.8671875 0.9375 0.0453125 0.0609375
1 0.803125 0.9109375 0.0453125 0.0625
1 0.9 0.859375 0.0578125 0.078125
1 0.86875 0.8453125 0.046875 0.059375
1 0.84375 0.8234375 0.065625 0.08125
1 0.809375 0.8125 0.053125 0.06875
1 0.9 0.5953125 0.05 0.0640625
1 0.9359375 0.61875 0.05 0.06875
1 0.45 0.734375 0.021875 0.028125
1 0.953125 0.8765625 0.0203125 0.028125
1 0.9421875 0.903125 0.025 0.034375
3 0.0859375 0.021875 0.0390625 0.03125
1 0.1515625 0.1140625 0.0359375 0.0515625
1 0.9203125 0.1609375 0.0578125 0.08125
1 0.859375 0.13125 0.04375 0.071875
1 0.828125 0.1296875 0.046875 0.06875
1 0.7921875 0.1109375 0.0484375 0.0734375
1 0.1984375 0.00625 0.0625 0.090625
1 0.3015625 0.01875 0.04375 0.0578125
1 0.365625 0.0328125 0.0515625 0.0859375
