0 0.7421875 0.9125 0.0484375 0.071875
0 0.8046875 0.934375 0.0421875 0.075
0 0.8296875 0.946875 0.05 0.0625
0 0.959375 0.9921875 0.05625 0.0828125
0 0.109375 0.3078125 0.03125 0.0640625
0 0.303125 0.05 0.0859375 0.05625
0 0.365625 0.2359375 0.046875 0.0296875
0 0.378125 0.2140625 0.04375 0.025
0 0.3609375 0.25625 0.0421875 0.025
0 0.1875 0.7140625 0.0671875 0.0359375
0 0.1328125 0.853125 0.06875 0.0390625
0 0.1421875 0.8296875 0.065625 0.034375
0 0.146875 0.8015625 0.0703125 0.0421875
0 0.1359375 0.775 0.0921875 0.053125
0 0.15625 0.7421875 0.0734375 0.0359375
0 0.071875 0.721875 0.075 0.1109375
0 0.253125 0.534375 0.0609375 0.0421875
0 0.2 0.6859375 0.053125 0.0328125
0 0.2078125 0.6625 0.0625 0.0375
0 0.2125 0.6375 0.06875 0.046875
0 0.2265625 0.609375 0.059375 0.0390625
0 0.234375 0.584375 0.0546875 0.0359375
0 0.2484375 0.559375 0.06875 0.0421875
0 0.7671875 0.915625 0.034375 0.0484375
0 0.65 0.971875 0.0359375 0.0484375
0 0.68125 0.8859375 0.0390625 0.059375
0 0.690625 0.3046875 0.0296875 0.0375
0 0.7015625 0.265625 0.0328125 0.046875
0 0.725 0.2828125 0.0578125 0.0890625
0 0.7875 0.3140625 0.040625 0.075
0 0.825 0.3359375 0.0296875 0.0609375
0 0.8515625 0.340625 0.040625 0.0703125
0 0.996875 0.3796875 0.0578125 0.0984375
0 0.9640625 0.3671875 0.0515625 0.1
0 0.9265625 0.3546875 0.059375 0.1015625
0 0.984375 0.4828125 0.0375 0.065625
0 0.9484375 0.4625 0.0375 0.0609375
0 0.8875 0.4390625 0.0453125 0.071875
0 0.825 0.43125 0.05 0.08125
0 0.79375 0.421875 0.05625 0.0828125
0 0.7578125 0.4078125 0.053125 0.0796875
0 0.6578125 0.2765625 0.053125 0.08125
0 0.8734375 0.0734375 0.0453125 0.078125
0 0.9375 0.0921875 0.059375 0.10625
0 0.4703125 0.375 0.084375 0.0328125
0 0.465625 0.40625 0.0828125 0.03125
0 0.45625 0.434375 0.0890625 0.0328125
0 0.9578125 0.7671875 0.0390625 0.0703125
0 0.9 0.65625 0.053125 0.0796875
0 0.9328125 0.665625 0.053125 0.084375
0 0.8703125 0.74375 0.0375 0.059375
0 0.965625 0.675 0.0421875 0.0796875
0 0.9859375 0.6890625 0.040625 0.0671875
0 0.928125 0.771875 0.0453125 0.0671875
0 0.9875 0.7921875 0.046875 0.065625
0 0.8359375 0.734375 0.0484375 0.0734375
0 0.4765625 0.7609375 0.0609375 0.0875
0 0.4203125 0.9125 0.0625 0.090625
0 0.4625 0.9046875 0.0390625 0.0515625
0 0.584375 0.846875 0.0515625 0.0796875
0 0.5234375 0.925 0.04375 0.0578125
0 0.5875 0.9390625 0.0515625 0.0859375
0 0.865625 0.65 0.0515625 0.0765625
0 0.809375 0.721875 0.0421875 0.0703125
0 0.44375 0.4703125 0.0796875 0.034375
0 0.63125 0.55625 0.05 0.090625
0 0.43125 0.5015625 0.0921875 0.0421875
0 0.4078125 0.534375 0.09375 0.0390625
0 0.403125 0.56875 0.0828125 0.0375
0 0.5140625 0.6484375 0.0453125 0.0671875
0 0.3828125 0.6 0.0859375 0.0359375
0 0.5765625 0.4984375 0.065625 0.1
0 0.684375 0.584375 0.04375 0.0765625
0 0.7734375 0.7109375 0.04375 0.06875
0 0.71875 0.5921875 0.040625 0.0640625
0 0.7453125 0.5984375 0.0328125 0.059375
0 0.653125 0.665625 0.040625 0.0515625
0 0.715625 0.690625 0.05625 0.0796875
0 0.80625 0.60625 0.0296875 0.0453125
0 0.8421875 0.628125 0.0515625 0.075
