0 0.1921875 0.246875 0.05 0.0640625
0 0.21875 0.2625 0.04375 0.0546875
0 0.24375 0.2765625 0.0421875 0.0578125
0 0.103125 0.2953125 0.0421875 0.05
0 0.1265625 0.30625 0.0375 0.05
0 0.1515625 0.325 0.05 0.065625
0 0.1765625 0.3359375 0.05 0.06875
0 0.259375 0.3203125 0.034375 0.028125
0 0.2671875 0.290625 0.0359375 0.046875
0 0.2046875 0.35 0.046875 0.065625
0 0.2265625 0.359375 0.0390625 0.0578125
0 0.2546875 0.38125 0.046875 0.0625
0 0.315625 0.3203125 0.040625 0.0515625
0 0.3453125 0.3390625 0.0390625 0.0578125
0 0.3671875 0.3515625 0.0375 0.053125
0 0.1625 0.240625 0.046875 0.059375
0 0.146875 0.225 0.040625 0.0546875
0 0.05 0.2703125 0.04375 0.053125
0 0.5609375 0.171875 0.0421875 0.0609375
0 0.39375 0.175 0.03125 0.0484375
0 0.459375 0.1171875 0.0484375 0.0703125
0 0.4828125 0.1296875 0.040625 0.0546875
0 0.421875 0.1875 0.04375 0.059375
0 0.509375 0.146875 0.0484375 0.06875
0 0.5328125 0.1578125 0.0375 0.0578125
0 0.496875 0.23125 0.0421875 0.0578125
0 0.1140625 0.20625 0.046875 0.05625
0 0.5859375 0.1875 0.04375 0.0625
0 0.528125 0.24375 0.0375 0.05625
0 0.6140625 0.1984375 0.0484375 0.05625
0 0.6390625 0.215625 0.04375 0.065625
0 0.6078125 0.284375 0.0453125 0.0640625
0 0.0609375 0.18125 0.04375 0.0578125
0 0.30625 0.4140625 0.046875 0.0546875
0 0.3765625 0.4515625 0.040625 0.05
0 0.4203125 0.3796875 0.053125 0.0671875
0 0.296875 0.6015625 0.0390625 0.05
0 0.228125 0.5609375 0.0390625 0.0515625
0 0.253125 0.5671875 0.046875 0.059375
0 0.1875 0.6265625 0.04375 0.053125
0 0.20625 0.646875 0.04375 0.05625
0 0.2375 0.659375 0.04375 0.053125
0 0.2578125 0.671875 0.0359375 0.0515625
0 0.33125 0.6203125 0.034375 0.0453125
0 0.134375 0.5984375 0.0359375 0.059375
0 0.2859375 0.690625 0.046875 0.0609375
0 0.35 0.634375 0.040625 0.0515625
0 0.378125 0.6484375 0.0421875 0.053125
0 0.3359375 0.7203125 0.0421875 0.05
0 0.3859375 0.7078125 0.0796875 0.1015625
0 0.1578125 0.6125 0.0484375 0.0609375
0 0.109375 0.5859375 0.0421875 0.0578125
0 0.4484375 0.4 0.0375 0.05
0 0.0484375 0.459375 0.04375 0.0609375
0 0.409375 0.465625 0.0375 0.0609375
0 0.43125 0.4765625 0.0265625 0.0390625
0 0.4671875 0.4078125 0.0421875 0.05625
0 0.4625 0.484375 0.0390625 0.0546875
0 0.5078125 0.471875 0.0734375 0.10625
0 0.0359375 0.434375 0.040625 0.0453125
0 0.075 0.471875 0.0421875 0.0578125
0 0.0875 0.5703125 0.0421875 0.059375
0 0.0984375 0.484375 0.05 0.0640625
0 0.1234375 0.50625 0.0375 0.0484375
0 0.1484375 0.5125 0.0375 0.046875
0 0.178125 0.5328125 0.0375 0.040625
0 0.0359375 0.5453125 0.0375 0.0546875
0 0.0546875 0.5578125 0.0390625 0.05625
0 0.371875 0.159375 0.0421875 0.059375
0 0.434375 0.103125 0.0421875 0.0609375
0 0.40625 0.096875 0.0421875 0.0578125
0 0.225 0.0015625 0.0421875 0.053125
0 0.0625 0.0125 0.040625 0.053125
0 0.1125 0.0375 0.040625 0.05625
0 0.1375 0.046875 0.034375 0.05
0 0.1640625 0.0609375 0.053125 0.0625
0 0.25625 0.0109375 0.04375 0.053125
0 0.2796875 0.021875 0.0515625 0.0671875
0 0.215625 0.0890625 0.0421875 0.053125
0 0.240625 0.1 0.0453125 0.065625
0 0.2703125 0.1140625 0.0375 0.053125
0 0.359375 0.065625 0.04375 0.0515625
0 0.0203125 0.2546875 0.0375 0.053125
0 0.0015625 0.4234375 0.0453125 0.046875
0 0.7296875 0.0 0.0453125 0.0609375
