1 0.0828125 0.828125 0.0484375 0.071875
1 0.2375 0.98125 0.040625 0.06875
1 0.1453125 0.85 0.0421875 0.075
1 0.078125 0.9171875 0.05 0.084375
1 0.1703125 0.8625 0.05 0.0625
1 0.1125 0.9328125 0.04375 0.0765625
1 0.1390625 0.95 0.0546875 0.084375
1 0.178125 0.95 0.0421875 0.06875
1 0.3 0.9078125 0.05625 0.0828125
1 0.3296875 0.9234375 0.05 0.08125
1 0.265625 0.9890625 0.04375 0.0703125
2 0.2625 0.9390625 1.0171875 0.55625
2 0.3671875 0.66875 1.0390625 0.525
2 0.46875 0.38125 1.0375 0.4984375
2 0.5375 0.021875 1.0640625 0.5125
1 0.1078125 0.83125 0.034375 0.0484375
1 0.51875 0.996875 0.0390625 0.0578125
1 0.021875 0.8015625 0.0390625 0.059375
1 0.4828125 0.9828125 0.0578125 0.08125
1 0.421875 0.953125 0.04375 0.071875
1 0.390625 0.9515625 0.046875 0.06875
1 0.3546875 0.9328125 0.0484375 0.0734375
1 0.03125 0.2203125 0.0296875 0.0375
1 0.0421875 0.18125 0.0328125 0.046875
1 0.065625 0.1984375 0.0578125 0.0890625
1 0.128125 0.2296875 0.040625 0.075
1 0.165625 0.2515625 0.0296875 0.0609375
1 0.1921875 0.25625 0.040625 0.0703125
1 0.3375 0.2953125 0.0578125 0.0984375
1 0.3046875 0.2828125 0.0515625 0.1
1 0.2671875 0.2703125 0.059375 0.1015625
1 0.325 0.3984375 0.0375 0.065625
1 0.2890625 0.378125 0.0375 0.0609375
1 0.228125 0.3546875 0.0453125 0.071875
1 0.165625 0.346875 0.05 0.08125
1 0.134375 0.3375 0.05625 0.0828125
1 0.0984375 0.3234375 0.053125 0.0796875
1 0.278125 0.0078125 0.059375 0.10625
1 0.34375 0.0265625 0.0609375 0.109375
1 0.2984375 0.6828125 0.0390625 0.0703125
1 0.240625 0.571875 0.053125 0.0796875
1 0.2734375 0.58125 0.053125 0.084375
1 0.2109375 0.659375 0.0375 0.059375
1 0.30625 0.590625 0.0421875 0.0796875
1 0.3265625 0.6046875 0.040625 0.0671875
1 0.26875 0.6875 0.0453125 0.0671875
1 0.328125 0.7078125 0.046875 0.065625
1 0.1765625 0.65 0.0484375 0.0734375
1 0.20625 0.565625 0.0515625 0.0765625
1 0.15 0.6375 0.0421875 0.0703125
1 0.025 0.5 0.04375 0.0765625
1 0.1140625 0.6265625 0.04375 0.06875
1 0.059375 0.5078125 0.040625 0.0640625
1 0.0859375 0.5140625 0.0328125 0.059375
1 0.05625 0.60625 0.05625 0.0796875
1 0.146875 0.521875 0.0296875 0.0453125
1 0.1828125 0.54375 0.0515625 0.075
1 0.7046875 0.51875 0.053125 0.08125
1 0.4453125 0.6484375 0.0359375 0.06875
1 0.9484375 0.5453125 0.0765625 0.13125
1 0.8921875 0.5859375 0.05 0.0671875
1 0.83125 0.5609375 0.04375 0.075
1 0.7953125 0.553125 0.0515625 0.0796875
1 0.7625 0.5421875 0.0515625 0.0953125
1 0.6625 0.51875 0.040625 0.059375
1 0.509375 0.66875 0.0453125 0.0703125
1 0.60625 0.4875 0.0421875 0.078125
1 0.575 0.4734375 0.0390625 0.075
1 0.5125 0.4640625 0.05 0.0875
1 0.478125 0.44375 0.05 0.0765625
1 0.4453125 0.434375 0.046875 0.071875
1 0.9265625 0.4828125 0.0484375 0.08125
1 0.4796875 0.659375 0.0390625 0.071875
1 0.5390625 0.690625 0.0390625 0.0625
1 0.8578125 0.4625 0.0578125 0.09375
1 0.5953125 0.8078125 0.0453125 0.0796875
1 0.8421875 0.7921875 0.0375 0.0609375
1 0.784375 0.7703125 0.0375 0.059375
1 0.7515625 0.765625 0.0515625 0.0734375
1 0.7125 0.85 0.0390625 0.059375
1 0.6890625 0.834375 0.040625 0.0765625
1 0.6546875 0.8234375 0.05625 0.0828125
1 0.571875 0.7859375 0.0375 0.0609375
1 0.625 0.71875 0.0546875 0.0796875
1 0.534375 0.7859375 0.0546875 0.084375
1 0.4765625 0.7609375 0.0390625 0.065625
1 0.446875 0.7515625 0.0359375 0.05625
1 0.4171875 0.7359375 0.040625 0.071875
1 0.3859375 0.721875 0.0421875 0.0734375
1 0.3546875 0.7171875 0.046875 0.075
1 0.8890625 0.478125 0.0484375 0.0875
1 0.821875 0.4484375 0.046875 0.09375
1 0.459375 0.0578125 0.040625 0.0828125
1 0.8375 0.0609375 0.0515625 0.08125
1 0.665625 0.11875 0.0578125 0.103125
1 0.6328125 0.1046875 0.0515625 0.0953125
1 0.596875 0.0921875 0.0515625 0.084375
1 0.5640625 0.0890625 0.0546875 0.09375
1 0.49375 0.0640625 0.05625 0.0953125
1 0.4265625 0.0421875 0.05 0.090625
1 0.734375 0.1453125 0.0671875 0.11875
1 0.6984375 0.128125 0.0546875 0.1125
1 0.8 0.165625 0.04375 0.0828125
1 0.7890625 0.4453125 0.0421875 0.0875
1 0.5390625 0.359375 0.0484375 0.0828125
1 0.7453125 0.43125 0.04375 0.084375
1 0.7203125 0.415625 0.0671875 0.109375
1 0.671875 0.4078125 0.03125 0.053125
1 0.6484375 0.39375 0.05625 0.09375
1 0.6109375 0.3875 0.04375 0.0890625
1 0.575 0.371875 0.06875 0.1015625
1 0.509375 0.35 0.0609375 0.1046875
1 0.8734375 0.1734375 0.0546875 0.09375
1 0.4734375 0.334375 0.0578125 0.103125
1 0.4140625 0.4234375 0.046875 0.08125
1 0.390625 0.409375 0.0375 0.0609375
1 0.346875 0.4125 0.0578125 0.08125
1 0.4046875 0.321875 0.0546875 0.0859375
1 0.9421875 0.19375 0.05625 0.1015625
