0 0.753125 0.8515625 0.0484375 0.071875
0 0.815625 0.8734375 0.0421875 0.075
0 0.7484375 0.940625 0.05 0.084375
0 0.840625 0.8859375 0.05 0.0625
0 0.7828125 0.95625 0.04375 0.0765625
0 0.809375 0.9734375 0.0546875 0.084375
0 0.8484375 0.9734375 0.0421875 0.06875
0 0.9703125 0.93125 0.05625 0.0828125
0 0.1203125 0.246875 0.03125 0.0640625
0 0.0078125 0.109375 0.06875 0.0421875
0 0.3765625 0.175 0.046875 0.0296875
0 0.3890625 0.153125 0.04375 0.025
0 0.371875 0.1953125 0.0421875 0.025
0 0.1984375 0.653125 0.0671875 0.0359375
0 0.14375 0.7921875 0.06875 0.0390625
0 0.153125 0.76875 0.065625 0.034375
0 0.1578125 0.740625 0.0703125 0.0421875
0 0.146875 0.7140625 0.0921875 0.053125
0 0.1671875 0.68125 0.0734375 0.0359375
0 0.0828125 0.6609375 0.075 0.1109375
0 0.2640625 0.4734375 0.0609375 0.0421875
0 0.2109375 0.625 0.053125 0.0328125
0 0.21875 0.6015625 0.0625 0.0375
0 0.2234375 0.5765625 0.06875 0.046875
0 0.2375 0.5484375 0.059375 0.0390625
0 0.2453125 0.5234375 0.0546875 0.0359375
0 0.259375 0.4984375 0.06875 0.0421875
0 0.778125 0.8546875 0.034375 0.0484375
0 0.6609375 0.9109375 0.0359375 0.0484375
0 0.6921875 0.825 0.0390625 0.059375
0 0.384375 0.959375 0.0359375 0.0515625
0 0.7015625 0.24375 0.0296875 0.0375
0 0.7125 0.2046875 0.0328125 0.046875
0 0.7359375 0.221875 0.0578125 0.0890625
0 0.7984375 0.253125 0.040625 0.075
0 0.8359375 0.275 0.0296875 0.0609375
0 0.8625 0.2796875 0.040625 0.0703125
0 0.975 0.30625 0.0515625 0.1
0 0.9375 0.29375 0.059375 0.1015625
0 0.9953125 0.421875 0.0375 0.065625
0 0.959375 0.4015625 0.0375 0.0609375
0 0.8984375 0.378125 0.0453125 0.071875
0 0.8359375 0.3703125 0.05 0.08125
0 0.8046875 0.3609375 0.05625 0.0828125
0 0.76875 0.346875 0.053125 0.0796875
0 0.66875 0.215625 0.053125 0.08125
0 0.884375 0.0125 0.0453125 0.078125
0 0.9484375 0.03125 0.059375 0.10625
0 0.48125 0.3140625 0.084375 0.0328125
0 0.4765625 0.3453125 0.0828125 0.03125
0 0.4671875 0.3734375 0.0890625 0.0328125
0 0.96875 0.70625 0.0390625 0.0703125
0 0.9109375 0.5953125 0.053125 0.0796875
0 0.94375 0.6046875 0.053125 0.084375
0 0.88125 0.6828125 0.0375 0.059375
0 0.9765625 0.6140625 0.0421875 0.0796875
0 0.996875 0.628125 0.040625 0.0671875
0 0.9390625 0.7109375 0.0453125 0.0671875
0 0.9984375 0.73125 0.046875 0.065625
0 0.846875 0.6734375 0.0484375 0.0734375
0 0.4875 0.7 0.0609375 0.0875
0 0.43125 0.8515625 0.0625 0.090625
0 0.4734375 0.84375 0.0390625 0.0515625
0 0.5953125 0.7859375 0.0515625 0.0796875
0 0.534375 0.8640625 0.04375 0.0578125
0 0.5984375 0.878125 0.0515625 0.0859375
0 0.8765625 0.5890625 0.0515625 0.0765625
0 0.8203125 0.6609375 0.0421875 0.0703125
0 0.4546875 0.409375 0.0796875 0.034375
0 0.6421875 0.4953125 0.05 0.090625
0 0.4421875 0.440625 0.0921875 0.0421875
0 0.41875 0.4734375 0.09375 0.0390625
0 0.4140625 0.5078125 0.0828125 0.0375
0 0.525 0.5875 0.0453125 0.0671875
0 0.39375 0.5390625 0.0859375 0.0359375
0 0.5875 0.4375 0.065625 0.1
0 0.6953125 0.5234375 0.04375 0.0765625
0 0.784375 0.65 0.04375 0.06875
0 0.7296875 0.53125 0.040625 0.0640625
0 0.75625 0.5375 0.0328125 0.059375
0 0.6640625 0.6046875 0.040625 0.0515625
0 0.7265625 0.6296875 0.05625 0.0796875
0 0.8171875 0.5453125 0.0296875 0.0453125
0 0.853125 0.5671875 0.0515625 0.075
