0 0.9828125 0.375 0.0484375 0.071875
0 0.9625 0.796875 0.0515625 0.0703125
0 0.996875 0.7109375 0.0515625 0.078125
0 0.66875 0.896875 0.0421875 0.0625
0 0.6296875 0.984375 0.05 0.0703125
0 0.6640625 0.996875 0.0546875 0.0703125
0 0.784375 0.9625 0.046875 0.06875
0 0.934375 0.78125 0.0515625 0.075
0 0.9 0.75625 0.0484375 0.0734375
0 0.9359375 0.675 0.0453125 0.0640625
0 0.978125 0.4640625 0.05 0.084375
0 0.865625 0.7609375 0.0578125 0.0859375
0 0.73125 0.5921875 0.05 0.0703125
0 0.6703125 0.6640625 0.0640625 0.0796875
0 0.8640625 0.65625 0.0390625 0.0546875
0 0.8109375 0.721875 0.0390625 0.0453125
0 0.8265625 0.96875 0.0390625 0.0578125
0 0.8515625 0.984375 0.059375 0.0890625
0 0.246875 0.9921875 0.059375 0.028125
0 0.0734375 0.99375 0.0515625 0.0578125
0 0.0828125 0.971875 0.05 0.053125
0 0.096875 0.953125 0.04375 0.0546875
0 0.1125 0.9296875 0.0515625 0.0765625
0 0.1265625 0.9078125 0.05625 0.06875
0 0.265625 0.96875 0.065625 0.0296875
0 0.140625 0.8875 0.0546875 0.0640625
0 0.2140625 0.884375 0.0484375 0.0625
0 0.2359375 0.89375 0.05625 0.075
0 0.603125 0.978125 0.0359375 0.0453125
0 0.484375 0.9171875 0.0296875 0.0390625
0 0.4140625 0.9515625 0.05625 0.0796875
0 0.6078125 0.8734375 0.05 0.0734375
0 0.4953125 0.79375 0.0515625 0.0703125
0 0.428125 0.1765625 0.0671875 0.0359375
0 0.5640625 0.625 0.053125 0.08125
0 0.3734375 0.315625 0.06875 0.0390625
0 0.3828125 0.2921875 0.065625 0.034375
0 0.3875 0.2640625 0.0703125 0.0421875
0 0.3765625 0.2375 0.0921875 0.053125
0 0.396875 0.2046875 0.0734375 0.0359375
0 0.3125 0.184375 0.075 0.1109375
0 0.440625 0.1484375 0.053125 0.0328125
0 0.4484375 0.125 0.0625 0.0375
0 0.453125 0.1 0.06875 0.046875
0 0.4671875 0.071875 0.059375 0.0390625
0 0.475 0.046875 0.0546875 0.0359375
0 0.4890625 0.021875 0.06875 0.0421875
0 0.890625 0.434375 0.0359375 0.0484375
0 0.921875 0.3484375 0.0390625 0.059375
0 0.6140625 0.4828125 0.0359375 0.0515625
0 0.7171875 0.2234375 0.0609375 0.0875
0 0.6609375 0.375 0.0625 0.090625
0 0.703125 0.3671875 0.0390625 0.0515625
0 0.825 0.309375 0.0515625 0.0796875
0 0.7640625 0.3875 0.04375 0.0578125
0 0.828125 0.4015625 0.0515625 0.0859375
0 0.871875 0.01875 0.05 0.090625
0 0.64375 0.03125 0.0828125 0.0375
0 0.7546875 0.1109375 0.0453125 0.0671875
0 0.6234375 0.0625 0.0859375 0.0359375
0 0.925 0.046875 0.04375 0.0765625
0 0.959375 0.0546875 0.040625 0.0640625
0 0.9859375 0.0609375 0.0328125 0.059375
0 0.89375 0.128125 0.040625 0.0515625
0 0.95625 0.153125 0.05625 0.0796875
