0 0.175 0.6328125 0.0296875 0.0375
0 0.1859375 0.59375 0.0328125 0.046875
0 0.209375 0.6109375 0.0578125 0.0890625
0 0.271875 0.6421875 0.040625 0.075
0 0.309375 0.6640625 0.0296875 0.0609375
0 0.3359375 0.66875 0.040625 0.0703125
0 0.48125 0.7078125 0.0578125 0.0984375
0 0.4484375 0.6953125 0.0515625 0.1
0 0.4109375 0.6828125 0.059375 0.1015625
0 0.46875 0.8109375 0.0375 0.065625
0 0.4328125 0.790625 0.0375 0.0609375
0 0.371875 0.7671875 0.0453125 0.071875
0 0.309375 0.759375 0.05 0.08125
0 0.278125 0.75 0.05625 0.0828125
0 0.2421875 0.7359375 0.053125 0.0796875
0 0.1421875 0.6046875 0.053125 0.08125
0 0.3578125 0.4015625 0.0453125 0.078125
0 0.421875 0.4203125 0.059375 0.10625
0 0.2484375 0.0671875 0.0625 0.10625
0 0.565625 0.1484375 0.0546875 0.0859375
0 0.5328125 0.1453125 0.0625 0.103125
0 0.853125 0.159375 0.115625 0.0609375
0 0.7125 0.1171875 0.1 0.05625
0 0.35 0.015625 0.0875 0.0515625
0 0.4609375 0.046875 0.1 0.0609375
0 0.4875 0.4390625 0.0609375 0.109375
0 0.36875 0.0828125 0.0375 0.0609375
0 0.4015625 0.1078125 0.05 0.0890625
0 0.471875 0.115625 0.0359375 0.075
0 0.2078125 0.209375 0.059375 0.103125
0 0.353125 0.2921875 0.0484375 0.0875
0 0.3875 0.2921875 0.0484375 0.08125
0 0.384375 0.984375 0.053125 0.0796875
0 0.4171875 0.99375 0.053125 0.084375
0 0.35 0.978125 0.0515625 0.0765625
0 0.115625 0.884375 0.05 0.090625
0 0.0609375 0.8265625 0.065625 0.1
0 0.16875 0.9125 0.04375 0.0765625
0 0.203125 0.9203125 0.040625 0.0640625
0 0.2296875 0.9265625 0.0328125 0.059375
0 0.1375 0.99375 0.040625 0.0515625
0 0.290625 0.934375 0.0296875 0.0453125
0 0.3265625 0.95625 0.0515625 0.075
0 0.6328125 0.165625 0.0546875 0.0859375
0 0.834375 0.2203125 0.0515625 0.08125
0 0.9015625 0.2328125 0.034375 0.0578125
0 0.8484375 0.93125 0.053125 0.08125
0 0.975 0.9734375 0.04375 0.075
0 0.9390625 0.965625 0.0515625 0.0796875
0 0.90625 0.9546875 0.0515625 0.0953125
0 0.80625 0.93125 0.040625 0.059375
0 0.75 0.9 0.0421875 0.078125
0 0.71875 0.8859375 0.0390625 0.075
0 0.65625 0.8765625 0.05 0.0875
0 0.621875 0.85625 0.05 0.0765625
0 0.5890625 0.846875 0.046875 0.071875
0 0.965625 0.8609375 0.046875 0.09375
0 0.9390625 0.2546875 0.04375 0.0703125
0 0.603125 0.4703125 0.040625 0.0828125
0 0.98125 0.4734375 0.0515625 0.08125
0 0.809375 0.53125 0.0578125 0.103125
0 0.7765625 0.5171875 0.0515625 0.0953125
0 0.740625 0.5046875 0.0515625 0.084375
0 0.7078125 0.5015625 0.0546875 0.09375
0 0.6375 0.4765625 0.05625 0.0953125
0 0.5703125 0.4546875 0.05 0.090625
0 0.878125 0.5578125 0.0671875 0.11875
0 0.65 0.375 0.05625 0.0890625
0 0.5796875 0.35625 0.0421875 0.0734375
0 0.5140625 0.334375 0.05 0.0796875
0 0.96875 0.2671875 0.053125 0.09375
0 0.8421875 0.540625 0.0546875 0.1125
0 0.94375 0.578125 0.04375 0.0828125
0 0.9328125 0.8578125 0.0421875 0.0875
0 0.6828125 0.771875 0.0484375 0.0828125
0 0.8890625 0.84375 0.04375 0.084375
0 0.8640625 0.828125 0.0671875 0.109375
0 0.815625 0.8203125 0.03125 0.053125
0 0.7921875 0.80625 0.05625 0.09375
0 0.7546875 0.8 0.04375 0.0890625
0 0.71875 0.784375 0.06875 0.1015625
0 0.653125 0.7625 0.0609375 0.1046875
0 0.6171875 0.746875 0.0578125 0.103125
0 0.5578125 0.8359375 0.046875 0.08125
0 0.534375 0.821875 0.0375 0.0609375
0 0.490625 0.825 0.0578125 0.08125
0 0.5484375 0.734375 0.0546875 0.0859375
