0 0.51875 0.95625 0.05 0.0640625
0 0.5453125 0.971875 0.04375 0.0546875
0 0.5703125 0.9859375 0.0421875 0.0578125
0 0.4890625 0.95 0.046875 0.059375
0 0.4734375 0.934375 0.040625 0.0546875
0 0.3765625 0.9796875 0.04375 0.053125
0 0.8875 0.88125 0.0421875 0.0609375
0 0.7203125 0.884375 0.03125 0.0484375
0 0.7859375 0.8265625 0.0484375 0.0703125
0 0.809375 0.8390625 0.040625 0.0546875
0 0.7484375 0.896875 0.04375 0.059375
0 0.8359375 0.85625 0.0484375 0.06875
0 0.859375 0.8671875 0.0375 0.0578125
0 0.8234375 0.940625 0.0421875 0.0578125
0 0.440625 0.915625 0.046875 0.05625
0 0.9125 0.896875 0.04375 0.0625
0 0.8546875 0.953125 0.0375 0.05625
0 0.940625 0.9078125 0.0484375 0.05625
0 0.965625 0.925 0.04375 0.065625
0 0.934375 0.99375 0.0453125 0.0640625
0 0.3875 0.890625 0.04375 0.0578125
0 0.6984375 0.86875 0.0421875 0.059375
0 0.7609375 0.8125 0.0421875 0.0609375
0 0.7328125 0.80625 0.0421875 0.0578125
0 0.6890625 0.2 0.0515625 0.0703125
0 0.7234375 0.1140625 0.0515625 0.078125
0 0.7625 0.134375 0.046875 0.06875
0 0.790625 0.14375 0.0390625 0.0703125
0 0.7265625 0.2140625 0.0546875 0.0828125
0 0.7546875 0.225 0.0421875 0.0671875
0 0.834375 0.1609375 0.0375 0.0515625
0 0.890625 0.28125 0.0375 0.0640625
0 0.9609375 0.2140625 0.05 0.0734375
0 0.934375 0.2953125 0.046875 0.06875
0 0.3953125 0.3 0.0421875 0.0625
0 0.35625 0.3875 0.05 0.0703125
0 0.390625 0.4 0.0546875 0.0703125
0 0.5109375 0.365625 0.046875 0.06875
0 0.4765625 0.440625 0.0328125 0.053125
0 0.6609375 0.184375 0.0515625 0.075
0 0.6265625 0.159375 0.0484375 0.0734375
0 0.6625 0.078125 0.0453125 0.0640625
0 0.5921875 0.1640625 0.0578125 0.0859375
0 0.396875 0.0671875 0.0640625 0.0796875
0 0.590625 0.059375 0.0390625 0.0546875
0 0.5375 0.125 0.0390625 0.0453125
0 0.553125 0.371875 0.0390625 0.0578125
0 0.578125 0.3875 0.059375 0.0890625
0 0.5359375 0.4734375 0.0546875 0.0765625
0 0.5515625 0.7109375 0.0421875 0.053125
0 0.3640625 0.7046875 0.04375 0.0625
0 0.3890625 0.721875 0.040625 0.053125
0 0.4796875 0.6671875 0.0390625 0.059375
0 0.4390625 0.746875 0.040625 0.05625
0 0.4640625 0.75625 0.034375 0.05
0 0.5296875 0.690625 0.0390625 0.0625
0 0.490625 0.7703125 0.053125 0.0625
0 0.4265625 0.6421875 0.0390625 0.05625
0 0.5828125 0.7203125 0.04375 0.053125
0 0.60625 0.73125 0.0515625 0.0671875
0 0.5421875 0.7984375 0.0421875 0.053125
0 0.5671875 0.809375 0.0453125 0.065625
0 0.596875 0.8234375 0.0375 0.053125
0 0.6859375 0.775 0.04375 0.0515625
0 0.45 0.65625 0.05 0.0640625
0 0.4015625 0.6296875 0.034375 0.0484375
0 0.5984375 0.5015625 0.05625 0.0796875
0 0.9109375 0.5484375 0.04375 0.071875
0 0.6609375 0.521875 0.0515625 0.06875
0 0.7296875 0.459375 0.053125 0.078125
0 0.75625 0.475 0.053125 0.0703125
0 0.7890625 0.4921875 0.0484375 0.075
0 0.8140625 0.5078125 0.040625 0.0671875
0 0.7546875 0.56875 0.04375 0.065625
0 0.9375 0.5546875 0.0453125 0.06875
0 0.375 0.6234375 0.05 0.0625
0 0.96875 0.571875 0.0421875 0.0671875
0 0.9546875 0.6703125 0.0328125 0.0546875
0 0.93125 0.65625 0.0484375 0.0671875
0 0.9 0.634375 0.046875 0.0640625
0 0.8671875 0.6265625 0.059375 0.0765625
0 0.8359375 0.609375 0.05 0.071875
0 0.3296875 0.38125 0.0359375 0.0453125
0 0.221875 0.5359375 0.0421875 0.0578125
0 0.0796875 0.559375 0.0265625 0.0453125
0 0.3421875 0.6078125 0.0375 0.053125
0 0.325 0.590625 0.040625 0.0609375
0 0.296875 0.58125 0.0375 0.046875
0 0.275 0.5640625 0.0421875 0.0609375
0 0.240625 0.5546875 0.0359375 0.0546875
0 0.190625 0.5234375 0.046875 0.0640625
0 0.090625 0.4375 0.03125 0.040625
0 0.121875 0.4875 0.0328125 0.05
0 0.0390625 0.5421875 0.059375 0.0796875
0 0.2109375 0.3203125 0.0296875 0.0390625
0 0.140625 0.3546875 0.05625 0.0796875
0 0.334375 0.2765625 0.05 0.0734375
0 0.221875 0.196875 0.0515625 0.0703125
0 0.290625 0.028125 0.053125 0.08125
0 0.1 0.5734375 0.034375 0.0453125
0 0.184375 0.609375 0.0359375 0.05
0 0.20625 0.621875 0.040625 0.0578125
0 0.078125 0.9953125 0.0484375 0.0609375
0 0.0234375 0.9625 0.05 0.0640625
0 0.0015625 0.9515625 0.0484375 0.0625
0 0.346875 0.9640625 0.0375 0.053125
0 0.2765625 0.921875 0.04375 0.05625
0 0.3015625 0.934375 0.0453125 0.05625
0 0.246875 0.9046875 0.0328125 0.040625
0 0.240625 0.64375 0.0328125 0.04375
0 0.340625 0.696875 0.0375 0.04375
0 0.30625 0.675 0.040625 0.0546875
0 0.2875 0.6640625 0.0390625 0.0515625
0 0.259375 0.6546875 0.034375 0.046875
0 0.0109375 0.6859375 0.053125 0.0703125
0 0.08125 0.73125 0.0453125 0.0484375
0 0.228125 0.8953125 0.0328125 0.05
0 0.2015625 0.871875 0.0453125 0.0515625
0 0.175 0.871875 0.040625 0.0515625
0 0.128125 0.84375 0.0375 0.053125
0 0.2890625 0.8328125 0.0484375 0.059375
0 0.2671875 0.821875 0.03125 0.05
0 0.115625 0.7390625 0.04375 0.0578125
0 0.046875 0.7984375 0.04375 0.0578125
0 0.2125 0.7984375 0.0484375 0.0609375
0 0.1890625 0.78125 0.0421875 0.0609375
0 0.165625 0.771875 0.046875 0.0578125
0 0.1359375 0.7515625 0.04375 0.0546875
0 0.9921875 0.6828125 0.0453125 0.0625
0 0.9984375 0.584375 0.053125 0.06875
0 0.6390625 0.50625 0.021875 0.028125
