0 0.046875 0.175 0.0859375 0.05625
0 0.109375 0.3609375 0.046875 0.0296875
0 0.121875 0.3390625 0.04375 0.025
0 0.1046875 0.38125 0.0421875 0.025
0 0.434375 0.4296875 0.0296875 0.0375
0 0.4453125 0.390625 0.0328125 0.046875
0 0.46875 0.4078125 0.0578125 0.0890625
0 0.53125 0.4390625 0.040625 0.075
0 0.56875 0.4609375 0.0296875 0.0609375
0 0.5953125 0.465625 0.040625 0.0703125
0 0.740625 0.5046875 0.0578125 0.0984375
0 0.7078125 0.4921875 0.0515625 0.1
0 0.6703125 0.4796875 0.059375 0.1015625
0 0.728125 0.6078125 0.0375 0.065625
0 0.6921875 0.5875 0.0375 0.0609375
0 0.63125 0.5640625 0.0453125 0.071875
0 0.56875 0.55625 0.05 0.08125
0 0.5375 0.546875 0.05625 0.0828125
0 0.5015625 0.5328125 0.053125 0.0796875
0 0.4015625 0.4015625 0.053125 0.08125
0 0.6171875 0.1984375 0.0453125 0.078125
0 0.68125 0.2171875 0.059375 0.10625
0 0.746875 0.2359375 0.0609375 0.109375
0 0.4671875 0.00625 0.059375 0.103125
0 0.6125 0.0890625 0.0484375 0.0875
0 0.646875 0.0890625 0.0484375 0.08125
0 0.2140625 0.5 0.084375 0.0328125
0 0.209375 0.53125 0.0828125 0.03125
0 0.2 0.559375 0.0890625 0.0328125
0 0.7015625 0.8921875 0.0390625 0.0703125
0 0.64375 0.78125 0.053125 0.0796875
0 0.6765625 0.790625 0.053125 0.084375
0 0.6140625 0.86875 0.0375 0.059375
0 0.709375 0.8 0.0421875 0.0796875
0 0.7296875 0.8140625 0.040625 0.0671875
0 0.671875 0.896875 0.0453125 0.0671875
0 0.73125 0.9171875 0.046875 0.065625
0 0.5796875 0.859375 0.0484375 0.0734375
0 0.2203125 0.8859375 0.0609375 0.0875
0 0.328125 0.971875 0.0515625 0.0796875
0 0.609375 0.775 0.0515625 0.0765625
0 0.553125 0.846875 0.0421875 0.0703125
0 0.1875 0.5953125 0.0796875 0.034375
0 0.375 0.68125 0.05 0.090625
0 0.175 0.6265625 0.0921875 0.0421875
0 0.1515625 0.659375 0.09375 0.0390625
0 0.146875 0.69375 0.0828125 0.0375
0 0.2578125 0.7734375 0.0453125 0.0671875
0 0.1265625 0.725 0.0859375 0.0359375
0 0.3203125 0.6234375 0.065625 0.1
0 0.428125 0.709375 0.04375 0.0765625
0 0.5171875 0.8359375 0.04375 0.06875
0 0.4625 0.7171875 0.040625 0.0640625
0 0.4890625 0.7234375 0.0328125 0.059375
0 0.396875 0.790625 0.040625 0.0515625
0 0.459375 0.815625 0.05625 0.0796875
0 0.55 0.73125 0.0296875 0.0453125
0 0.5859375 0.753125 0.0515625 0.075
0 0.8484375 0.8578125 0.0359375 0.06875
0 0.9125 0.878125 0.0453125 0.0703125
0 0.978125 0.6828125 0.0390625 0.075
0 0.915625 0.6734375 0.05 0.0875
0 0.88125 0.653125 0.05 0.0765625
0 0.8484375 0.64375 0.046875 0.071875
0 0.8828125 0.86875 0.0390625 0.071875
0 0.9421875 0.9 0.0390625 0.0625
0 0.975 0.9953125 0.0375 0.0609375
0 0.9375 0.9953125 0.0546875 0.084375
0 0.8796875 0.9703125 0.0390625 0.065625
0 0.85 0.9609375 0.0359375 0.05625
0 0.8203125 0.9453125 0.040625 0.071875
0 0.7890625 0.93125 0.0421875 0.0734375
0 0.7578125 0.9265625 0.046875 0.075
0 0.8625 0.2671875 0.040625 0.0828125
0 0.9671875 0.2984375 0.0546875 0.09375
0 0.896875 0.2734375 0.05625 0.0953125
0 0.8296875 0.2515625 0.05 0.090625
0 0.909375 0.171875 0.05625 0.0890625
0 0.8390625 0.153125 0.0421875 0.0734375
0 0.7734375 0.13125 0.05 0.0796875
0 0.9421875 0.56875 0.0484375 0.0828125
0 0.978125 0.58125 0.06875 0.1015625
0 0.9125 0.559375 0.0609375 0.1046875
0 0.8765625 0.54375 0.0578125 0.103125
0 0.8171875 0.6328125 0.046875 0.08125
0 0.79375 0.61875 0.0375 0.0609375
0 0.75 0.621875 0.0578125 0.08125
0 0.8078125 0.53125 0.0546875 0.0859375
