0 0.575 0.4921875 0.0484375 0.071875
0 0.5546875 0.9140625 0.0515625 0.0703125
0 0.5890625 0.828125 0.0515625 0.078125
0 0.628125 0.8484375 0.046875 0.06875
0 0.65625 0.8578125 0.0390625 0.0703125
0 0.5921875 0.928125 0.0546875 0.0828125
0 0.6203125 0.9390625 0.0421875 0.0671875
0 0.7 0.875 0.0375 0.0515625
0 0.75625 0.9953125 0.0375 0.0640625
0 0.8265625 0.928125 0.05 0.0734375
0 0.5265625 0.8984375 0.0515625 0.075
0 0.4921875 0.8734375 0.0484375 0.0734375
0 0.528125 0.7921875 0.0453125 0.0640625
0 0.7296875 0.6453125 0.040625 0.06875
0 0.6375 0.5140625 0.0421875 0.075
0 0.5703125 0.58125 0.05 0.084375
0 0.6625 0.5265625 0.05 0.0625
0 0.6046875 0.596875 0.04375 0.0765625
0 0.63125 0.6140625 0.0546875 0.084375
0 0.6703125 0.6140625 0.0421875 0.06875
0 0.7921875 0.571875 0.05625 0.0828125
0 0.4578125 0.878125 0.0578125 0.0859375
0 0.821875 0.5875 0.05 0.08125
0 0.7578125 0.653125 0.04375 0.0703125
0 0.3234375 0.709375 0.05 0.0703125
0 0.2625 0.78125 0.0640625 0.0796875
0 0.45625 0.7734375 0.0390625 0.0546875
0 0.403125 0.8390625 0.0390625 0.0453125
0 0.2 0.990625 0.05 0.0734375
0 0.0875 0.9109375 0.0515625 0.0703125
0 0.0203125 0.29375 0.0671875 0.0359375
0 0.15625 0.7421875 0.053125 0.08125
0 0.0859375 0.1140625 0.0609375 0.0421875
0 0.0328125 0.265625 0.053125 0.0328125
0 0.040625 0.2421875 0.0625 0.0375
0 0.0453125 0.2171875 0.06875 0.046875
0 0.059375 0.1890625 0.059375 0.0390625
0 0.0671875 0.1640625 0.0546875 0.0359375
0 0.08125 0.1390625 0.06875 0.0421875
0 0.6 0.4953125 0.034375 0.0484375
0 0.4828125 0.5515625 0.0359375 0.0484375
0 0.8796875 0.70625 0.05 0.0703125
0 0.9765625 0.74375 0.0515625 0.0765625
0 0.9109375 0.7328125 0.05 0.071875
0 0.853125 0.69375 0.040625 0.059375
0 0.9890625 0.996875 0.0390625 0.05625
0 0.8921875 0.9671875 0.0484375 0.071875
0 0.5140625 0.465625 0.0390625 0.059375
0 0.20625 0.6 0.0359375 0.0515625
0 0.975 0.646875 0.0578125 0.08125
0 0.9140625 0.6171875 0.04375 0.071875
0 0.8828125 0.615625 0.046875 0.06875
0 0.846875 0.596875 0.0484375 0.0734375
0 0.8171875 0.0625 0.0375 0.065625
0 0.78125 0.0421875 0.0375 0.0609375
0 0.7203125 0.01875 0.0453125 0.071875
0 0.6578125 0.0109375 0.05 0.08125
0 0.6265625 0.0015625 0.05625 0.0828125
0 0.2890625 0.0140625 0.0890625 0.0328125
0 0.790625 0.346875 0.0390625 0.0703125
0 0.7328125 0.2359375 0.053125 0.0796875
0 0.765625 0.2453125 0.053125 0.084375
0 0.703125 0.3234375 0.0375 0.059375
0 0.7984375 0.2546875 0.0421875 0.0796875
0 0.81875 0.26875 0.040625 0.0671875
0 0.7609375 0.3515625 0.0453125 0.0671875
0 0.8203125 0.371875 0.046875 0.065625
0 0.66875 0.3140625 0.0484375 0.0734375
0 0.309375 0.340625 0.0609375 0.0875
0 0.253125 0.4921875 0.0625 0.090625
0 0.2953125 0.484375 0.0390625 0.0515625
0 0.4171875 0.4265625 0.0515625 0.0796875
0 0.35625 0.5046875 0.04375 0.0578125
0 0.4203125 0.51875 0.0515625 0.0859375
0 0.6984375 0.2296875 0.0515625 0.0765625
0 0.6421875 0.3015625 0.0421875 0.0703125
0 0.2765625 0.05 0.0796875 0.034375
0 0.4640625 0.1359375 0.05 0.090625
0 0.2640625 0.08125 0.0921875 0.0421875
0 0.240625 0.1140625 0.09375 0.0390625
0 0.2359375 0.1484375 0.0828125 0.0375
0 0.346875 0.228125 0.0453125 0.0671875
0 0.215625 0.1796875 0.0859375 0.0359375
0 0.409375 0.078125 0.065625 0.1
0 0.5171875 0.1640625 0.04375 0.0765625
0 0.60625 0.290625 0.04375 0.06875
0 0.5515625 0.171875 0.040625 0.0640625
0 0.578125 0.178125 0.0328125 0.059375
0 0.4859375 0.2453125 0.040625 0.0515625
0 0.5484375 0.2703125 0.05625 0.0796875
0 0.6390625 0.1859375 0.0296875 0.0453125
0 0.675 0.2078125 0.0515625 0.075
0 0.9375 0.3125 0.0359375 0.06875
0 0.9703125 0.1078125 0.05 0.0765625
0 0.9375 0.0984375 0.046875 0.071875
0 0.971875 0.3234375 0.0390625 0.071875
0 0.96875 0.425 0.0390625 0.065625
0 0.9390625 0.415625 0.0359375 0.05625
0 0.909375 0.4 0.040625 0.071875
0 0.878125 0.3859375 0.0421875 0.0734375
0 0.846875 0.38125 0.046875 0.075
0 0.90625 0.0875 0.046875 0.08125
0 0.8828125 0.0734375 0.0375 0.0609375
0 0.8390625 0.0765625 0.0578125 0.08125
