0 0.00625 0.921875 0.053125 0.0828125
0 0.3328125 0.44375 0.0234375 0.0484375
0 0.384375 0.53125 0.0234375 0.0453125
0 0.3765625 0.4546875 0.0265625 0.0453125
0 0.3078125 0.44375 0.0328125 0.0625
0 0.234375 0.4390625 0.040625 0.075
0 0.20625 0.434375 0.0421875 0.0828125
0 0.16875 0.43125 0.046875 0.0859375
0 0.134375 0.4359375 0.046875 0.1015625
0 0.1 0.4171875 0.034375 0.0796875
0 0.0671875 0.41875 0.0453125 0.08125
0 0.034375 0.40625 0.03125 0.06875
0 0.003125 0.403125 0.0328125 0.0609375
0 0.3046875 0.7625 0.04375 0.0609375
0 0.340625 0.796875 0.0453125 0.0453125
0 0.2765625 0.8515625 0.059375 0.046875
0 0.2171875 0.8890625 0.065625 0.053125
0 0.053125 0.95625 0.034375 0.0453125
0 0.034375 0.9375 0.0625 0.0859375
0 0.196875 0.003125 0.0375 0.071875
0 0.278125 0.75625 0.0359375 0.0578125
0 0.215625 0.7421875 0.053125 0.0796875
0 0.18125 0.734375 0.0484375 0.06875
0 0.15625 0.725 0.040625 0.0765625
0 0.384375 0.7203125 0.04375 0.0640625
0 0.2859375 0.6859375 0.04375 0.0515625
0 0.2625 0.675 0.034375 0.0609375
0 0.2015625 0.653125 0.0359375 0.05625
0 0.1609375 0.6375 0.028125 0.05
0 0.096875 0.61875 0.0359375 0.05625
0 0.0734375 0.6140625 0.034375 0.0546875
0 0.01875 0.596875 0.0359375 0.0515625
0 0.0 0.6703125 0.05 0.0796875
0 0.0328125 0.6796875 0.0515625 0.0765625
0 0.0640625 0.696875 0.05 0.0765625
0 0.096875 0.703125 0.05 0.0765625
