3 0.1921875 0.1453125 0.040625 0.0296875
1 0.003125 0.5765625 0.0171875 0.0359375
3 0.734375 0.090625 0.0234375 0.028125
3 0.6640625 0.03125 0.03125 0.021875
3 0.9234375 0.5703125 0.028125 0.0359375
3 0.9 0.5421875 0.0234375 0.0359375
3 0.7671875 0.20625 0.0265625 0.0421875
3 0.7828125 0.2796875 0.021875 0.0375
3 0.2515625 0.1296875 0.03125 0.0234375
3 0.096875 0.2953125 0.034375 0.015625
3 0.0609375 0.778125 0.021875 0.0375
3 0.4265625 0.8125 0.0390625 0.0265625
3 0.7984375 0.60625 0.0234375 0.040625
3 0.6890625 0.75 0.03125 0.021875
