0 0.975 0.1609375 0.0421875 0.06875
0 0.9921875 0.096875 0.03125 0.04375
0 0.1578125 0.78125 0.05 0.05625
0 0.2203125 0.9546875 0.0796875 0.090625
0 0.28125 0.9828125 0.05625 0.0640625
0 0.440625 0.98125 0.046875 0.103125
0 0.35625 0.9296875 0.075 0.0875
0 0.2796875 0.878125 0.0546875 0.0609375
0 0.25625 0.8609375 0.06875 0.0703125
0 0.1796875 0.8078125 0.059375 0.0640625
0 0.1265625 0.7734375 0.0578125 0.0828125
0 0.4765625 0.7140625 0.04375 0.0484375
0 0.2671875 0.5625 0.0640625 0.0671875
0 0.365625 0.4671875 0.0890625 0.084375
0 0.3890625 0.40625 0.1 0.0703125
0 0.43125 0.3546875 0.0828125 0.071875
0 0.8796875 0.3515625 0.0359375 0.0640625
0 0.9046875 0.1359375 0.0375 0.05625
0 0.8765625 0.128125 0.0390625 0.059375
0 0.8578125 0.1171875 0.03125 0.0484375
0 0.8328125 0.115625 0.0328125 0.0578125
0 0.71875 0.0828125 0.0296875 0.05625
