0 0.1546875 0.9875 0.0546875 0.05
0 0.146875 0.9609375 0.0625 0.0609375
0 0.13125 0.9375 0.053125 0.05625
0 0.1140625 0.9078125 0.0609375 0.0578125
0 0.1 0.8828125 0.0546875 0.053125
0 0.0203125 0.7734375 0.078125 0.0734375
0 0.0859375 0.5453125 0.0765625 0.075
0 0.0359375 0.7421875 0.065625 0.065625
0 0.0546875 0.7203125 0.065625 0.0640625
0 0.0703125 0.6953125 0.0640625 0.053125
0 0.0046875 0.6453125 0.0828125 0.0671875
0 0.01875 0.61875 0.06875 0.0625
0 0.04375 0.5921875 0.0796875 0.0640625
0 0.06875 0.5734375 0.0671875 0.0640625
0 0.2765625 0.4078125 0.0546875 0.071875
0 0.2890625 0.1171875 0.0796875 0.090625
0 0.35 0.1453125 0.05625 0.0640625
0 0.403125 0.1765625 0.0515625 0.0609375
0 0.4234375 0.1875 0.0515625 0.046875
0 0.446875 0.215625 0.0546875 0.065625
0 0.509375 0.14375 0.046875 0.103125
0 0.425 0.0921875 0.075 0.0875
0 0.3484375 0.040625 0.0546875 0.0609375
0 0.325 0.0234375 0.06875 0.0703125
0 0.2515625 0.3921875 0.0671875 0.078125
0 0.2875 0.603125 0.071875 0.0828125
0 0.265625 0.6296875 0.0359375 0.04375
0 0.3109375 0.6765625 0.028125 0.0453125
0 0.425 0.96875 0.0234375 0.0546875
0 0.3109375 0.946875 0.053125 0.0296875
0 0.334375 0.98125 0.0328125 0.046875
0 0.3890625 0.928125 0.0640625 0.028125
0 0.3921875 0.8171875 0.021875 0.040625
0 0.3015625 0.84375 0.034375 0.05625
0 0.278125 0.8 0.0578125 0.03125
0 0.2046875 0.6625 0.034375 0.059375
0 0.2515625 0.6921875 0.03125 0.05625
