0 0.446875 0.0375 0.0375 0.0515625
0 0.4921875 0.0640625 0.0453125 0.0515625
0 0.54375 0.084375 0.0375 0.05
0 0.5703125 0.0953125 0.034375 0.0421875
0 0.5921875 0.10625 0.0421875 0.0546875
0 0.6171875 0.11875 0.034375 0.053125
0 0.634375 0.040625 0.053125 0.0828125
0 0.6078125 0.028125 0.0640625 0.084375
0 0.55625 0.0140625 0.04375 0.046875
0 0.53125 0.0078125 0.0359375 0.046875
0 0.8453125 0.0078125 0.065625 0.053125
0 0.68125 0.075 0.034375 0.0453125
0 0.6625 0.05625 0.0625 0.0859375
0 0.225 0.8984375 0.0515625 0.021875
0 0.1328125 0.9015625 0.0734375 0.03125
0 0.14375 0.396875 0.0359375 0.05625
0 0.009375 0.1609375 0.08125 0.103125
0 0.1703125 0.1578125 0.0625 0.0859375
0 0.409375 0.275 0.05625 0.0671875
0 0.0875 0.11875 0.059375 0.0828125
0 0.2 0.178125 0.0671875 0.0890625
0 0.2484375 0.434375 0.0734375 0.090625
0 0.2140625 0.4125 0.0640625 0.084375
0 0.1828125 0.40625 0.0671875 0.084375
0 0.05625 0.4390625 0.0609375 0.078125
0 0.0703125 0.9109375 0.0328125 0.0203125
0 0.121875 0.375 0.0578125 0.078125
0 0.0875 0.3578125 0.0640625 0.084375
0 0.0234375 0.4046875 0.0640625 0.090625
0 0.1015625 0.459375 0.0453125 0.0578125
0 0.134375 0.4828125 0.0390625 0.0546875
0 0.1890625 0.5078125 0.05 0.0640625
0 0.2453125 0.54375 0.034375 0.0734375
0 0.2 0.6859375 0.034375 0.0625
0 0.0796875 0.6890625 0.040625 0.0828125
0 0.0890625 0.7734375 0.03125 0.0734375
0 0.2078125 0.7671875 0.0328125 0.0671875
