2 0.715625 0.08125 0.8625 0.4390625
1 0.5921875 0.871875 0.0375 0.0515625
1 0.6375 0.8984375 0.0453125 0.0515625
1 0.6890625 0.91875 0.0375 0.05
1 0.715625 0.9296875 0.034375 0.0421875
1 0.7375 0.940625 0.0421875 0.0546875
1 0.7625 0.953125 0.034375 0.053125
1 0.7796875 0.875 0.053125 0.0828125
1 0.753125 0.8625 0.0640625 0.084375
1 0.7015625 0.8484375 0.04375 0.046875
1 0.6765625 0.8421875 0.0359375 0.046875
1 0.6390625 0.8203125 0.040625 0.04375
1 0.6015625 0.796875 0.0375 0.0453125
1 0.9796875 0.3875 0.0421875 0.0828125
1 0.9421875 0.384375 0.046875 0.0859375
1 0.9078125 0.3890625 0.046875 0.1015625
1 0.8734375 0.3703125 0.034375 0.0796875
1 0.840625 0.371875 0.0453125 0.08125
1 0.8078125 0.359375 0.03125 0.06875
1 0.7765625 0.35625 0.0328125 0.0609375
1 0.7421875 0.3546875 0.0421875 0.08125
1 0.709375 0.3421875 0.034375 0.0640625
1 0.675 0.3390625 0.040625 0.075
1 0.64375 0.334375 0.0453125 0.0796875
1 0.60625 0.3296875 0.03125 0.06875
1 0.578125 0.325 0.03125 0.084375
1 0.990625 0.8421875 0.065625 0.053125
1 0.8265625 0.909375 0.034375 0.0453125
1 0.8078125 0.890625 0.0625 0.0859375
1 0.4890625 0.3265625 0.0484375 0.10625
1 0.9890625 0.6953125 0.053125 0.0796875
1 0.9546875 0.6875 0.0484375 0.06875
1 0.9296875 0.678125 0.040625 0.0765625
1 0.403125 0.30625 0.053125 0.10625
1 0.34375 0.2875 0.0484375 0.096875
1 0.975 0.60625 0.0359375 0.05625
1 0.934375 0.590625 0.028125 0.05
1 0.8703125 0.571875 0.0359375 0.05625
1 0.846875 0.5671875 0.034375 0.0546875
1 0.7921875 0.55 0.0359375 0.0515625
1 0.7125 0.51875 0.0359375 0.046875
1 0.6890625 0.5140625 0.0328125 0.0671875
1 0.6578125 0.503125 0.040625 0.0640625
1 0.584375 0.5609375 0.0546875 0.0828125
1 0.61875 0.571875 0.0484375 0.084375
1 0.6484375 0.5828125 0.0484375 0.078125
1 0.6734375 0.60625 0.0625 0.0921875
1 0.70625 0.615625 0.0640625 0.10625
1 0.740625 0.6171875 0.05625 0.0953125
1 0.7734375 0.6234375 0.05 0.0796875
1 0.80625 0.6328125 0.0515625 0.0765625
1 0.8375 0.65 0.05 0.0765625
1 0.8703125 0.65625 0.05 0.0765625
1 0.5796875 0.7890625 0.040625 0.05
1 0.5609375 0.778125 0.040625 0.053125
1 0.478125 0.740625 0.0375 0.0484375
2 0.75625 0.34375 0.953125 0.2890625
2 0.8625 0.6140625 0.6296875 0.334375
2 0.6359375 0.8515625 0.4484375 0.3421875
2 0.115625 0.7828125 0.4578125 0.5421875
1 0.28125 0.7328125 0.075 0.046875
1 0.1546875 0.9953125 0.08125 0.103125
1 0.0140625 0.9390625 0.0546875 0.0703125
1 0.0453125 0.9578125 0.046875 0.071875
1 0.315625 0.9921875 0.0625 0.0859375
1 0.2328125 0.953125 0.059375 0.0828125
1 0.2953125 0.328125 0.0328125 0.0921875
1 0.38125 0.2296875 0.0484375 0.0234375
