0 0.390625 0.19375 0.0375 0.0515625
0 0.4359375 0.2203125 0.0453125 0.0515625
0 0.4875 0.240625 0.0375 0.05
0 0.5140625 0.2515625 0.034375 0.0421875
0 0.5359375 0.2625 0.0421875 0.0546875
0 0.5609375 0.275 0.034375 0.053125
0 0.578125 0.196875 0.053125 0.0828125
0 0.5515625 0.184375 0.0640625 0.084375
0 0.5 0.1703125 0.04375 0.046875
0 0.475 0.1640625 0.0359375 0.046875
0 0.4375 0.1421875 0.040625 0.04375
0 0.4 0.11875 0.0375 0.0453125
0 0.8765625 0.0375 0.04375 0.0609375
0 0.9125 0.071875 0.0453125 0.0453125
0 0.8484375 0.1265625 0.059375 0.046875
0 0.7890625 0.1640625 0.065625 0.053125
0 0.625 0.23125 0.034375 0.0453125
0 0.60625 0.2125 0.0625 0.0859375
0 0.85 0.03125 0.0359375 0.0578125
0 0.7875 0.0171875 0.053125 0.0796875
0 0.753125 0.009375 0.0484375 0.06875
0 0.728125 0.0 0.040625 0.0765625
0 0.378125 0.1109375 0.040625 0.05
0 0.359375 0.1 0.040625 0.053125
0 0.2765625 0.0625 0.0375 0.0484375
0 0.0796875 0.0546875 0.075 0.046875
0 0.0875 0.553125 0.0359375 0.05625
0 0.1140625 0.3140625 0.0625 0.0859375
0 0.353125 0.43125 0.05625 0.0671875
0 0.03125 0.275 0.059375 0.0828125
0 0.14375 0.334375 0.0671875 0.0890625
0 0.1921875 0.590625 0.0734375 0.090625
0 0.1578125 0.56875 0.0640625 0.084375
0 0.1265625 0.5625 0.0671875 0.084375
0 0.0 0.5953125 0.0609375 0.078125
0 0.065625 0.53125 0.0578125 0.078125
0 0.03125 0.5140625 0.0640625 0.084375
0 0.0453125 0.615625 0.0453125 0.0578125
0 0.078125 0.6390625 0.0390625 0.0546875
0 0.1328125 0.6640625 0.05 0.0640625
0 0.1890625 0.7 0.034375 0.0734375
0 0.14375 0.8421875 0.034375 0.0625
0 0.0234375 0.8453125 0.040625 0.0828125
0 0.0328125 0.9296875 0.03125 0.0734375
0 0.1515625 0.9234375 0.0328125 0.0671875
