0 0.85 0.103125 0.075 0.046875
0 0.8578125 0.6015625 0.0359375 0.05625
0 0.7234375 0.365625 0.08125 0.103125
0 0.5828125 0.309375 0.0546875 0.0703125
0 0.6140625 0.328125 0.046875 0.071875
0 0.884375 0.3625 0.0625 0.0859375
0 0.5203125 0.2796875 0.046875 0.075
0 0.8015625 0.3234375 0.059375 0.0828125
0 0.9140625 0.3828125 0.0671875 0.0890625
0 0.9625 0.6390625 0.0734375 0.090625
0 0.928125 0.6171875 0.0640625 0.084375
0 0.896875 0.6109375 0.0671875 0.084375
0 0.7703125 0.64375 0.0609375 0.078125
0 0.8359375 0.5796875 0.0578125 0.078125
0 0.8015625 0.5625 0.0640625 0.084375
0 0.7375 0.609375 0.0640625 0.090625
0 0.815625 0.6640625 0.0453125 0.0578125
0 0.8484375 0.6875 0.0390625 0.0546875
0 0.903125 0.7125 0.05 0.0640625
0 0.959375 0.7484375 0.034375 0.0734375
0 0.9140625 0.890625 0.034375 0.0625
0 0.79375 0.89375 0.040625 0.0828125
0 0.803125 0.978125 0.03125 0.0734375
0 0.921875 0.971875 0.0328125 0.0671875
