1 0.0171875 0.996875 0.0703125 0.0734375
1 0.0078125 0.8640625 0.09375 0.0765625
2 0.259375 0.8234375 0.4515625 0.4140625
2 0.3953125 0.6078125 0.4453125 0.3828125
2 0.509375 0.3875 0.371875 0.334375
2 0.6078125 0.04375 0.253125 0.2953125
3 0.8484375 0.7578125 0.015625 0.03125
3 0.7640625 0.746875 0.015625 0.0359375
3 0.9859375 0.69375 0.015625 0.0328125
3 0.9703125 0.69375 0.0171875 0.0328125
3 0.953125 0.6921875 0.0171875 0.03125
3 0.9390625 0.690625 0.0171875 0.03125
3 0.81875 0.6765625 0.01875 0.0328125
3 0.9109375 0.6890625 0.01875 0.028125
3 0.89375 0.684375 0.0171875 0.03125
3 0.8640625 0.68125 0.015625 0.0328125
3 0.83125 0.75625 0.0171875 0.0296875
3 0.7 0.8171875 0.034375 0.0203125
3 0.696875 0.8359375 0.0390625 0.015625
3 0.53125 0.9265625 0.01875 0.034375
3 0.5953125 0.93125 0.0203125 0.0375
3 0.5625 0.93125 0.0171875 0.028125
1 0.3109375 0.4875 0.05 0.05625
1 0.3609375 0.9515625 0.0546875 0.071875
1 0.3734375 0.6609375 0.0796875 0.090625
1 0.434375 0.6890625 0.05625 0.0640625
1 0.4875 0.7203125 0.0515625 0.0609375
1 0.5078125 0.73125 0.0515625 0.046875
1 0.53125 0.759375 0.0546875 0.065625
1 0.59375 0.6875 0.046875 0.103125
1 0.509375 0.6359375 0.075 0.0875
1 0.4328125 0.584375 0.0546875 0.0609375
1 0.409375 0.5671875 0.06875 0.0703125
1 0.3328125 0.5140625 0.059375 0.0640625
1 0.2796875 0.4796875 0.0578125 0.0828125
1 0.6296875 0.4203125 0.04375 0.0484375
1 0.4203125 0.26875 0.0640625 0.0671875
1 0.51875 0.1734375 0.0890625 0.084375
1 0.5421875 0.1125 0.1 0.0703125
1 0.584375 0.0609375 0.0828125 0.071875
1 0.3359375 0.9359375 0.0671875 0.078125
