3 0.1125 0.4015625 0.03125 0.0359375
3 0.125 0.1734375 0.0421875 0.0421875
3 0.0890625 0.2125 0.040625 0.0390625
3 0.0875 0.4 0.0390625 0.040625
3 0.05625 0.440625 0.0328125 0.0375
3 0.5078125 0.9171875 0.0296875 0.03125
1 0.234375 0.8984375 0.053125 0.0625
1 0.396875 0.9 0.0453125 0.05
3 0.5296875 0.9125 0.0296875 0.0390625
3 0.65625 0.6609375 0.0328125 0.0375
3 0.696875 0.50625 0.034375 0.0328125
3 0.55625 0.75 0.0421875 0.053125
3 0.5671875 0.534375 0.0359375 0.0375
3 0.540625 0.5484375 0.034375 0.03125
3 0.4265625 0.85 0.0390625 0.046875
1 0.8 0.140625 0.0390625 0.0515625
1 0.1671875 0.7546875 0.0359375 0.0375
1 0.1625 0.5203125 0.015625 0.034375
1 0.3921875 0.8265625 0.0265625 0.034375
3 0.159375 0.26875 0.0359375 0.040625
3 0.1796875 0.253125 0.0421875 0.040625
3 0.190625 0.2328125 0.0421875 0.0453125
3 0.209375 0.21875 0.04375 0.0453125
3 0.153125 0.071875 0.0421875 0.04375
3 0.7796875 0.1171875 0.0421875 0.040625
