2 0.5125 0.909375 0.134375 0.1421875
2 0.434375 0.86875 0.196875 0.2125
2 0.375 0.7859375 0.184375 0.20625
2 0.29375 0.746875 0.1921875 0.215625
2 0.2578125 0.6515625 0.11875 0.1328125
2 0.1515625 0.61875 0.1640625 0.196875
2 0.071875 0.5546875 0.1828125 0.1984375
3 0.975 0.021875 0.03125 0.03125
3 0.9421875 0.296875 0.04375 0.0375
3 0.740625 0.24375 0.0421875 0.0375
1 0.2375 0.8375 0.05 0.0515625
1 0.0171875 0.61875 0.0625 0.0640625
1 0.0609375 0.61875 0.0609375 0.0734375
1 0.121875 0.6953125 0.0390625 0.0453125
1 0.0828125 0.3859375 0.0328125 0.0359375
