4 0.040625 0.7546875 0.0453125 0.0671875
4 0.06875 0.978125 0.0609375 0.0609375
4 0.1359375 0.8734375 0.0203125 0.071875
4 0.1578125 0.884375 0.0203125 0.05625
4 0.078125 0.75 0.0234375 0.06875
4 0.9078125 0.8453125 0.0640625 0.05625
4 0.1140625 0.08125 0.0265625 0.0953125
4 0.525 0.8578125 0.075 0.01875
4 0.6015625 0.8515625 0.0765625 0.021875
4 0.48125 0.8796875 0.071875 0.0171875
4 0.553125 0.875 0.0578125 0.01875
4 0.4765625 0.9015625 0.0671875 0.01875
4 0.5890625 0.8921875 0.0484375 0.0171875
4 0.7265625 0.853125 0.0609375 0.05
4 0.7640625 0.8515625 0.0671875 0.053125
4 0.8015625 0.8484375 0.0671875 0.0546875
4 0.8359375 0.8484375 0.0640625 0.0546875
4 0.9671875 0.85 0.0515625 0.06875
4 0.7203125 0.9796875 0.0546875 0.0671875
4 0.7453125 0.978125 0.0484375 0.059375
4 0.771875 0.975 0.053125 0.0625
4 0.7984375 0.978125 0.0546875 0.0640625
4 0.8234375 0.9734375 0.05 0.065625
4 0.90625 0.9734375 0.053125 0.0671875
4 0.7015625 0.984375 0.053125 0.0703125
4 0.6765625 0.9875 0.0515625 0.0671875
4 0.6484375 0.9859375 0.053125 0.06875
4 0.425 0.9984375 0.0515625 0.06875
4 0.45 0.9984375 0.053125 0.0671875
4 0.471875 0.99375 0.0578125 0.06875
4 0.4984375 0.9921875 0.053125 0.0671875
4 0.5203125 0.990625 0.0515625 0.0640625
4 0.546875 0.9875 0.053125 0.06875
4 0.571875 0.9875 0.053125 0.0640625
4 0.5953125 0.9859375 0.0578125 0.0671875
4 0.625 0.9890625 0.053125 0.0671875
3 0.259375 0.103125 0.01875 0.034375
3 0.240625 0.38125 0.03125 0.03125
3 0.1484375 0.49375 0.0390625 0.0328125
3 0.0125 0.565625 0.0375 0.0359375
3 0.2515625 0.140625 0.021875 0.0328125
3 0.1078125 0.2921875 0.0265625 0.021875
3 0.003125 0.8828125 0.040625 0.0328125
3 0.921875 0.071875 0.025 0.0390625
3 0.90625 0.0578125 0.0203125 0.034375
4 0.1359375 0.7734375 0.0421875 0.0234375
3 0.00625 0.746875 0.03125 0.0453125
3 0.178125 0.2296875 0.0203125 0.05
3 0.2125 0.0375 0.0359375 0.01875
3 0.196875 0.015625 0.0375 0.0203125
3 0.234375 0.01875 0.0359375 0.015625
3 0.2046875 0.875 0.0234375 0.046875
3 0.3578125 0.903125 0.04375 0.0203125
3 0.39375 0.9984375 0.01875 0.0453125
