3 0.421875 0.8140625 0.04375 0.0171875
4 0.16875 0.8578125 0.021875 0.0609375
4 0.078125 0.971875 0.0671875 0.021875
4 0.1390625 0.934375 0.021875 0.059375
4 0.1671875 0.925 0.015625 0.059375
4 0.1984375 0.9375 0.04375 0.0703125
4 0.23125 0.95 0.053125 0.053125
4 0.2703125 0.94375 0.0578125 0.0453125
4 0.2796875 0.921875 0.0515625 0.0390625
4 0.503125 0.9640625 0.0671875 0.015625
4 0.5015625 0.98125 0.071875 0.0171875
4 0.5 0.9140625 0.0734375 0.015625
4 0.4703125 0.8921875 0.071875 0.01875
4 0.2703125 0.8671875 0.01875 0.059375
4 0.1890625 0.8703125 0.01875 0.0578125
4 0.14375 0.8671875 0.0203125 0.0671875
4 0.475 0.4125 0.0453125 0.065625
4 0.0703125 0.9484375 0.0609375 0.01875
4 0.0640625 0.928125 0.0578125 0.0203125
4 0.0625 0.90625 0.0609375 0.01875
4 0.425 0.8390625 0.059375 0.01875
4 0.4125 0.7828125 0.0578125 0.0171875
4 0.415625 0.7625 0.0640625 0.01875
4 0.4078125 0.7421875 0.071875 0.01875
4 0.4078125 0.721875 0.05625 0.0171875
4 0.415625 0.703125 0.059375 0.0171875
4 0.41875 0.6828125 0.059375 0.0171875
4 0.4203125 0.6640625 0.0578125 0.015625
4 0.4328125 0.646875 0.0578125 0.0171875
4 0.4453125 0.6265625 0.0609375 0.015625
4 0.084375 0.990625 0.0546875 0.0234375
4 0.4453125 0.6046875 0.071875 0.01875
4 0.4890625 0.3953125 0.046875 0.0703125
4 0.56875 0.16875 0.0453125 0.0703125
4 0.00625 0.1484375 0.075 0.021875
4 0.4234375 0.1609375 0.04375 0.0640625
4 0.4328125 0.1375 0.0484375 0.06875
4 0.4546875 0.13125 0.0453125 0.0671875
4 0.49375 0.1609375 0.0421875 0.0671875
4 0.53125 0.1875 0.0421875 0.0671875
4 0.5421875 0.1578125 0.04375 0.0703125
4 0.603125 0.1875 0.0375 0.053125
4 0.5328125 0.3890625 0.0453125 0.0703125
4 0.5 0.125 0.0421875 0.0671875
4 0.4625 0.096875 0.0453125 0.0671875
4 0.5765625 0.1328125 0.0375 0.059375
4 0.5375 0.1 0.04375 0.06875
4 0.50625 0.0890625 0.046875 0.06875
4 0.5765625 0.0859375 0.0453125 0.0734375
4 0.5453125 0.0703125 0.04375 0.071875
4 0.4703125 0.0609375 0.040625 0.0625
4 0.425 0.0640625 0.0421875 0.065625
4 0.5890625 0.0640625 0.0375 0.059375
4 0.2515625 0.115625 0.06875 0.0453125
4 0.203125 0.115625 0.059375 0.0359375
4 0.234375 0.065625 0.0703125 0.0453125
4 0.0421875 0.1921875 0.0734375 0.0203125
4 0.08125 0.1734375 0.0734375 0.01875
4 0.0546875 0.2140625 0.06875 0.01875
4 0.1234375 0.21875 0.0671875 0.0203125
4 0.54375 0.3609375 0.046875 0.0703125
4 0.5640625 0.35 0.046875 0.071875
4 0.590625 0.3578125 0.0453125 0.0703125
4 0.5953125 0.3203125 0.0453125 0.0703125
4 0.603125 0.2921875 0.04375 0.06875
4 0.5578125 0.2921875 0.040625 0.0671875
4 0.4890625 0.3453125 0.0453125 0.0703125
4 0.459375 0.334375 0.0421875 0.0578125
4 0.4421875 0.3515625 0.0453125 0.065625
4 0.4046875 0.3375 0.0453125 0.0703125
4 0.5015625 0.321875 0.040625 0.0578125
4 0.5078125 0.2875 0.046875 0.071875
4 0.5296875 0.28125 0.04375 0.0703125
4 0.409375 0.28125 0.04375 0.0734375
4 0.425 0.2671875 0.0453125 0.071875
4 0.4453125 0.259375 0.046875 0.0703125
4 0.4640625 0.25 0.0453125 0.0671875
4 0.5625 0.253125 0.0421875 0.06875
4 0.4734375 0.2171875 0.046875 0.06875
4 0.49375 0.209375 0.04375 0.0640625
4 0.5265625 0.225 0.0453125 0.06875
4 0.571875 0.225 0.0421875 0.0671875
4 0.284375 0.2328125 0.0734375 0.0203125
4 0.278125 0.2109375 0.0765625 0.021875
4 0.1984375 0.20625 0.0671875 0.0203125
4 0.1953125 0.225 0.06875 0.0203125
4 0.115625 0.196875 0.071875 0.0171875
4 0.5046875 0.0328125 0.0453125 0.06875
4 0.475 0.0203125 0.0453125 0.0703125
4 0.440625 0.0 0.0421875 0.0671875
4 0.4296875 0.0265625 0.0453125 0.0703125
4 0.5453125 0.021875 0.0390625 0.059375
4 0.5125 0.0015625 0.04375 0.0703125
4 0.559375 0.0 0.04375 0.0703125
4 0.603125 0.2375 0.0453125 0.0703125
4 0.621875 0.13125 0.0421875 0.0640625
4 0.6109375 0.15625 0.046875 0.0703125
4 0.63125 0.1 0.0453125 0.0703125
4 0.6390625 0.06875 0.0453125 0.0703125
4 0.596875 0.0296875 0.0453125 0.0703125
4 0.653125 0.0453125 0.0390625 0.065625
4 0.6078125 0.0 0.04375 0.0703125
4 0.0140625 0.0078125 0.01875 0.0671875
4 0.6625 0.4578125 0.028125 0.0703125
4 0.6828125 0.453125 0.0265625 0.06875
4 0.7296875 0.421875 0.053125 0.06875
4 0.73125 0.384375 0.0484375 0.0703125
4 0.7453125 0.23125 0.0453125 0.0640625
4 0.7578125 0.203125 0.05 0.0703125
3 0.5484375 0.4546875 0.040625 0.01875
3 0.271875 0.103125 0.05 0.0390625
3 0.23125 0.08125 0.04375 0.0390625
3 0.2890625 0.01875 0.046875 0.040625
3 0.296875 0.0 0.0421875 0.0390625
3 0.2875 0.0890625 0.04375 0.0359375
3 0.2984375 0.071875 0.0484375 0.040625
3 0.325 0.04375 0.0453125 0.0375
3 0.3171875 0.0609375 0.0484375 0.0375
3 0.1328125 0.1 0.0453125 0.0359375
3 0.1421875 0.0828125 0.0421875 0.0359375
3 0.146875 0.0640625 0.0421875 0.03125
3 0.15 0.040625 0.0484375 0.0390625
3 0.1890625 0.0640625 0.040625 0.03125
3 0.1828125 0.0296875 0.046875 0.034375
3 0.2109375 0.0171875 0.0453125 0.0375
3 0.2375 0.0125 0.04375 0.034375
3 0.25 0.04375 0.0484375 0.040625
3 0.2765625 0.0375 0.0421875 0.0375
