1 0.659375 0.2359375 0.028125 0.0359375
1 0.815625 0.1015625 0.040625 0.05625
1 0.7140625 0.134375 0.0453125 0.0671875
3 0.2515625 0.4625 0.0265625 0.0328125
3 0.2375 0.428125 0.0234375 0.034375
3 0.225 0.3984375 0.021875 0.028125
3 0.2125 0.3703125 0.0265625 0.028125
3 0.2 0.3390625 0.021875 0.0328125
3 0.1859375 0.309375 0.0265625 0.03125
3 0.1734375 0.28125 0.0234375 0.028125
3 0.1640625 0.2546875 0.025 0.0328125
2 0.9578125 0.7828125 0.4578125 0.2640625
2 0.9328125 0.56875 0.5515625 0.2984375
2 0.9234375 0.35 0.5984375 0.309375
2 0.8828125 0.11875 0.5984375 0.3140625
3 0.2453125 0.5953125 0.0203125 0.028125
3 0.078125 0.065625 0.0234375 0.0296875
3 0.0953125 0.1015625 0.0234375 0.0296875
3 0.034375 0.1046875 0.0203125 0.0265625
3 0.0453125 0.1296875 0.025 0.0328125
3 0.05625 0.153125 0.025 0.0296875
3 0.0671875 0.1796875 0.025 0.03125
3 0.1078125 0.1296875 0.025 0.0328125
3 0.11875 0.15625 0.0265625 0.0359375
3 0.1328125 0.19375 0.0265625 0.03125
3 0.1453125 0.2234375 0.0234375 0.034375
3 0.084375 0.215625 0.0234375 0.0296875
3 0.09375 0.24375 0.0265625 0.0296875
3 0.10625 0.271875 0.0234375 0.0328125
3 0.1203125 0.3015625 0.0234375 0.0328125
3 0.1328125 0.3265625 0.0234375 0.0328125
3 0.1453125 0.3546875 0.025 0.0359375
3 0.2671875 0.5 0.0234375 0.03125
3 0.2796875 0.5296875 0.0234375 0.0328125
3 0.2921875 0.559375 0.021875 0.0328125
3 0.3171875 0.621875 0.03125 0.0375
3 0.303125 0.590625 0.0296875 0.034375
3 0.303125 0.63125 0.01875 0.028125
3 0.1765625 0.421875 0.025 0.03125
3 0.1859375 0.45 0.0234375 0.0265625
3 0.19375 0.4734375 0.0234375 0.03125
3 0.2078125 0.5 0.0203125 0.0359375
3 0.2171875 0.534375 0.021875 0.028125
3 0.0671875 0.0421875 0.0265625 0.03125
3 0.0546875 0.0171875 0.0265625 0.0328125
3 0.040625 0.915625 0.028125 0.0265625
3 0.5875 0.175 0.0171875 0.0328125
3 0.5359375 0.121875 0.0296875 0.0390625
3 0.528125 0.0875 0.028125 0.0359375
3 0.565625 0.0609375 0.0171875 0.03125
3 0.5109375 0.0328125 0.028125 0.034375
3 0.0234375 0.08125 0.025 0.0296875
3 0.0375 0.06875 0.0234375 0.03125
3 0.00625 0.0484375 0.025 0.0296875
3 0.2328125 0.565625 0.0234375 0.034375
3 0.2578125 0.621875 0.021875 0.034375
3 0.2703125 0.653125 0.0234375 0.0359375
3 0.734375 0.9765625 0.025 0.0359375
3 0.7171875 0.9390625 0.021875 0.0328125
3 0.4046875 0.8375 0.021875 0.034375
3 0.28125 0.6828125 0.021875 0.0265625
3 0.3125 0.7609375 0.021875 0.03125
3 0.3015625 0.7328125 0.021875 0.028125
3 0.2890625 0.7078125 0.021875 0.0296875
3 0.328125 0.653125 0.025 0.0296875
3 0.34375 0.6921875 0.0203125 0.0328125
3 0.353125 0.71875 0.021875 0.0328125
3 0.346875 0.7515625 0.021875 0.0296875
3 0.6328125 0.678125 0.025 0.028125
3 0.3671875 0.746875 0.0234375 0.0296875
3 0.3796875 0.7734375 0.025 0.03125
3 0.3921875 0.8078125 0.0234375 0.0359375
3 0.4171875 0.865625 0.025 0.034375
3 0.6984375 0.90625 0.01875 0.0296875
3 0.4296875 0.896875 0.028125 0.0359375
3 0.1828125 0.86875 0.03125 0.0265625
3 0.4640625 0.99375 0.021875 0.0296875
3 0.453125 0.9640625 0.0203125 0.028125
3 0.4421875 0.9359375 0.021875 0.0359375
3 0.4375 0.9828125 0.0171875 0.03125
3 0.3515625 0.9875 0.0234375 0.015625
