1 0.6609375 0.3234375 0.028125 0.0359375
1 0.8171875 0.1890625 0.040625 0.05625
1 0.715625 0.221875 0.0453125 0.0671875
3 0.253125 0.55 0.0265625 0.0328125
3 0.2390625 0.515625 0.0234375 0.034375
3 0.2265625 0.4859375 0.021875 0.028125
3 0.2140625 0.4578125 0.0265625 0.028125
3 0.2015625 0.4265625 0.021875 0.0328125
3 0.1875 0.396875 0.0265625 0.03125
3 0.175 0.36875 0.0234375 0.028125
3 0.165625 0.3421875 0.025 0.0328125
2 0.959375 0.8703125 0.4578125 0.2640625
2 0.934375 0.65625 0.5515625 0.2984375
2 0.925 0.4375 0.5984375 0.309375
2 0.884375 0.20625 0.5984375 0.3140625
3 0.246875 0.6828125 0.0203125 0.028125
3 0.0796875 0.153125 0.0234375 0.0296875
3 0.096875 0.1890625 0.0234375 0.0296875
3 0.0359375 0.1921875 0.0203125 0.0265625
3 0.046875 0.2171875 0.025 0.0328125
3 0.0578125 0.240625 0.025 0.0296875
3 0.06875 0.2671875 0.025 0.03125
3 0.109375 0.2171875 0.025 0.0328125
3 0.1203125 0.24375 0.0265625 0.0359375
3 0.134375 0.28125 0.0265625 0.03125
3 0.146875 0.3109375 0.0234375 0.034375
3 0.0859375 0.303125 0.0234375 0.0296875
3 0.0953125 0.33125 0.0265625 0.0296875
3 0.1078125 0.359375 0.0234375 0.0328125
3 0.121875 0.3890625 0.0234375 0.0328125
3 0.134375 0.4140625 0.0234375 0.0328125
3 0.146875 0.4421875 0.025 0.0359375
3 0.26875 0.5875 0.0234375 0.03125
3 0.28125 0.6171875 0.0234375 0.0328125
3 0.29375 0.646875 0.021875 0.0328125
3 0.31875 0.709375 0.03125 0.0375
3 0.3046875 0.678125 0.0296875 0.034375
3 0.3046875 0.71875 0.01875 0.028125
3 0.178125 0.509375 0.025 0.03125
3 0.1875 0.5375 0.0234375 0.0265625
3 0.1953125 0.5609375 0.0234375 0.03125
3 0.209375 0.5875 0.0203125 0.0359375
3 0.21875 0.621875 0.021875 0.028125
3 0.06875 0.1296875 0.0265625 0.03125
3 0.05625 0.1046875 0.0265625 0.0328125
3 0.040625 0.0703125 0.028125 0.0359375
3 0.5890625 0.2625 0.0171875 0.0328125
3 0.5375 0.209375 0.0296875 0.0390625
3 0.5296875 0.175 0.028125 0.0359375
3 0.5671875 0.1484375 0.0171875 0.03125
3 0.5125 0.1203125 0.028125 0.034375
3 0.021875 0.0296875 0.025 0.03125
3 0.025 0.16875 0.025 0.0296875
3 0.0390625 0.15625 0.0234375 0.03125
3 0.0078125 0.1359375 0.025 0.0296875
3 0.0078125 0.0 0.028125 0.034375
3 0.234375 0.653125 0.0234375 0.034375
3 0.259375 0.709375 0.021875 0.034375
3 0.271875 0.740625 0.0234375 0.0359375
3 0.40625 0.925 0.021875 0.034375
3 0.2828125 0.7703125 0.021875 0.0265625
3 0.3140625 0.8484375 0.021875 0.03125
3 0.303125 0.8203125 0.021875 0.028125
3 0.290625 0.7953125 0.021875 0.0296875
3 0.3296875 0.740625 0.025 0.0296875
3 0.3453125 0.7796875 0.0203125 0.0328125
3 0.3546875 0.80625 0.021875 0.0328125
3 0.3484375 0.8390625 0.021875 0.0296875
3 0.634375 0.765625 0.025 0.028125
3 0.36875 0.834375 0.0234375 0.0296875
3 0.38125 0.8609375 0.025 0.03125
3 0.39375 0.8953125 0.0234375 0.0359375
3 0.41875 0.953125 0.025 0.034375
3 0.7 0.99375 0.01875 0.0296875
3 0.43125 0.984375 0.028125 0.0359375
3 0.184375 0.95625 0.03125 0.0265625
