1 0.415625 0.0484375 0.028125 0.0359375
3 0.0078125 0.275 0.0265625 0.0328125
2 0.8515625 0.9765625 0.2890625 0.2015625
2 0.759375 0.76875 0.3765625 0.209375
2 0.7140625 0.5953125 0.4578125 0.2640625
2 0.6890625 0.38125 0.5515625 0.2984375
2 0.6796875 0.1625 0.5984375 0.309375
3 0.0015625 0.4078125 0.0203125 0.028125
3 0.0234375 0.3125 0.0234375 0.03125
3 0.0359375 0.3421875 0.0234375 0.0328125
3 0.0484375 0.371875 0.021875 0.0328125
3 0.0734375 0.434375 0.03125 0.0375
3 0.059375 0.403125 0.0296875 0.034375
3 0.059375 0.44375 0.01875 0.028125
3 0.0140625 0.434375 0.021875 0.034375
3 0.0265625 0.465625 0.0234375 0.0359375
3 0.6625 0.9984375 0.028125 0.03125
3 0.5734375 0.996875 0.028125 0.028125
3 0.259375 0.9609375 0.021875 0.0296875
3 0.490625 0.7890625 0.025 0.0359375
3 0.4734375 0.7515625 0.021875 0.0328125
3 0.1609375 0.65 0.021875 0.034375
3 0.0375 0.4953125 0.021875 0.0265625
3 0.06875 0.5734375 0.021875 0.03125
3 0.0578125 0.5453125 0.021875 0.028125
3 0.0453125 0.5203125 0.021875 0.0296875
3 0.084375 0.465625 0.025 0.0296875
3 0.1 0.5046875 0.0203125 0.0328125
3 0.109375 0.53125 0.021875 0.0328125
3 0.103125 0.5640625 0.021875 0.0296875
3 0.3890625 0.490625 0.025 0.028125
3 0.1234375 0.559375 0.0234375 0.0296875
3 0.1359375 0.5859375 0.025 0.03125
3 0.1484375 0.6203125 0.0234375 0.0359375
3 0.1734375 0.678125 0.025 0.034375
3 0.4546875 0.71875 0.01875 0.0296875
3 0.1859375 0.709375 0.028125 0.0359375
3 0.265625 0.921875 0.021875 0.03125
3 0.2546875 0.89375 0.0234375 0.0296875
3 0.24375 0.859375 0.021875 0.0328125
3 0.2328125 0.834375 0.0203125 0.0296875
3 0.2203125 0.80625 0.021875 0.0296875
3 0.209375 0.7765625 0.0203125 0.028125
3 0.1984375 0.7484375 0.021875 0.0359375
3 0.19375 0.7953125 0.0171875 0.03125
3 0.1078125 0.8 0.0234375 0.015625
3 0.1328125 0.8671875 0.028125 0.01875
