3 0.93125 0.5078125 0.034375 0.028125
0 0.796875 0.7578125 0.046875 0.05
0 0.75625 0.09375 0.053125 0.05625
0 0.225 0.025 0.0515625 0.05
0 0.646875 0.015625 0.053125 0.0578125
0 0.8828125 0.215625 0.0484375 0.04375
0 0.2078125 0.2953125 0.040625 0.034375
0 0.209375 0.54375 0.0546875 0.0546875
0 0.4390625 0.6265625 0.0453125 0.04375
3 0.7671875 0.3265625 0.0296875 0.034375
3 0.9484375 0.6734375 0.0296875 0.0359375
3 0.91875 0.625 0.028125 0.0359375
3 0.9375 0.59375 0.0265625 0.0328125
3 0.828125 0.89375 0.03125 0.0296875
3 0.371875 0.875 0.0375 0.0234375
3 0.6875 0.259375 0.03125 0.034375
3 0.9671875 0.64375 0.0296875 0.034375
3 0.7859375 0.49375 0.0359375 0.040625
3 0.3296875 0.7484375 0.0359375 0.04375
3 0.1359375 0.9328125 0.0421875 0.0359375
3 0.209375 0.9359375 0.0375 0.0390625
3 0.09375 0.9015625 0.03125 0.0328125
3 0.1 0.66875 0.0328125 0.0390625
3 0.1515625 0.8609375 0.0453125 0.0296875
3 0.3640625 0.3015625 0.03125 0.0375
3 0.0921875 0.8015625 0.0375 0.0359375
3 0.38125 0.3078125 0.0390625 0.04375
3 0.4625 0.3875 0.034375 0.040625
3 0.5125 0.3703125 0.0265625 0.0328125
3 0.61875 0.2953125 0.040625 0.0359375
3 0.4453125 0.6859375 0.0328125 0.0375
