3 0.290625 0.5875 0.0265625 0.03125
3 0.509375 0.0421875 0.0375 0.028125
3 0.0359375 0.028125 0.0375 0.046875
3 0.06875 0.25625 0.04375 0.0359375
3 0.1703125 0.7859375 0.0375 0.040625
3 0.009375 0.640625 0.0484375 0.0375
0 0.146875 0.93125 0.046875 0.0515625
0 0.3703125 0.3453125 0.0359375 0.034375
0 0.003125 0.0046875 0.034375 0.03125
0 0.5484375 0.3375 0.059375 0.065625
0 0.778125 0.1875 0.0546875 0.0546875
0 0.8828125 0.8703125 0.040625 0.046875
0 0.940625 0.9140625 0.0484375 0.0546875
0 0.2578125 0.9890625 0.0796875 0.06875
3 0.54375 0.7328125 0.034375 0.03125
3 0.5703125 0.7515625 0.0265625 0.034375
3 0.940625 0.51875 0.0375 0.0234375
1 0.009375 0.8140625 0.04375 0.053125
3 0.16875 0.6765625 0.034375 0.03125
3 0.8984375 0.3921875 0.0359375 0.04375
3 0.7046875 0.5765625 0.0421875 0.0359375
3 0.778125 0.5796875 0.0375 0.0390625
3 0.6625 0.5453125 0.03125 0.0328125
3 0.259375 0.3484375 0.0453125 0.03125
3 0.66875 0.3125 0.0328125 0.0390625
3 0.7203125 0.5046875 0.0453125 0.0296875
3 0.6609375 0.4453125 0.0375 0.0359375
3 0.2890625 0.3234375 0.0359375 0.0265625
