0 0.159375 0.26875 0.04375 0.059375
3 0.553125 0.0015625 0.0296875 0.0390625
3 0.803125 0.271875 0.025 0.0375
3 0.7921875 0.303125 0.025 0.0359375
3 0.6703125 0.3125 0.046875 0.040625
3 0.9484375 0.5828125 0.0375 0.028125
3 0.475 0.56875 0.0375 0.046875
3 0.50625 0.5359375 0.0296875 0.0390625
3 0.4375 0.85 0.040625 0.0328125
3 0.5078125 0.796875 0.04375 0.0359375
0 0.1125 0.4765625 0.0640625 0.053125
0 0.3859375 0.6921875 0.05625 0.059375
0 0.809375 0.8859375 0.0359375 0.034375
0 0.4421875 0.5453125 0.034375 0.03125
0 0.5890625 0.315625 0.025 0.028125
0 0.9875 0.878125 0.059375 0.065625
0 0.2796875 0.625 0.065625 0.05625
0 0.9703125 0.471875 0.04375 0.053125
3 0.759375 0.1828125 0.0359375 0.028125
3 0.790625 0.196875 0.0328125 0.0265625
3 0.6109375 0.246875 0.028125 0.0328125
3 0.6875 0.35 0.034375 0.025
3 0.90625 0.396875 0.03125 0.0265625
3 0.6984375 0.8890625 0.0453125 0.03125
3 0.728125 0.8640625 0.0359375 0.0265625
