3 0.259375 0.759375 0.034375 0.028125
0 0.4625 0.609375 0.0640625 0.059375
0 0.084375 0.3453125 0.053125 0.05625
0 0.2109375 0.4671875 0.0484375 0.04375
3 0.0953125 0.578125 0.0296875 0.034375
3 0.2765625 0.925 0.0296875 0.0359375
3 0.246875 0.8765625 0.028125 0.0359375
3 0.265625 0.8453125 0.0265625 0.0328125
4 0.584375 0.4640625 0.0328125 0.040625
3 0.1203125 0.0765625 0.03125 0.0359375
3 0.015625 0.5109375 0.03125 0.034375
3 0.2953125 0.8953125 0.0296875 0.034375
3 0.1140625 0.7453125 0.0359375 0.040625
