0 0.396875 0.3203125 0.04375 0.059375
3 0.1265625 0.0796875 0.028125 0.0359375
3 0.0109375 0.36875 0.0296875 0.040625
3 0.775 0.0359375 0.0390625 0.0453125
3 0.790625 0.053125 0.0296875 0.0390625
3 0.9078125 0.3640625 0.046875 0.040625
3 0.7125 0.6203125 0.0375 0.046875
3 0.74375 0.5875 0.0296875 0.0390625
3 0.675 0.9015625 0.040625 0.0328125
3 0.7453125 0.8484375 0.04375 0.0359375
0 0.35 0.528125 0.0640625 0.053125
0 0.6234375 0.74375 0.05625 0.059375
0 0.6796875 0.596875 0.034375 0.03125
0 0.8265625 0.3671875 0.025 0.028125
0 0.5171875 0.6765625 0.065625 0.05625
3 0.996875 0.234375 0.0359375 0.028125
3 0.8484375 0.2984375 0.028125 0.0328125
3 0.925 0.4015625 0.034375 0.025
3 0.9359375 0.940625 0.0453125 0.03125
3 0.965625 0.915625 0.0359375 0.0265625
0 0.7140625 0.0328125 0.05 0.0390625
