5 0.71875 0.7546875 0.2125 0.215625
5 0.275 0.45625 0.259375 0.2640625
3 0.040625 0.1484375 0.03125 0.034375
3 0.1078125 0.1921875 0.0296875 0.03125
3 0.084375 0.221875 0.028125 0.0296875
3 0.0609375 0.2546875 0.028125 0.034375
3 0.0375 0.2828125 0.0296875 0.0390625
3 0.0171875 0.3109375 0.03125 0.0375
3 0.2375 0.0265625 0.0296875 0.0328125
3 0.30625 0.1734375 0.0359375 0.0328125
3 0.378125 0.159375 0.0296875 0.0296875
3 0.2046875 0.159375 0.0328125 0.03125
3 0.2125 0.121875 0.0359375 0.0328125
3 0.246875 0.125 0.03125 0.0265625
3 0.4390625 0.0859375 0.0359375 0.034375
3 0.746875 0.1171875 0.0359375 0.034375
3 0.7734375 0.0828125 0.0328125 0.034375
3 0.8640625 0.065625 0.0296875 0.0328125
3 0.8859375 0.0375 0.0328125 0.034375
3 0.9078125 0.7546875 0.0328125 0.028125
3 0.9796875 0.85 0.0296875 0.0328125
3 0.9796875 0.8734375 0.03125 0.0296875
3 0.465625 0.2921875 0.03125 0.028125
3 0.85625 0.5046875 0.0328125 0.03125
3 0.8890625 0.353125 0.0359375 0.03125
3 0.8171875 0.634375 0.03125 0.0296875
3 0.78125 0.60625 0.0328125 0.0328125
3 0.625 0.271875 0.03125 0.0328125
3 0.6546875 0.234375 0.0296875 0.034375
3 0.734375 0.234375 0.0296875 0.034375
