5 0.5015625 0.728125 0.24375 0.2390625
5 0.7078125 0.45625 0.2125 0.215625
5 0.2640625 0.1578125 0.259375 0.2640625
3 0.00625 0.0125 0.03125 0.0375
3 0.996875 0.31875 0.0328125 0.0375
3 0.896875 0.45625 0.0328125 0.028125
3 0.96875 0.5515625 0.0296875 0.0328125
3 0.990625 0.5515625 0.0296875 0.03125
3 0.96875 0.575 0.03125 0.0296875
3 0.8453125 0.20625 0.0328125 0.03125
3 0.878125 0.0546875 0.0359375 0.03125
3 0.80625 0.3359375 0.03125 0.0296875
3 0.7703125 0.3078125 0.0328125 0.0328125
5 0.309375 0.9828125 0.2375 0.2296875
