5 0.65625 0.771875 0.21875 0.2140625
5 0.2265625 0.0671875 0.2078125 0.2046875
5 0.4796875 0.546875 0.275 0.28125
7 0.278125 0.9828125 0.1671875 0.1453125
3 0.9546875 0.3703125 0.0359375 0.0296875
3 0.89375 0.3671875 0.034375 0.028125
3 0.9109375 0.3984375 0.034375 0.0296875
3 0.96875 0.6234375 0.028125 0.0296875
3 0.9234375 0.65625 0.0234375 0.028125
3 0.99375 0.96875 0.034375 0.0359375
3 0.98125 0.3125 0.0359375 0.0296875
3 0.971875 0.9359375 0.028125 0.0375
3 0.95 0.903125 0.03125 0.034375
3 0.8921875 0.809375 0.0296875 0.034375
3 0.909375 0.74375 0.028125 0.0296875
3 0.884375 0.703125 0.025 0.03125
3 0.85 0.740625 0.0296875 0.0296875
3 0.946875 0.64375 0.0375 0.0328125
3 0.815625 0.684375 0.03125 0.034375
3 0.7953125 0.6546875 0.028125 0.034375
3 0.775 0.61875 0.0328125 0.040625
3 0.83125 0.6171875 0.03125 0.0375
3 0.8046875 0.575 0.0328125 0.04375
3 0.740625 0.5640625 0.03125 0.0359375
3 0.6953125 0.4 0.03125 0.0359375
3 0.8421875 0.4 0.0328125 0.028125
3 0.7015625 0.2921875 0.0234375 0.0328125
3 0.7390625 0.2703125 0.028125 0.0296875
3 0.8328125 0.2046875 0.0296875 0.03125
3 0.7796875 0.1484375 0.03125 0.028125
3 0.746875 0.0890625 0.034375 0.028125
3 0.7296875 0.08125 0.0296875 0.025
3 0.734375 0.0375 0.03125 0.0265625
3 0.7046875 0.0390625 0.03125 0.0265625
