5 0.5625 0.890625 0.24375 0.2390625
5 0.76875 0.61875 0.2125 0.215625
5 0.325 0.3203125 0.259375 0.2640625
5 0.025 0.821875 0.346875 0.346875
3 0.090625 0.0125 0.03125 0.034375
3 0.1578125 0.05625 0.0296875 0.03125
3 0.134375 0.0859375 0.028125 0.0296875
3 0.1109375 0.11875 0.028125 0.034375
3 0.0875 0.146875 0.0296875 0.0390625
3 0.0671875 0.175 0.03125 0.0375
3 0.015625 0.15625 0.0296875 0.034375
3 0.0125 0.2421875 0.028125 0.0328125
3 0.35625 0.0375 0.0359375 0.0328125
3 0.428125 0.0234375 0.0296875 0.0296875
3 0.2546875 0.0234375 0.0328125 0.03125
3 0.9578125 0.61875 0.0328125 0.028125
3 0.515625 0.15625 0.03125 0.028125
3 0.90625 0.36875 0.0328125 0.03125
3 0.9390625 0.2171875 0.0359375 0.03125
3 0.8671875 0.4984375 0.03125 0.0296875
3 0.83125 0.4703125 0.0328125 0.0328125
3 0.675 0.1359375 0.03125 0.0328125
3 0.7046875 0.0984375 0.0296875 0.034375
3 0.784375 0.0984375 0.0296875 0.034375
