5 0.7703125 0.8203125 0.21875 0.2140625
5 0.340625 0.115625 0.2078125 0.2046875
5 0.59375 0.5953125 0.275 0.28125
5 0.0234375 0.9703125 0.25625 0.2609375
3 0.9984375 0.7515625 0.025 0.03125
3 0.9640625 0.7890625 0.0296875 0.0296875
3 0.9296875 0.7328125 0.03125 0.034375
3 0.909375 0.703125 0.028125 0.034375
3 0.8890625 0.6671875 0.0328125 0.040625
3 0.9453125 0.665625 0.03125 0.0375
3 0.91875 0.6234375 0.0328125 0.04375
3 0.8546875 0.6125 0.03125 0.0359375
3 0.809375 0.4484375 0.03125 0.0359375
3 0.95625 0.4484375 0.0328125 0.028125
3 0.815625 0.340625 0.0234375 0.0328125
3 0.853125 0.31875 0.028125 0.0296875
3 0.946875 0.253125 0.0296875 0.03125
3 0.89375 0.196875 0.03125 0.028125
3 0.8609375 0.1375 0.034375 0.028125
3 0.84375 0.1296875 0.0296875 0.025
3 0.8484375 0.0859375 0.03125 0.0265625
3 0.81875 0.0875 0.03125 0.0265625
3 0.903125 0.04375 0.03125 0.0265625
