3 0.0296875 0.809375 0.0375 0.0375
3 0.0921875 0.859375 0.0359375 0.0296875
3 0.125 0.8859375 0.0359375 0.0375
3 0.265625 0.9921875 0.0375 0.0296875
5 0.35625 0.4375 0.24375 0.2390625
5 0.5625 0.165625 0.2125 0.215625
3 0.9953125 0.36875 0.0328125 0.0390625
3 0.9359375 0.0046875 0.0296875 0.0328125
3 0.909375 0.0390625 0.0328125 0.0421875
3 0.8515625 0.028125 0.0328125 0.0375
3 0.8859375 0.06875 0.0328125 0.0359375
3 0.7515625 0.165625 0.0328125 0.028125
3 0.8234375 0.2609375 0.0296875 0.0328125
3 0.8453125 0.2609375 0.0296875 0.03125
3 0.8234375 0.284375 0.03125 0.0296875
3 0.953125 0.2078125 0.034375 0.0296875
3 0.98125 0.2296875 0.0328125 0.0328125
3 0.915625 0.409375 0.0328125 0.040625
3 0.9296875 0.421875 0.0328125 0.0359375
3 0.946875 0.4328125 0.0328125 0.0375
3 0.959375 0.44375 0.0328125 0.0375
3 0.975 0.4546875 0.0328125 0.0375
3 0.9890625 0.4671875 0.0296875 0.034375
3 0.9609375 0.3484375 0.0328125 0.040625
3 0.978125 0.359375 0.034375 0.0359375
3 0.6609375 0.0453125 0.03125 0.0296875
3 0.625 0.0171875 0.0328125 0.0328125
5 0.1640625 0.6921875 0.2375 0.2296875
