3 0.2015625 0.48125 0.0265625 0.0296875
3 0.0140625 0.7234375 0.03125 0.0328125
3 0.0515625 0.6765625 0.0328125 0.0359375
3 0.128125 0.578125 0.03125 0.0328125
3 0.05625 0.9828125 0.028125 0.028125
4 0.1296875 0.4875 0.0390625 0.0421875
3 0.146875 0.4234375 0.0296875 0.0296875
3 0.24375 0.425 0.0265625 0.0296875
5 0.8640625 0.9859375 0.24375 0.2390625
5 0.6265625 0.415625 0.259375 0.2640625
5 0.3265625 0.9171875 0.346875 0.346875
3 0.1671875 0.0703125 0.034375 0.03125
3 0.2625 0.1484375 0.0359375 0.0296875
3 0.215625 0.1125 0.0359375 0.0328125
3 0.3921875 0.1078125 0.03125 0.034375
3 0.459375 0.1515625 0.0296875 0.03125
3 0.4359375 0.18125 0.028125 0.0296875
3 0.4125 0.2140625 0.028125 0.034375
3 0.3890625 0.2421875 0.0296875 0.0390625
3 0.36875 0.2703125 0.03125 0.0375
3 0.3171875 0.2515625 0.0296875 0.034375
3 0.2546875 0.284375 0.03125 0.0375
3 0.228125 0.31875 0.03125 0.0375
3 0.3140625 0.3375 0.028125 0.0328125
3 0.2890625 0.3671875 0.03125 0.0328125
3 0.26875 0.3953125 0.028125 0.034375
3 0.6578125 0.1328125 0.0359375 0.0328125
3 0.7296875 0.11875 0.0296875 0.0296875
3 0.55625 0.11875 0.0328125 0.03125
3 0.5640625 0.08125 0.0359375 0.0328125
3 0.5984375 0.084375 0.03125 0.0265625
3 0.790625 0.0453125 0.0359375 0.034375
3 0.8171875 0.2515625 0.03125 0.028125
3 0.9765625 0.23125 0.03125 0.0328125
