3 0.4109375 0.009375 0.03125 0.0359375
3 0.840625 0.4640625 0.0296875 0.025
3 0.8328125 0.590625 0.0328125 0.0375
3 0.79375 0.5609375 0.028125 0.034375
3 0.853125 0.6234375 0.0296875 0.03125
3 0.4328125 0.04375 0.0296875 0.0375
3 0.659375 0.4 0.034375 0.0390625
3 0.7125 0.3953125 0.028125 0.0328125
3 0.6953125 0.3703125 0.0296875 0.0375
3 0.6671875 0.328125 0.0296875 0.034375
3 0.6453125 0.2921875 0.0265625 0.03125
3 0.2953125 0.1359375 0.025 0.028125
3 0.2046875 0.1953125 0.0296875 0.0328125
5 0.7 0.7953125 0.2078125 0.2046875
3 0.246875 0.1625 0.0265625 0.0296875
3 0.8921875 0.4546875 0.0375 0.0328125
3 0.9640625 0.20625 0.040625 0.0328125
3 0.8640625 0.0921875 0.0328125 0.0265625
3 0.75625 0.08125 0.0328125 0.03125
3 0.9296875 0.1515625 0.028125 0.0265625
1 0.9796875 0.2375 0.040625 0.0328125
3 0.9953125 0.246875 0.0328125 0.0265625
3 0.9453125 0.1953125 0.03125 0.0296875
3 0.9078125 0.165625 0.03125 0.025
3 0.83125 0.1890625 0.03125 0.0265625
3 0.8546875 0.2 0.0328125 0.025
3 0.8578125 0.246875 0.034375 0.0296875
3 0.903125 0.303125 0.0375 0.03125
5 0.39375 0.30625 0.24375 0.24375
