0 0.028125 0.846875 0.059375 0.071875
0 0.2171875 0.99375 0.071875 0.0828125
0 0.1875 0.9765625 0.0625 0.071875
0 0.0203125 0.9625 0.0671875 0.06875
0 0.1578125 0.95625 0.065625 0.0671875
0 0.1328125 0.9359375 0.0625 0.0671875
0 0.425 0.5921875 0.0546875 0.0625
0 0.1234375 0.571875 0.0578125 0.065625
0 0.64375 0.765625 0.0625 0.0609375
0 0.596875 0.7265625 0.053125 0.0625
0 0.5703125 0.70625 0.059375 0.06875
0 0.5484375 0.6859375 0.053125 0.065625
0 0.5234375 0.6671875 0.0546875 0.0640625
0 0.5015625 0.6484375 0.0625 0.075
0 0.5734375 0.6046875 0.05625 0.065625
0 0.525 0.565625 0.0640625 0.0703125
0 0.4015625 0.571875 0.0609375 0.059375
0 0.046875 0.9828125 0.0625 0.0734375
0 0.4796875 0.521875 0.059375 0.06875
0 0.4546875 0.5046875 0.0609375 0.071875
0 0.428125 0.4875 0.0609375 0.06875
0 0.3765625 0.5484375 0.065625 0.0734375
0 0.3546875 0.53125 0.0625 0.06875
0 0.328125 0.509375 0.0609375 0.065625
0 0.35625 0.43125 0.0609375 0.0671875
0 0.2828125 0.4703125 0.0453125 0.05625
0 0.2546875 0.45625 0.0609375 0.06875
0 0.075 0.63125 0.05625 0.059375
0 0.175 0.6125 0.053125 0.0640625
0 0.146875 0.6984375 0.0671875 0.0734375
0 0.203125 0.63125 0.06875 0.0703125
0 0.5375 0.996875 0.0671875 0.071875
0 0.5671875 0.9171875 0.08125 0.071875
0 0.4421875 0.9046875 0.0671875 0.078125
0 0.390625 0.90625 0.078125 0.084375
0 0.4484375 0.834375 0.0703125 0.0765625
0 0.3453125 0.8625 0.0546875 0.065625
0 0.421875 0.815625 0.0609375 0.0796875
0 0.4 0.796875 0.0609375 0.0671875
0 0.315625 0.8453125 0.078125 0.084375
0 0.371875 0.775 0.06875 0.071875
0 0.2890625 0.821875 0.065625 0.0765625
0 0.2703125 0.8 0.0703125 0.0734375
0 0.3234375 0.734375 0.059375 0.06875
0 0.2484375 0.7796875 0.0640625 0.0671875
0 0.3015625 0.7140625 0.0625 0.075
0 0.275 0.690625 0.0640625 0.078125
0 0.2203125 0.75625 0.065625 0.071875
0 0.171875 0.71875 0.059375 0.0671875
0 0.053125 0.8703125 0.065625 0.0703125
0 0.184375 0.4015625 0.0625 0.075
0 0.30625 0.396875 0.05 0.0578125
0 0.28125 0.371875 0.05625 0.0640625
0 0.915625 0.1015625 0.0453125 0.0546875
0 0.9796875 0.059375 0.046875 0.0578125
0 0.9625 0.04375 0.0484375 0.05625
0 0.9375 0.03125 0.04375 0.05625
0 0.9203125 0.01875 0.0484375 0.0546875
0 0.859375 0.059375 0.04375 0.0515625
0 0.9015625 0.0 0.040625 0.046875
0 0.8375 0.0421875 0.0546875 0.0671875
0 0.8 0.0109375 0.0484375 0.053125
0 0.659375 0.4734375 0.0484375 0.059375
0 0.8625 0.928125 0.0234375 0.0234375
0 0.584375 0.65 0.0203125 0.0265625
0 0.9984375 0.078125 0.040625 0.0515625
0 0.953125 0.1296875 0.053125 0.059375
0 0.975 0.1453125 0.0453125 0.0546875
0 0.6578125 0.0859375 0.05 0.0515625
0 0.521875 0.0671875 0.0546875 0.059375
0 0.496875 0.04375 0.05 0.0609375
0 0.45625 0.009375 0.0546875 0.0609375
0 0.56875 0.0125 0.0578125 0.0609375
0 0.6140625 0.046875 0.05 0.05
0 0.63125 0.0609375 0.053125 0.0546875
0 0.896875 0.8859375 0.0703125 0.075
0 0.846875 0.86875 0.071875 0.0828125
0 0.8390625 0.8171875 0.059375 0.06875
0 0.8140625 0.79375 0.053125 0.0625
0 0.7390625 0.8421875 0.05625 0.065625
0 0.7890625 0.7796875 0.0515625 0.0609375
0 0.7125 0.825 0.0609375 0.0703125
0 0.6890625 0.8015625 0.0609375 0.0671875
0 0.740625 0.7421875 0.0609375 0.065625
0 0.540625 0.084375 0.0453125 0.05625
0 0.584375 0.1203125 0.05 0.0609375
0 0.6078125 0.140625 0.05 0.0609375
0 0.63125 0.15625 0.04375 0.053125
0 0.6375 0.4546875 0.0484375 0.0578125
0 0.565625 0.396875 0.0484375 0.0609375
0 0.5921875 0.325 0.0515625 0.059375
0 0.6609375 0.375 0.059375 0.06875
0 0.4984375 0.34375 0.053125 0.0578125
0 0.4734375 0.3203125 0.0546875 0.059375
0 0.546875 0.284375 0.053125 0.0609375
0 0.571875 0.2984375 0.0578125 0.0703125
0 0.5203125 0.2625 0.0546875 0.0640625
0 0.4984375 0.246875 0.053125 0.0609375
0 0.4515625 0.3046875 0.0578125 0.0703125
0 0.4265625 0.2828125 0.0484375 0.0609375
0 0.4515625 0.2078125 0.05 0.0640625
0 0.4109375 0.2640625 0.046875 0.0546875
0 0.3828125 0.246875 0.0546875 0.0625
0 0.40625 0.178125 0.046875 0.053125
0 0.35625 0.2328125 0.0625 0.071875
0 0.3375 0.209375 0.059375 0.0625
0 0.3859375 0.15 0.0625 0.06875
0 0.7171875 0.71875 0.0578125 0.065625
0 0.665625 0.78125 0.05625 0.0640625
0 0.8875 0.6625 0.0546875 0.059375
0 0.7046875 0.4140625 0.059375 0.0640625
0 0.94375 0.3171875 0.0578125 0.059375
0 0.9203125 0.3015625 0.0546875 0.059375
0 0.8515625 0.3421875 0.05 0.0625
0 0.8328125 0.321875 0.0515625 0.0609375
0 0.8796875 0.265625 0.0515625 0.0625
0 0.8078125 0.296875 0.0546875 0.059375
0 0.7640625 0.2671875 0.046875 0.053125
0 0.809375 0.209375 0.05 0.0578125
0 0.74375 0.2484375 0.0515625 0.0546875
0 0.7890625 0.1921875 0.046875 0.0546875
0 0.7125 0.2359375 0.053125 0.0578125
0 0.6953125 0.215625 0.0515625 0.0609375
0 0.6734375 0.1921875 0.05625 0.0703125
0 0.696875 0.1203125 0.053125 0.0578125
0 0.6765625 0.0984375 0.05625 0.0625
0 0.9984375 0.1625 0.0484375 0.0515625
0 0.6828125 0.3953125 0.046875 0.0609375
0 0.68125 0.49375 0.053125 0.0578125
0 0.9828125 0.6390625 0.065625 0.075
0 0.89375 0.3765625 0.05 0.0578125
0 0.93125 0.60625 0.0515625 0.059375
0 0.865625 0.6453125 0.0484375 0.0578125
0 0.81875 0.60625 0.0515625 0.0609375
0 0.8671875 0.55 0.053125 0.0609375
0 0.7734375 0.5703125 0.0546875 0.0640625
0 0.8390625 0.5296875 0.0484375 0.0515625
0 0.7984375 0.4921875 0.059375 0.065625
0 0.771875 0.471875 0.05625 0.0625
0 0.9640625 0.428125 0.059375 0.06875
0 0.94375 0.403125 0.0421875 0.05
0 0.990625 0.346875 0.046875 0.0546875
0 0.965625 0.3390625 0.0421875 0.0546875
0 0.925 0.3921875 0.0421875 0.0515625
