3 0.5328125 0.903125 0.0171875 0.0171875
3 0.5453125 0.95 0.015625 0.0078125
3 0.3890625 0.8296875 0.015625 0.0125
3 0.3625 0.8359375 0.0171875 0.0109375
3 0.3328125 0.8625 0.0140625 0.015625
3 0.33125 0.8515625 0.0171875 0.0140625
1 0.415625 0.7734375 0.0234375 0.0375
1 0.075 0.746875 0.0109375 0.025
1 0.0625 0.759375 0.0140625 0.028125
1 0.1015625 0.715625 0.0265625 0.0921875
3 0.0140625 0.8171875 0.0109375 0.021875
3 0.0671875 0.8171875 0.009375 0.01875
3 0.0984375 0.90625 0.0203125 0.0125
1 0.4078125 0.6 0.0390625 0.046875
