0 0.1109375 0.9328125 0.059375 0.0671875
0 0.1875 0.99375 0.065625 0.0765625
0 0.7171875 0.853125 0.0546875 0.0625
0 0.415625 0.8328125 0.0578125 0.065625
0 0.8890625 0.9875 0.053125 0.0625
0 0.8625 0.9671875 0.059375 0.06875
0 0.840625 0.946875 0.053125 0.065625
0 0.815625 0.928125 0.0546875 0.0640625
0 0.79375 0.909375 0.0625 0.075
0 0.865625 0.865625 0.05625 0.065625
0 0.8171875 0.8265625 0.0640625 0.0703125
0 0.69375 0.8328125 0.0609375 0.059375
0 0.771875 0.7828125 0.059375 0.06875
0 0.746875 0.765625 0.0609375 0.071875
0 0.7203125 0.7484375 0.0609375 0.06875
0 0.66875 0.809375 0.065625 0.0734375
0 0.646875 0.7921875 0.0625 0.06875
0 0.6203125 0.7703125 0.0609375 0.065625
0 0.6484375 0.6921875 0.0609375 0.0671875
0 0.575 0.73125 0.0453125 0.05625
0 0.546875 0.7171875 0.0609375 0.06875
0 0.3671875 0.8921875 0.05625 0.059375
0 0.4671875 0.8734375 0.053125 0.0640625
0 0.4390625 0.959375 0.0671875 0.0734375
0 0.4953125 0.8921875 0.06875 0.0703125
0 0.615625 0.9953125 0.059375 0.06875
0 0.59375 0.975 0.0625 0.075
0 0.5671875 0.9515625 0.0640625 0.078125
0 0.4640625 0.9796875 0.059375 0.0671875
0 0.4765625 0.6625 0.0625 0.075
0 0.5984375 0.6578125 0.05 0.0578125
0 0.5734375 0.6328125 0.05625 0.0640625
0 0.978125 0.1796875 0.05 0.053125
0 0.9203125 0.1328125 0.034375 0.040625
0 0.903125 0.115625 0.046875 0.0515625
0 0.8828125 0.10625 0.0390625 0.0484375
0 0.9421875 0.0671875 0.0453125 0.053125
0 0.9609375 0.0828125 0.0421875 0.0484375
0 0.9515625 0.734375 0.0484375 0.059375
0 0.8765625 0.9109375 0.0203125 0.0265625
0 0.2046875 0.7703125 0.071875 0.0796875
0 0.23125 0.7875 0.065625 0.06875
0 0.95 0.346875 0.05 0.0515625
0 0.8140625 0.328125 0.0546875 0.059375
0 0.7890625 0.3046875 0.05 0.0609375
0 0.7484375 0.2703125 0.0546875 0.0609375
0 0.796875 0.2125 0.0578125 0.06875
0 0.815625 0.240625 0.0515625 0.0546875
0 0.8359375 0.253125 0.05625 0.0625
0 0.8609375 0.2734375 0.0578125 0.0609375
0 0.90625 0.3078125 0.05 0.05
0 0.9234375 0.321875 0.053125 0.0546875
0 0.8328125 0.3453125 0.0453125 0.05625
0 0.8765625 0.38125 0.05 0.0609375
0 0.9 0.4015625 0.05 0.0609375
0 0.9234375 0.4171875 0.04375 0.053125
0 0.9296875 0.715625 0.0484375 0.0578125
0 0.8578125 0.6578125 0.0484375 0.0609375
0 0.884375 0.5859375 0.0515625 0.059375
0 0.953125 0.6359375 0.059375 0.06875
0 0.790625 0.6046875 0.053125 0.0578125
0 0.765625 0.58125 0.0546875 0.059375
0 0.8390625 0.5453125 0.053125 0.0609375
0 0.8640625 0.559375 0.0578125 0.0703125
0 0.8125 0.5234375 0.0546875 0.0640625
0 0.790625 0.5078125 0.053125 0.0609375
0 0.74375 0.565625 0.0578125 0.0703125
0 0.71875 0.54375 0.0484375 0.0609375
0 0.74375 0.46875 0.05 0.0640625
0 0.703125 0.525 0.046875 0.0546875
0 0.675 0.5078125 0.0546875 0.0625
0 0.6984375 0.4390625 0.046875 0.053125
0 0.6484375 0.49375 0.0625 0.071875
0 0.6296875 0.4703125 0.059375 0.0625
0 0.678125 0.4109375 0.0625 0.06875
0 0.996875 0.675 0.059375 0.0640625
0 0.9875 0.4765625 0.0515625 0.0609375
0 0.965625 0.453125 0.05625 0.0703125
0 0.9890625 0.38125 0.053125 0.0578125
0 0.96875 0.359375 0.05625 0.0625
0 0.975 0.65625 0.046875 0.0609375
0 0.9734375 0.7546875 0.053125 0.0578125
