3 0.015625 0.5921875 0.015625 0.00625
3 0.0296875 0.590625 0.0140625 0.0078125
3 0.04375 0.590625 0.015625 0.00625
3 0.0609375 0.590625 0.0171875 0.0078125
3 0.0625 0.5984375 0.015625 0.00625
3 0.26875 0.40625 0.0171875 0.0171875
3 0.28125 0.453125 0.015625 0.0078125
3 0.125 0.3328125 0.015625 0.0125
3 0.0984375 0.3390625 0.0171875 0.0109375
3 0.06875 0.365625 0.0140625 0.015625
3 0.0671875 0.3546875 0.0171875 0.0140625
8 0.8078125 0.59375 0.028125 0.025
8 0.7890625 0.5546875 0.0296875 0.028125
8 0.7546875 0.509375 0.05 0.046875
8 0.703125 0.5328125 0.0515625 0.046875
1 0.1515625 0.2765625 0.0234375 0.0375
8 0.71875 0.590625 0.040625 0.03125
8 0.7765625 0.609375 0.0390625 0.0328125
8 0.7359375 0.6296875 0.0390625 0.03125
4 0.8953125 0.6890625 0.01875 0.0296875
8 0.590625 0.74375 0.0453125 0.040625
3 0.0453125 0.5984375 0.0140625 0.00625
3 0.03125 0.596875 0.015625 0.0078125
3 0.85 0.703125 0.0125 0.015625
3 0.653125 0.8203125 0.0125 0.0140625
3 0.7078125 0.734375 0.0140625 0.015625
3 0.4125 0.8484375 0.015625 0.0109375
3 0.5203125 0.765625 0.01875 0.0140625
3 0.528125 0.7796875 0.0203125 0.0125
3 0.5296875 0.7890625 0.0234375 0.015625
3 0.7640625 0.7453125 0.0140625 0.009375
3 0.76875 0.753125 0.0125 0.0125
3 0.7046875 0.796875 0.0140625 0.0171875
3 0.696875 0.8 0.015625 0.0203125
3 0.6875 0.803125 0.0125 0.01875
3 0.68125 0.8046875 0.0125 0.0171875
3 0.6609375 0.8171875 0.015625 0.01875
3 0.646875 0.825 0.0125 0.015625
3 0.015625 0.5984375 0.01875 0.0046875
3 0.0921875 0.7171875 0.0171875 0.0109375
3 0.2921875 0.6875 0.0171875 0.0234375
3 0.2796875 0.6578125 0.0171875 0.021875
3 0.1 0.7546875 0.01875 0.0125
3 0.096875 0.7359375 0.01875 0.0140625
3 0.2546875 0.715625 0.0109375 0.0171875
3 0.246875 0.7171875 0.0125 0.0140625
3 0.2375 0.7171875 0.015625 0.0171875
3 0.2265625 0.7 0.0125 0.01875
3 0.21875 0.703125 0.0109375 0.0171875
3 0.2109375 0.7046875 0.0109375 0.0171875
3 0.203125 0.709375 0.0125 0.015625
3 0.090625 0.7078125 0.015625 0.0109375
3 0.6390625 0.828125 0.015625 0.0203125
3 0.1671875 0.675 0.0109375 0.015625
3 0.109375 0.675 0.009375 0.0125
3 0.2078125 0.64375 0.0109375 0.0171875
3 0.2 0.64375 0.0109375 0.01875
3 0.1984375 0.6625 0.009375 0.0125
3 0.1859375 0.6484375 0.0125 0.015625
3 0.1640625 0.61875 0.015625 0.0078125
3 0.1484375 0.6203125 0.015625 0.0078125
3 0.13125 0.61875 0.015625 0.0078125
3 0.303125 0.6875 0.0109375 0.015625
3 0.3171875 0.6890625 0.0140625 0.0171875
3 0.3234375 0.675 0.0125 0.0140625
3 0.3734375 0.7625 0.0140625 0.0171875
3 0.63125 0.8328125 0.0125 0.0171875
3 0.5828125 0.8234375 0.0171875 0.0140625
3 0.4671875 0.8625 0.0109375 0.015625
3 0.4515625 0.86875 0.0125 0.01875
3 0.4734375 0.903125 0.01875 0.0109375
3 0.4765625 0.9109375 0.0171875 0.0125
3 0.48125 0.91875 0.015625 0.0109375
3 0.384375 0.9140625 0.015625 0.009375
3 0.384375 0.921875 0.0125 0.0046875
3 0.390625 0.940625 0.0109375 0.009375
3 0.3984375 0.95625 0.0171875 0.0078125
3 0.3828125 0.9703125 0.0125 0.015625
3 0.28125 0.9484375 0.0203125 0.0140625
3 0.1703125 0.965625 0.0140625 0.0140625
3 0.26875 0.63125 0.015625 0.0171875
3 0.0421875 0.7890625 0.0140625 0.021875
3 0.3921875 0.7734375 0.0140625 0.015625
1 0.14375 0.103125 0.0390625 0.046875
