3 0.3203125 0.9921875 0.015625 0.00625
3 0.334375 0.990625 0.0140625 0.0078125
3 0.3484375 0.990625 0.015625 0.00625
3 0.365625 0.990625 0.0171875 0.0078125
3 0.3671875 0.9984375 0.015625 0.00625
3 0.5734375 0.80625 0.0171875 0.0171875
3 0.5859375 0.853125 0.015625 0.0078125
3 0.4296875 0.7328125 0.015625 0.0125
3 0.403125 0.7390625 0.0171875 0.0109375
3 0.3734375 0.765625 0.0140625 0.015625
3 0.371875 0.7546875 0.0171875 0.0140625
1 0.45625 0.6765625 0.0234375 0.0375
1 0.115625 0.65 0.0109375 0.025
1 0.103125 0.6625 0.0140625 0.028125
1 0.1421875 0.61875 0.0265625 0.0921875
3 0.0546875 0.7203125 0.0109375 0.021875
3 0.1078125 0.7203125 0.009375 0.01875
3 0.1390625 0.809375 0.0203125 0.0125
3 0.3015625 0.9921875 0.01875 0.00625
3 0.35 0.9984375 0.0140625 0.00625
3 0.3359375 0.996875 0.015625 0.0078125
3 0.3203125 0.9984375 0.01875 0.0046875
1 0.4484375 0.503125 0.0390625 0.046875
