0 0.4234375 0.1046875 0.0625 0.075
0 0.4203125 0.2125 0.06875 0.0734375
0 0.3875 0.1921875 0.065625 0.0703125
0 0.334375 0.153125 0.0578125 0.06875
0 0.2875 0.1015625 0.0640625 0.075
0 0.2640625 0.0828125 0.0625 0.071875
0 0.20625 0.0453125 0.0734375 0.0859375
0 0.340625 0.0359375 0.065625 0.0765625
0 0.3921875 0.0796875 0.059375 0.0734375
0 0.4734375 0.15 0.059375 0.071875
0 0.5203125 0.30625 0.078125 0.0828125
0 0.653125 0.4125 0.0546875 0.0671875
0 0.7609375 0.390625 0.0703125 0.075
0 0.7375 0.3640625 0.0734375 0.0796875
0 0.7109375 0.3375 0.0625 0.071875
0 0.6890625 0.3171875 0.0609375 0.0703125
0 0.6625 0.296875 0.071875 0.0828125
0 0.5984375 0.3671875 0.0625 0.06875
0 0.6328125 0.2796875 0.0625 0.071875
0 0.546875 0.3234375 0.06875 0.0796875
0 0.440625 0.240625 0.065625 0.075
0 0.465625 0.265625 0.0671875 0.06875
0 0.04375 0.1828125 0.075 0.0828125
0 0.0703125 0.2078125 0.0796875 0.0875
0 0.0296875 0.6515625 0.0796875 0.0828125
0 0.3125 0.58125 0.0890625 0.0828125
0 0.3390625 0.55625 0.0828125 0.0703125
0 0.3875 0.515625 0.1046875 0.09375
0 0.271875 0.521875 0.0734375 0.08125
0 0.2453125 0.49375 0.071875 0.0703125
0 0.3125 0.4203125 0.0828125 0.0890625
0 0.221875 0.46875 0.075 0.078125
0 0.134375 0.4046875 0.065625 0.075
0 0.2296875 0.3578125 0.071875 0.075
0 0.1125 0.3796875 0.0765625 0.0796875
0 0.059375 0.334375 0.0828125 0.0828125
0 0.1296875 0.2484375 0.078125 0.084375
0 0.028125 0.3078125 0.0828125 0.0828125
0 0.0015625 0.2859375 0.0765625 0.08125
0 0.603125 0.259375 0.065625 0.0671875
0 0.578125 0.2390625 0.0625 0.0671875
0 0.4921875 0.2859375 0.0625 0.0734375
0 0.5921875 0.0015625 0.0671875 0.0734375
0 0.9828125 0.3 0.0671875 0.071875
0 0.8875 0.2078125 0.0671875 0.078125
0 0.8359375 0.209375 0.078125 0.084375
0 0.89375 0.1375 0.0703125 0.0765625
0 0.790625 0.165625 0.0546875 0.065625
0 0.8671875 0.11875 0.0609375 0.0796875
0 0.8453125 0.1 0.0609375 0.0671875
0 0.7609375 0.1484375 0.078125 0.084375
0 0.8171875 0.078125 0.06875 0.071875
0 0.734375 0.125 0.065625 0.0765625
0 0.715625 0.103125 0.0703125 0.0734375
0 0.76875 0.0375 0.059375 0.06875
0 0.69375 0.0828125 0.0640625 0.0671875
0 0.746875 0.0171875 0.0625 0.075
0 0.665625 0.059375 0.065625 0.071875
0 0.6171875 0.021875 0.059375 0.0671875
0 0.4984375 0.1734375 0.065625 0.0703125
