4 0.934375 0.7140625 0.0375 0.06875
4 0.9515625 0.6953125 0.0375 0.06875
4 0.965625 0.6765625 0.040625 0.0671875
4 0.98125 0.659375 0.04375 0.0671875
4 0.99375 0.640625 0.0421875 0.065625
4 0.91875 0.7296875 0.0421875 0.0703125
4 0.9046875 0.7453125 0.0421875 0.06875
4 0.8890625 0.7625 0.0421875 0.0703125
3 0.1390625 0.940625 0.0234375 0.040625
3 0.0890625 0.93125 0.0234375 0.0375
4 0.871875 0.778125 0.0421875 0.0640625
4 0.7984375 0.0140625 0.0296875 0.06875
4 0.7296875 0.003125 0.0296875 0.0671875
4 0.53125 0.1421875 0.0703125 0.0453125
4 0.909375 0.0421875 0.0328125 0.071875
4 0.853125 0.7953125 0.040625 0.06875
3 0.21875 0.9578125 0.025 0.03125
4 0.4265625 0.25 0.084375 0.0421875
4 0.390625 0.284375 0.0859375 0.04375
4 0.371875 0.3015625 0.0875 0.0484375
4 0.3578125 0.31875 0.0828125 0.04375
4 0.3421875 0.3375 0.08125 0.04375
4 0.325 0.3578125 0.084375 0.040625
4 0.309375 0.375 0.0796875 0.04375
4 0.240625 0.446875 0.0859375 0.0453125
4 0.221875 0.465625 0.08125 0.040625
4 0.1890625 0.4984375 0.0765625 0.040625
4 0.153125 0.5328125 0.0828125 0.0453125
4 0.1375 0.5546875 0.08125 0.0421875
4 0.103125 0.5890625 0.08125 0.040625
4 0.0703125 0.6265625 0.075 0.0390625
4 0.0375 0.6625 0.0765625 0.0390625
4 0.4421875 0.23125 0.084375 0.0421875
4 0.4609375 0.2140625 0.0828125 0.0453125
4 0.4921875 0.1765625 0.0828125 0.0421875
4 0.93125 0.046875 0.0359375 0.06875
4 0.9859375 0.0703125 0.0328125 0.0625
4 0.96875 0.0546875 0.0296875 0.0671875
4 0.9515625 0.0515625 0.0328125 0.065625
4 0.8859375 0.03125 0.03125 0.065625
4 0.54375 0.121875 0.0828125 0.0453125
4 0.84375 0.0265625 0.03125 0.0734375
4 0.775 0.015625 0.03125 0.0765625
4 0.7546875 0.0125 0.0359375 0.0859375
4 0.0859375 0.80625 0.046875 0.053125
4 0.2375 0.721875 0.0609375 0.053125
4 0.284375 0.6953125 0.0765625 0.0703125
3 0.1546875 0.946875 0.0234375 0.0359375
3 0.2328125 0.8765625 0.021875 0.0375
3 0.821875 0.94375 0.0359375 0.0421875
3 0.8921875 0.8546875 0.0296875 0.0296875
3 0.7484375 0.88125 0.0296875 0.0328125
3 0.7578125 0.89375 0.0234375 0.0265625
3 0.7703125 0.903125 0.0296875 0.03125
3 0.784375 0.9125 0.0359375 0.0375
3 0.834375 0.9546875 0.0296875 0.034375
3 0.8484375 0.965625 0.0390625 0.0421875
3 0.8890625 0.9703125 0.034375 0.0328125
3 0.9015625 0.95625 0.0359375 0.0328125
3 0.9109375 0.9390625 0.0328125 0.0296875
3 0.934375 0.91875 0.034375 0.0328125
3 0.7015625 0.278125 0.03125 0.0328125
3 0.7953125 0.9265625 0.028125 0.0296875
3 0.809375 0.3796875 0.0328125 0.0375
3 0.796875 0.36875 0.0328125 0.0359375
3 0.765625 0.3359375 0.0328125 0.040625
3 0.7515625 0.3234375 0.034375 0.0359375
3 0.725 0.3046875 0.028125 0.03125
3 0.03125 0.80625 0.0328125 0.034375
3 0.046875 0.8171875 0.0328125 0.040625
4 0.171875 0.828125 0.0484375 0.0484375
4 0.1859375 0.815625 0.046875 0.05
4 0.23125 0.75 0.046875 0.0515625
3 0.3265625 0.6 0.0421875 0.0421875
3 0.878125 0.8671875 0.0328125 0.0328125
3 0.95625 0.8953125 0.0265625 0.0265625
3 0.28125 0.8828125 0.021875 0.0359375
3 0.9703125 0.8828125 0.034375 0.03125
3 0.575 0.94375 0.0171875 0.034375
3 0.5421875 0.934375 0.01875 0.0375
3 0.4078125 0.9140625 0.0203125 0.03125
3 0.3765625 0.903125 0.01875 0.0296875
3 0.3578125 0.8984375 0.0234375 0.0328125
3 0.34375 0.8953125 0.0203125 0.03125
3 0.365625 0.9859375 0.0171875 0.034375
3 0.35 0.9828125 0.021875 0.0375
3 0.3171875 0.975 0.01875 0.0375
3 0.3015625 0.9703125 0.01875 0.0328125
3 0.3265625 0.896875 0.0203125 0.03125
3 0.309375 0.89375 0.0203125 0.0328125
3 0.29375 0.8875 0.0203125 0.0328125
3 0.59375 0.9453125 0.0234375 0.0359375
3 0.346875 0.65625 0.0359375 0.0328125
3 0.3640625 0.640625 0.03125 0.03125
3 0.85625 0.309375 0.0296875 0.03125
3 0.9140625 0.828125 0.034375 0.0265625
3 0.9734375 0.7734375 0.0375 0.0328125
3 0.8828125 0.4515625 0.0328125 0.0359375
3 0.81875 0.275 0.0359375 0.0359375
3 0.8328125 0.284375 0.0328125 0.0328125
3 0.86875 0.3171875 0.034375 0.0375
3 0.3828125 0.621875 0.034375 0.034375
3 0.8796875 0.3328125 0.034375 0.0359375
3 0.9046875 0.353125 0.0375 0.040625
3 0.53125 0.446875 0.040625 0.0375
3 0.3671875 0.5734375 0.0328125 0.0328125
3 0.353125 0.5875 0.0359375 0.0359375
3 0.3953125 0.6 0.034375 0.0328125
4 0.0015625 0.696875 0.0828125 0.04375
