8 0.428125 0.796875 0.028125 0.025
8 0.409375 0.7578125 0.0296875 0.028125
8 0.375 0.7125 0.05 0.046875
8 0.3234375 0.7359375 0.0515625 0.046875
8 0.3390625 0.79375 0.040625 0.03125
8 0.396875 0.8125 0.0390625 0.0328125
8 0.35625 0.8328125 0.0390625 0.03125
4 0.7078125 0.8609375 0.0234375 0.0171875
4 0.515625 0.8921875 0.01875 0.0296875
8 0.2109375 0.946875 0.0453125 0.040625
3 0.6390625 0.8484375 0.0109375 0.015625
3 0.996875 0.4609375 0.0140625 0.0203125
3 0.978125 0.73125 0.01875 0.0140625
3 0.4703125 0.90625 0.0125 0.015625
3 0.684375 0.8234375 0.00625 0.0140625
3 0.675 0.83125 0.0109375 0.0140625
3 0.66875 0.834375 0.0109375 0.0171875
3 0.65 0.8421875 0.0125 0.0171875
3 0.6296875 0.8515625 0.009375 0.015625
3 0.328125 0.9375 0.0140625 0.015625
3 0.140625 0.96875 0.01875 0.0140625
3 0.1484375 0.9828125 0.0203125 0.0125
3 0.15 0.9921875 0.0234375 0.015625
3 0.384375 0.9484375 0.0140625 0.009375
3 0.3890625 0.95625 0.0125 0.0125
3 0.0125 0.9765625 0.0140625 0.015625
