1 0.053125 0.9796875 0.065625 0.0765625
1 0.5828125 0.8390625 0.0546875 0.0625
1 0.28125 0.81875 0.0578125 0.065625
1 0.7546875 0.9734375 0.053125 0.0625
1 0.728125 0.953125 0.059375 0.06875
1 0.70625 0.9328125 0.053125 0.065625
1 0.68125 0.9140625 0.0546875 0.0640625
1 0.659375 0.8953125 0.0625 0.075
1 0.73125 0.8515625 0.05625 0.065625
1 0.6828125 0.8125 0.0640625 0.0703125
1 0.559375 0.81875 0.0609375 0.059375
1 0.6375 0.76875 0.059375 0.06875
1 0.6125 0.7515625 0.0609375 0.071875
1 0.5859375 0.734375 0.0609375 0.06875
1 0.534375 0.7953125 0.065625 0.0734375
1 0.5125 0.778125 0.0625 0.06875
1 0.4859375 0.75625 0.0609375 0.065625
1 0.5140625 0.678125 0.0609375 0.0671875
1 0.440625 0.7171875 0.0453125 0.05625
1 0.4125 0.703125 0.0609375 0.06875
1 0.2328125 0.878125 0.05625 0.059375
1 0.3328125 0.859375 0.053125 0.0640625
1 0.3046875 0.9453125 0.0671875 0.0734375
1 0.3609375 0.878125 0.06875 0.0703125
1 0.48125 0.98125 0.059375 0.06875
1 0.459375 0.9609375 0.0625 0.075
1 0.4328125 0.9375 0.0640625 0.078125
1 0.3296875 0.965625 0.059375 0.0671875
2 0.9484375 0.4734375 0.7046875 0.6140625
2 0.8234375 0.66875 0.7 0.625
2 0.7921875 0.9515625 0.9375 0.79375
2 0.4125 0.98125 0.75625 0.659375
3 0.0625 0.1890625 0.0296875 0.0359375
1 0.3421875 0.6484375 0.0625 0.075
1 0.4640625 0.64375 0.05 0.0578125
1 0.4390625 0.61875 0.05625 0.0640625
1 0.86875 0.0984375 0.046875 0.053125
1 0.98125 0.190625 0.0484375 0.053125
1 0.9421875 0.240625 0.0453125 0.05625
1 0.921875 0.228125 0.046875 0.0578125
1 0.9 0.2125 0.0453125 0.0515625
1 0.9234375 0.1453125 0.0421875 0.053125
1 0.84375 0.165625 0.05 0.053125
1 0.9046875 0.1265625 0.05 0.05
1 0.884375 0.115625 0.0453125 0.0484375
1 0.7859375 0.11875 0.034375 0.040625
1 0.76875 0.1015625 0.046875 0.0515625
1 0.7484375 0.0921875 0.0390625 0.0484375
1 0.8078125 0.053125 0.0453125 0.053125
1 0.8265625 0.06875 0.0421875 0.0484375
1 0.940625 0.0 0.040625 0.05
1 0.959375 0.0140625 0.0421875 0.046875
1 0.9953125 0.2890625 0.0546875 0.0671875
1 0.9578125 0.2578125 0.0484375 0.053125
1 0.8171875 0.7203125 0.0484375 0.059375
1 0.7421875 0.896875 0.0203125 0.0265625
1 0.0703125 0.75625 0.071875 0.0796875
1 0.096875 0.7734375 0.065625 0.06875
1 0.815625 0.3328125 0.05 0.0515625
1 0.6796875 0.3140625 0.0546875 0.059375
1 0.6546875 0.290625 0.05 0.0609375
1 0.6140625 0.25625 0.0546875 0.0609375
1 0.6625 0.1984375 0.0578125 0.06875
1 0.68125 0.2265625 0.0515625 0.0546875
1 0.7015625 0.2390625 0.05625 0.0625
1 0.7265625 0.259375 0.0578125 0.0609375
1 0.771875 0.29375 0.05 0.05
1 0.7890625 0.3078125 0.053125 0.0546875
1 0.8984375 0.9890625 0.0609375 0.065625
1 0.6984375 0.33125 0.0453125 0.05625
1 0.7421875 0.3671875 0.05 0.0609375
1 0.765625 0.3875 0.05 0.0609375
1 0.7890625 0.403125 0.04375 0.053125
1 0.7953125 0.7015625 0.0484375 0.0578125
1 0.7234375 0.64375 0.0484375 0.0609375
1 0.75 0.571875 0.0515625 0.059375
1 0.81875 0.621875 0.059375 0.06875
1 0.65625 0.590625 0.053125 0.0578125
1 0.63125 0.5671875 0.0546875 0.059375
1 0.7046875 0.53125 0.053125 0.0609375
1 0.7296875 0.5453125 0.0578125 0.0703125
1 0.678125 0.509375 0.0546875 0.0640625
1 0.65625 0.49375 0.053125 0.0609375
1 0.609375 0.5515625 0.0578125 0.0703125
1 0.584375 0.5296875 0.0484375 0.0609375
1 0.609375 0.4546875 0.05 0.0640625
1 0.56875 0.5109375 0.046875 0.0546875
1 0.540625 0.49375 0.0546875 0.0625
1 0.5640625 0.425 0.046875 0.053125
1 0.5140625 0.4796875 0.0625 0.071875
1 0.4953125 0.45625 0.059375 0.0625
1 0.54375 0.396875 0.0625 0.06875
1 0.875 0.965625 0.0578125 0.065625
1 0.8625 0.6609375 0.059375 0.0640625
1 0.990625 0.56875 0.0515625 0.0609375
1 0.965625 0.54375 0.0546875 0.059375
1 0.921875 0.5140625 0.046875 0.053125
1 0.9671875 0.45625 0.05 0.0578125
1 0.9015625 0.4953125 0.0515625 0.0546875
1 0.946875 0.4390625 0.046875 0.0546875
1 0.8703125 0.4828125 0.053125 0.0578125
1 0.853125 0.4625 0.0515625 0.0609375
1 0.83125 0.4390625 0.05625 0.0703125
1 0.8546875 0.3671875 0.053125 0.0578125
1 0.834375 0.3453125 0.05625 0.0625
1 0.840625 0.6421875 0.046875 0.0609375
1 0.8390625 0.740625 0.053125 0.0578125
1 0.9765625 0.853125 0.0515625 0.0609375
1 0.93125 0.8171875 0.0546875 0.0640625
1 0.996875 0.7765625 0.0484375 0.0515625
1 0.95625 0.7390625 0.059375 0.065625
1 0.9296875 0.71875 0.05625 0.0625
