4 0.9546875 0.4109375 0.071875 0.028125
4 0.7703125 0.928125 0.0375 0.06875
4 0.7875 0.909375 0.0375 0.06875
4 0.8015625 0.890625 0.040625 0.0671875
4 0.8171875 0.8734375 0.04375 0.0671875
4 0.8296875 0.8546875 0.0421875 0.065625
4 0.846875 0.8421875 0.0453125 0.065625
4 0.8625 0.825 0.0453125 0.071875
4 0.8796875 0.809375 0.040625 0.065625
4 0.9015625 0.709375 0.06875 0.0265625
4 0.90625 0.684375 0.0703125 0.0234375
4 0.9109375 0.64375 0.0671875 0.025
4 0.9390625 0.540625 0.06875 0.028125
4 0.9375 0.5171875 0.06875 0.025
4 0.940625 0.496875 0.06875 0.0265625
4 0.9453125 0.4765625 0.0703125 0.0265625
4 0.7546875 0.94375 0.0421875 0.0703125
4 0.740625 0.959375 0.0421875 0.06875
4 0.725 0.9765625 0.0421875 0.0703125
4 0.8453125 0.29375 0.028125 0.059375
4 0.9171875 0.6234375 0.071875 0.028125
4 0.7078125 0.9921875 0.0421875 0.0640625
4 0.925 0.5796875 0.0703125 0.0296875
4 0.634375 0.228125 0.0296875 0.06875
4 0.565625 0.2171875 0.0296875 0.0671875
4 0.3671875 0.35625 0.0703125 0.0453125
4 0.7453125 0.25625 0.0328125 0.071875
4 0.9515625 0.4359375 0.071875 0.028125
4 0.959375 0.3890625 0.0625 0.028125
4 0.9671875 0.36875 0.06875 0.0328125
4 0.2625 0.4640625 0.084375 0.0421875
4 0.2265625 0.4984375 0.0859375 0.04375
4 0.2078125 0.515625 0.0875 0.0484375
4 0.19375 0.5328125 0.0828125 0.04375
4 0.178125 0.5515625 0.08125 0.04375
4 0.1609375 0.571875 0.084375 0.040625
4 0.1453125 0.5890625 0.0796875 0.04375
4 0.0765625 0.6609375 0.0859375 0.0453125
4 0.0578125 0.6796875 0.08125 0.040625
4 0.025 0.7125 0.0765625 0.040625
4 0.278125 0.4453125 0.084375 0.0421875
4 0.296875 0.428125 0.0828125 0.0453125
4 0.328125 0.390625 0.0828125 0.0421875
4 0.7671875 0.2609375 0.0359375 0.06875
4 0.934375 0.2875 0.03125 0.0671875
4 0.9140625 0.2875 0.028125 0.0671875
4 0.890625 0.2890625 0.034375 0.075
4 0.821875 0.284375 0.0328125 0.0625
4 0.8046875 0.26875 0.0296875 0.0671875
4 0.7875 0.265625 0.0328125 0.065625
4 0.721875 0.2453125 0.03125 0.065625
4 0.3796875 0.3359375 0.0828125 0.0453125
4 0.6796875 0.240625 0.03125 0.0734375
4 0.6109375 0.2296875 0.03125 0.0765625
4 0.590625 0.2265625 0.0359375 0.0859375
4 0.0734375 0.9359375 0.0609375 0.053125
4 0.1203125 0.909375 0.0765625 0.0703125
3 0.5375 0.4921875 0.03125 0.0328125
3 0.6453125 0.59375 0.0328125 0.0375
3 0.6328125 0.5828125 0.0328125 0.0359375
3 0.6015625 0.55 0.0328125 0.040625
3 0.5875 0.5375 0.034375 0.0359375
3 0.5609375 0.51875 0.028125 0.03125
4 0.0671875 0.9640625 0.046875 0.0515625
3 0.1625 0.8140625 0.0421875 0.0421875
3 0.1828125 0.8703125 0.0359375 0.0328125
3 0.2 0.8546875 0.03125 0.03125
3 0.6921875 0.5234375 0.0296875 0.03125
3 0.809375 0.9875 0.0375 0.0328125
3 0.71875 0.665625 0.0328125 0.0359375
3 0.6546875 0.4890625 0.0359375 0.0359375
3 0.66875 0.4984375 0.0328125 0.0328125
3 0.7046875 0.53125 0.034375 0.0375
3 0.21875 0.8359375 0.034375 0.034375
3 0.715625 0.546875 0.034375 0.0359375
3 0.740625 0.5671875 0.0375 0.040625
3 0.3671875 0.6609375 0.040625 0.0375
3 0.203125 0.7875 0.0328125 0.0328125
3 0.1890625 0.8015625 0.0359375 0.0359375
3 0.23125 0.8140625 0.034375 0.0328125
