4 0.9390625 0.4203125 0.071875 0.028125
4 0.7546875 0.9375 0.0375 0.06875
4 0.771875 0.91875 0.0375 0.06875
4 0.7859375 0.9 0.040625 0.0671875
4 0.8015625 0.8828125 0.04375 0.0671875
4 0.8140625 0.8640625 0.0421875 0.065625
4 0.83125 0.8515625 0.0453125 0.065625
4 0.846875 0.834375 0.0453125 0.071875
4 0.8640625 0.81875 0.040625 0.065625
4 0.8859375 0.71875 0.06875 0.0265625
4 0.890625 0.69375 0.0703125 0.0234375
4 0.8953125 0.653125 0.0671875 0.025
4 0.9234375 0.55 0.06875 0.028125
4 0.921875 0.5265625 0.06875 0.025
4 0.925 0.50625 0.06875 0.0265625
4 0.9296875 0.4859375 0.0703125 0.0265625
4 0.7390625 0.953125 0.0421875 0.0703125
4 0.725 0.96875 0.0421875 0.06875
4 0.709375 0.9859375 0.0421875 0.0703125
4 0.8296875 0.303125 0.028125 0.059375
4 0.9015625 0.6328125 0.071875 0.028125
4 0.909375 0.5890625 0.0703125 0.0296875
4 0.61875 0.2375 0.0296875 0.06875
4 0.55 0.2265625 0.0296875 0.0671875
4 0.3515625 0.365625 0.0703125 0.0453125
4 0.7296875 0.265625 0.0328125 0.071875
4 0.9359375 0.4453125 0.071875 0.028125
4 0.94375 0.3984375 0.0625 0.028125
4 0.9515625 0.378125 0.06875 0.0328125
4 0.246875 0.4734375 0.084375 0.0421875
4 0.2109375 0.5078125 0.0859375 0.04375
4 0.1921875 0.525 0.0875 0.0484375
4 0.178125 0.5421875 0.0828125 0.04375
4 0.1625 0.5609375 0.08125 0.04375
4 0.1453125 0.58125 0.084375 0.040625
4 0.1296875 0.5984375 0.0796875 0.04375
4 0.0609375 0.6703125 0.0859375 0.0453125
4 0.0421875 0.6890625 0.08125 0.040625
4 0.009375 0.721875 0.0765625 0.040625
4 0.2625 0.4546875 0.084375 0.0421875
4 0.28125 0.4375 0.0828125 0.0453125
4 0.3125 0.4 0.0828125 0.0421875
4 0.7515625 0.2703125 0.0359375 0.06875
4 0.91875 0.296875 0.03125 0.0671875
4 0.8984375 0.296875 0.028125 0.0671875
4 0.875 0.2984375 0.034375 0.075
4 0.80625 0.29375 0.0328125 0.0625
4 0.7890625 0.278125 0.0296875 0.0671875
4 0.771875 0.275 0.0328125 0.065625
4 0.70625 0.2546875 0.03125 0.065625
4 0.3640625 0.3453125 0.0828125 0.0453125
4 0.6640625 0.25 0.03125 0.0734375
4 0.5953125 0.2390625 0.03125 0.0765625
4 0.575 0.2359375 0.0359375 0.0859375
4 0.0578125 0.9453125 0.0609375 0.053125
4 0.1046875 0.91875 0.0765625 0.0703125
3 0.521875 0.5015625 0.03125 0.0328125
3 0.6296875 0.603125 0.0328125 0.0375
3 0.6171875 0.5921875 0.0328125 0.0359375
3 0.5859375 0.559375 0.0328125 0.040625
3 0.571875 0.546875 0.034375 0.0359375
3 0.5453125 0.528125 0.028125 0.03125
4 0.0515625 0.9734375 0.046875 0.0515625
3 0.146875 0.8234375 0.0421875 0.0421875
3 0.1671875 0.8796875 0.0359375 0.0328125
3 0.184375 0.8640625 0.03125 0.03125
3 0.6765625 0.5328125 0.0296875 0.03125
3 0.79375 0.996875 0.0375 0.0328125
3 0.703125 0.675 0.0328125 0.0359375
3 0.6390625 0.4984375 0.0359375 0.0359375
3 0.653125 0.5078125 0.0328125 0.0328125
3 0.6890625 0.540625 0.034375 0.0375
3 0.203125 0.8453125 0.034375 0.034375
3 0.7 0.55625 0.034375 0.0359375
3 0.725 0.5765625 0.0375 0.040625
3 0.3515625 0.6703125 0.040625 0.0375
3 0.1875 0.796875 0.0328125 0.0328125
3 0.1734375 0.8109375 0.0359375 0.0359375
3 0.215625 0.8234375 0.034375 0.0328125
