3 0.2046875 0.021875 0.0328125 0.0328125
4 0.821875 0.509375 0.071875 0.028125
4 0.66875 0.9890625 0.040625 0.0671875
4 0.684375 0.971875 0.04375 0.0671875
4 0.696875 0.953125 0.0421875 0.065625
4 0.7140625 0.940625 0.0453125 0.065625
4 0.7296875 0.9234375 0.0453125 0.071875
4 0.746875 0.9078125 0.040625 0.065625
4 0.76875 0.8078125 0.06875 0.0265625
4 0.7734375 0.7828125 0.0703125 0.0234375
4 0.778125 0.7421875 0.0671875 0.025
4 0.80625 0.6390625 0.06875 0.028125
4 0.8046875 0.615625 0.06875 0.025
4 0.8078125 0.5953125 0.06875 0.0265625
4 0.8125 0.575 0.0703125 0.0265625
4 0.7125 0.3921875 0.028125 0.059375
4 0.2484375 0.0078125 0.0703125 0.059375
4 0.2390625 0.025 0.065625 0.0625
4 0.196875 0.040625 0.065625 0.0609375
4 0.784375 0.721875 0.071875 0.028125
4 0.7921875 0.678125 0.0703125 0.0296875
4 0.5015625 0.3265625 0.0296875 0.06875
4 0.4328125 0.315625 0.0296875 0.0671875
4 0.234375 0.4546875 0.0703125 0.0453125
4 0.6125 0.3546875 0.0328125 0.071875
4 0.81875 0.534375 0.071875 0.028125
4 0.8265625 0.4875 0.0625 0.028125
4 0.834375 0.4671875 0.06875 0.0328125
4 0.1296875 0.5625 0.084375 0.0421875
4 0.09375 0.596875 0.0859375 0.04375
4 0.075 0.6140625 0.0875 0.0484375
4 0.0609375 0.63125 0.0828125 0.04375
4 0.0453125 0.65 0.08125 0.04375
4 0.028125 0.6703125 0.084375 0.040625
4 0.0125 0.6875 0.0796875 0.04375
4 0.1453125 0.54375 0.084375 0.0421875
4 0.1640625 0.5265625 0.0828125 0.0453125
4 0.1953125 0.4890625 0.0828125 0.0421875
4 0.634375 0.359375 0.0359375 0.06875
4 0.8015625 0.3859375 0.03125 0.0671875
4 0.78125 0.3859375 0.028125 0.0671875
4 0.7578125 0.3875 0.034375 0.075
4 0.6890625 0.3828125 0.0328125 0.0625
4 0.671875 0.3671875 0.0296875 0.0671875
4 0.6546875 0.3640625 0.0328125 0.065625
4 0.5890625 0.34375 0.03125 0.065625
4 0.246875 0.434375 0.0828125 0.0453125
4 0.546875 0.3390625 0.03125 0.0734375
4 0.478125 0.328125 0.03125 0.0765625
4 0.4578125 0.325 0.0359375 0.0859375
1 0.16875 0.0484375 0.0515625 0.05
1 0.1640625 0.0734375 0.05 0.0453125
3 0.4046875 0.590625 0.03125 0.0328125
3 0.5125 0.6921875 0.0328125 0.0375
3 0.5 0.68125 0.0328125 0.0359375
3 0.46875 0.6484375 0.0328125 0.040625
3 0.4546875 0.6359375 0.034375 0.0359375
3 0.428125 0.6171875 0.028125 0.03125
1 0.125 0.040625 0.0484375 0.046875
3 0.0296875 0.9125 0.0421875 0.0421875
3 0.05 0.96875 0.0359375 0.0328125
3 0.0671875 0.953125 0.03125 0.03125
3 0.559375 0.621875 0.0296875 0.03125
3 0.5859375 0.7640625 0.0328125 0.0359375
3 0.521875 0.5875 0.0359375 0.0359375
3 0.5359375 0.596875 0.0328125 0.0328125
3 0.571875 0.6296875 0.034375 0.0375
3 0.0859375 0.934375 0.034375 0.034375
3 0.5828125 0.6453125 0.034375 0.0359375
3 0.6078125 0.665625 0.0375 0.040625
3 0.234375 0.759375 0.040625 0.0375
3 0.0703125 0.8859375 0.0328125 0.0328125
3 0.05625 0.9 0.0359375 0.0359375
3 0.0984375 0.9125 0.034375 0.0328125
