4 0.9640625 0.2875 0.071875 0.028125
4 0.7796875 0.8046875 0.0375 0.06875
4 0.796875 0.7859375 0.0375 0.06875
4 0.8109375 0.7671875 0.040625 0.0671875
4 0.8265625 0.75 0.04375 0.0671875
4 0.8390625 0.73125 0.0421875 0.065625
4 0.85625 0.71875 0.0453125 0.065625
4 0.871875 0.7015625 0.0453125 0.071875
4 0.8890625 0.6859375 0.040625 0.065625
4 0.9109375 0.5859375 0.06875 0.0265625
4 0.915625 0.5609375 0.0703125 0.0234375
4 0.9203125 0.5203125 0.0671875 0.025
4 0.9484375 0.4171875 0.06875 0.028125
4 0.946875 0.39375 0.06875 0.025
4 0.95 0.3734375 0.06875 0.0265625
4 0.9546875 0.353125 0.0703125 0.0265625
4 0.7640625 0.8203125 0.0421875 0.0703125
4 0.75 0.8359375 0.0421875 0.06875
4 0.734375 0.853125 0.0421875 0.0703125
4 0.8546875 0.1703125 0.028125 0.059375
4 0.9265625 0.5 0.071875 0.028125
4 0.7171875 0.86875 0.0421875 0.0640625
4 0.934375 0.45625 0.0703125 0.0296875
4 0.64375 0.1046875 0.0296875 0.06875
4 0.575 0.09375 0.0296875 0.0671875
4 0.3765625 0.2328125 0.0703125 0.0453125
4 0.7546875 0.1328125 0.0328125 0.071875
4 0.6984375 0.8859375 0.040625 0.06875
4 0.9609375 0.3125 0.071875 0.028125
4 0.96875 0.265625 0.0625 0.028125
4 0.9765625 0.2453125 0.06875 0.0328125
4 0.271875 0.340625 0.084375 0.0421875
4 0.2359375 0.375 0.0859375 0.04375
4 0.2171875 0.3921875 0.0875 0.0484375
4 0.203125 0.409375 0.0828125 0.04375
4 0.1875 0.428125 0.08125 0.04375
4 0.1703125 0.4484375 0.084375 0.040625
4 0.1546875 0.465625 0.0796875 0.04375
4 0.0859375 0.5375 0.0859375 0.0453125
4 0.0671875 0.55625 0.08125 0.040625
4 0.034375 0.5890625 0.0765625 0.040625
4 0.2875 0.321875 0.084375 0.0421875
4 0.30625 0.3046875 0.0828125 0.0453125
4 0.3375 0.2671875 0.0828125 0.0421875
4 0.7765625 0.1375 0.0359375 0.06875
4 0.94375 0.1640625 0.03125 0.0671875
4 0.9234375 0.1640625 0.028125 0.0671875
4 0.9 0.165625 0.034375 0.075
4 0.83125 0.1609375 0.0328125 0.0625
4 0.8140625 0.1453125 0.0296875 0.0671875
4 0.796875 0.1421875 0.0328125 0.065625
4 0.73125 0.121875 0.03125 0.065625
4 0.3890625 0.2125 0.0828125 0.0453125
4 0.6890625 0.1171875 0.03125 0.0734375
4 0.6203125 0.10625 0.03125 0.0765625
4 0.6 0.103125 0.0359375 0.0859375
4 0.0828125 0.8125 0.0609375 0.053125
4 0.1296875 0.7859375 0.0765625 0.0703125
3 0.078125 0.9671875 0.021875 0.0375
3 0.7375 0.9453125 0.0296875 0.0296875
3 0.59375 0.971875 0.0296875 0.0328125
3 0.603125 0.984375 0.0234375 0.0265625
3 0.615625 0.99375 0.0296875 0.03125
3 0.546875 0.36875 0.03125 0.0328125
3 0.6546875 0.4703125 0.0328125 0.0375
3 0.6421875 0.459375 0.0328125 0.0359375
3 0.6109375 0.4265625 0.0328125 0.040625
3 0.596875 0.4140625 0.034375 0.0359375
3 0.5703125 0.3953125 0.028125 0.03125
4 0.0171875 0.91875 0.0484375 0.0484375
4 0.03125 0.90625 0.046875 0.05
4 0.0765625 0.840625 0.046875 0.0515625
3 0.171875 0.690625 0.0421875 0.0421875
3 0.7234375 0.9578125 0.0328125 0.0328125
3 0.8015625 0.9859375 0.0265625 0.0265625
3 0.1265625 0.9734375 0.021875 0.0359375
3 0.815625 0.9734375 0.034375 0.03125
3 0.221875 0.99375 0.01875 0.0296875
3 0.203125 0.9890625 0.0234375 0.0328125
3 0.1890625 0.9859375 0.0203125 0.03125
3 0.171875 0.9875 0.0203125 0.03125
3 0.1546875 0.984375 0.0203125 0.0328125
3 0.1390625 0.978125 0.0203125 0.0328125
3 0.1921875 0.746875 0.0359375 0.0328125
3 0.209375 0.73125 0.03125 0.03125
3 0.7015625 0.4 0.0296875 0.03125
3 0.759375 0.91875 0.034375 0.0265625
3 0.81875 0.8640625 0.0375 0.0328125
3 0.8734375 0.915625 0.034375 0.028125
3 0.728125 0.5421875 0.0328125 0.0359375
3 0.6640625 0.365625 0.0359375 0.0359375
3 0.678125 0.375 0.0328125 0.0328125
3 0.7140625 0.4078125 0.034375 0.0375
3 0.228125 0.7125 0.034375 0.034375
3 0.725 0.4234375 0.034375 0.0359375
3 0.75 0.44375 0.0375 0.040625
3 0.3765625 0.5375 0.040625 0.0375
3 0.2125 0.6640625 0.0328125 0.0328125
3 0.1984375 0.678125 0.0359375 0.0359375
3 0.240625 0.690625 0.034375 0.0328125
