0 0.053125 0.2890625 0.06875 0.0734375
0 0.0203125 0.26875 0.065625 0.0703125
0 0.025 0.15625 0.059375 0.0734375
0 0.10625 0.2265625 0.059375 0.071875
0 0.153125 0.3828125 0.078125 0.0828125
0 0.2859375 0.4890625 0.0546875 0.0671875
0 0.39375 0.4671875 0.0703125 0.075
0 0.3703125 0.440625 0.0734375 0.0796875
0 0.34375 0.4140625 0.0625 0.071875
0 0.321875 0.39375 0.0609375 0.0703125
0 0.2953125 0.3734375 0.071875 0.0828125
0 0.23125 0.44375 0.0625 0.06875
0 0.265625 0.35625 0.0625 0.071875
0 0.1796875 0.4 0.06875 0.0796875
0 0.0734375 0.3171875 0.065625 0.075
0 0.0984375 0.3421875 0.0671875 0.06875
0 0.0203125 0.5921875 0.1046875 0.09375
0 0.2359375 0.3359375 0.065625 0.0671875
0 0.2109375 0.315625 0.0625 0.0671875
0 0.721875 0.1453125 0.0625 0.0609375
0 0.675 0.10625 0.053125 0.0625
0 0.6484375 0.0859375 0.059375 0.06875
0 0.6265625 0.065625 0.053125 0.065625
0 0.6015625 0.046875 0.0546875 0.0640625
0 0.5796875 0.028125 0.0625 0.075
0 0.125 0.3625 0.0625 0.0734375
0 0.153125 0.0109375 0.05625 0.059375
0 0.225 0.078125 0.0671875 0.0734375
0 0.28125 0.0109375 0.06875 0.0703125
0 0.6453125 0.3921875 0.0734375 0.0828125
0 0.615625 0.3765625 0.0671875 0.071875
0 0.6453125 0.296875 0.08125 0.071875
0 0.5203125 0.284375 0.0671875 0.078125
0 0.46875 0.2859375 0.078125 0.084375
0 0.5265625 0.2140625 0.0703125 0.0765625
0 0.4234375 0.2421875 0.0546875 0.065625
0 0.5 0.1953125 0.0609375 0.0796875
0 0.478125 0.1765625 0.0609375 0.0671875
0 0.39375 0.225 0.078125 0.084375
0 0.45 0.1546875 0.06875 0.071875
0 0.3671875 0.2015625 0.065625 0.0765625
0 0.3484375 0.1796875 0.0703125 0.0734375
0 0.4015625 0.1140625 0.059375 0.06875
0 0.3265625 0.159375 0.0640625 0.0671875
0 0.3796875 0.09375 0.0625 0.075
0 0.353125 0.0703125 0.0640625 0.078125
0 0.2984375 0.1359375 0.065625 0.071875
0 0.25 0.0984375 0.059375 0.0671875
0 0.13125 0.25 0.065625 0.0703125
0 0.940625 0.3078125 0.0234375 0.0234375
0 0.6625 0.0296875 0.0203125 0.0265625
0 0.975 0.265625 0.0703125 0.075
0 0.925 0.2484375 0.071875 0.0828125
0 0.9171875 0.196875 0.059375 0.06875
0 0.8921875 0.1734375 0.053125 0.0625
0 0.8171875 0.221875 0.05625 0.065625
0 0.8671875 0.159375 0.0515625 0.0609375
0 0.790625 0.2046875 0.0609375 0.0703125
0 0.7671875 0.18125 0.0609375 0.0671875
0 0.81875 0.121875 0.0609375 0.065625
0 0.7953125 0.0984375 0.0578125 0.065625
0 0.74375 0.1609375 0.05625 0.0640625
0 0.965625 0.0421875 0.0546875 0.059375
0 0.94375 0.025 0.0484375 0.0578125
