3 0.5234375 0.8171875 0.0296875 0.0296875
3 0.3609375 0.896875 0.0296875 0.0296875
3 0.440625 0.9234375 0.0328125 0.0328125
3 0.453125 0.9109375 0.03125 0.03125
3 0.471875 0.884375 0.0390625 0.0359375
3 0.49375 0.8609375 0.0359375 0.0328125
3 0.4328125 0.809375 0.028125 0.0296875
3 0.3328125 0.796875 0.03125 0.034375
3 0.50625 0.84375 0.0296875 0.028125
3 0.5171875 0.8328125 0.0296875 0.0296875
3 0.465625 0.7703125 0.028125 0.028125
3 0.809375 0.6890625 0.0296875 0.0328125
3 0.546875 0.7953125 0.0296875 0.0296875
3 0.4734375 0.6296875 0.03125 0.0359375
3 0.5484375 0.6671875 0.03125 0.0296875
3 0.609375 0.7203125 0.03125 0.0296875
3 0.746875 0.775 0.03125 0.034375
3 0.728125 0.7578125 0.028125 0.034375
3 0.715625 0.7453125 0.0265625 0.0328125
3 0.7046875 0.7359375 0.0296875 0.034375
3 0.690625 0.728125 0.028125 0.03125
3 0.3484375 0.9078125 0.0296875 0.03125
3 0.3375 0.921875 0.028125 0.028125
3 0.4109375 0.95625 0.03125 0.0296875
3 0.328125 0.9359375 0.0265625 0.0265625
3 0.271875 0.9984375 0.03125 0.0328125
3 0.284375 0.9890625 0.0296875 0.03125
3 0.3765625 0.996875 0.03125 0.0328125
3 0.3984375 0.9765625 0.034375 0.0328125
3 0.2984375 0.9734375 0.03125 0.0296875
3 0.30625 0.959375 0.0296875 0.028125
3 0.3171875 0.946875 0.03125 0.0296875
3 0.66875 0.703125 0.028125 0.0328125
3 0.8734375 0.734375 0.0296875 0.0359375
3 0.7984375 0.6734375 0.0328125 0.0375
3 0.7625 0.6453125 0.0328125 0.03125
3 0.7375 0.6265625 0.034375 0.034375
3 0.7515625 0.5796875 0.0328125 0.0328125
3 0.778125 0.55625 0.0296875 0.0328125
3 0.815625 0.5203125 0.0296875 0.03125
3 0.74375 0.4796875 0.03125 0.034375
3 0.8515625 0.4890625 0.028125 0.034375
3 0.875 0.465625 0.0328125 0.0328125
3 0.8296875 0.4015625 0.0328125 0.03125
3 0.896875 0.434375 0.034375 0.0375
3 0.921875 0.4203125 0.0375 0.0390625
3 0.946875 0.396875 0.0296875 0.0296875
3 0.878125 0.353125 0.028125 0.03125
3 0.9015625 0.328125 0.03125 0.03125
3 0.99375 0.240625 0.03125 0.0328125
3 0.78125 0.20625 0.0328125 0.0375
3 0.61875 0.365625 0.03125 0.0328125
3 0.6515625 0.34375 0.025 0.0328125
3 0.171875 0.3296875 0.0296875 0.03125
3 0.9671875 0.1578125 0.03125 0.034375
3 0.6703125 0.4265625 0.040625 0.0390625
