0 0.515625 0.959375 0.0609375 0.0671875
0 0.4421875 0.9984375 0.0453125 0.05625
0 0.4140625 0.984375 0.0609375 0.06875
0 0.34375 0.9296875 0.0625 0.075
0 0.465625 0.925 0.05 0.0578125
0 0.440625 0.9 0.05625 0.0640625
0 0.8703125 0.3796875 0.046875 0.053125
0 0.9828125 0.471875 0.0484375 0.053125
0 0.94375 0.521875 0.0453125 0.05625
0 0.9234375 0.509375 0.046875 0.0578125
0 0.9015625 0.49375 0.0453125 0.0515625
0 0.925 0.4265625 0.0421875 0.053125
0 0.8453125 0.446875 0.05 0.053125
0 0.90625 0.4078125 0.05 0.05
0 0.8859375 0.396875 0.0453125 0.0484375
0 0.7875 0.4 0.034375 0.040625
0 0.7703125 0.3828125 0.046875 0.0515625
0 0.75 0.3734375 0.0390625 0.0484375
0 0.809375 0.334375 0.0453125 0.053125
0 0.828125 0.35 0.0421875 0.0484375
0 0.86875 0.225 0.04375 0.046875
0 0.9390625 0.209375 0.0375 0.040625
0 0.903125 0.253125 0.0421875 0.046875
0 0.9421875 0.28125 0.040625 0.05
0 0.9609375 0.2953125 0.0421875 0.046875
0 0.996875 0.5703125 0.0546875 0.0671875
0 0.959375 0.5390625 0.0484375 0.053125
0 0.8171875 0.6140625 0.05 0.0515625
0 0.68125 0.5953125 0.0546875 0.059375
0 0.65625 0.571875 0.05 0.0609375
0 0.615625 0.5375 0.0546875 0.0609375
0 0.6640625 0.4796875 0.0578125 0.06875
0 0.6828125 0.5078125 0.0515625 0.0546875
0 0.703125 0.5203125 0.05625 0.0625
0 0.728125 0.540625 0.0578125 0.0609375
0 0.7734375 0.575 0.05 0.05
0 0.790625 0.5890625 0.053125 0.0546875
0 0.7 0.6125 0.0453125 0.05625
0 0.74375 0.6484375 0.05 0.0609375
0 0.7671875 0.66875 0.05 0.0609375
0 0.790625 0.684375 0.04375 0.053125
0 0.796875 0.9828125 0.0484375 0.0578125
0 0.725 0.925 0.0484375 0.0609375
0 0.7515625 0.853125 0.0515625 0.059375
0 0.8203125 0.903125 0.059375 0.06875
0 0.6578125 0.871875 0.053125 0.0578125
0 0.6328125 0.8484375 0.0546875 0.059375
0 0.70625 0.8125 0.053125 0.0609375
0 0.73125 0.8265625 0.0578125 0.0703125
0 0.6796875 0.790625 0.0546875 0.0640625
0 0.6578125 0.775 0.053125 0.0609375
0 0.6109375 0.8328125 0.0578125 0.0703125
0 0.5859375 0.8109375 0.0484375 0.0609375
0 0.6109375 0.7359375 0.05 0.0640625
0 0.5703125 0.7921875 0.046875 0.0546875
0 0.5421875 0.775 0.0546875 0.0625
0 0.565625 0.70625 0.046875 0.053125
0 0.515625 0.7609375 0.0625 0.071875
0 0.496875 0.7375 0.059375 0.0625
0 0.5453125 0.678125 0.0625 0.06875
0 0.8640625 0.9421875 0.059375 0.0640625
0 0.9921875 0.85 0.0515625 0.0609375
0 0.9671875 0.825 0.0546875 0.059375
0 0.9234375 0.7953125 0.046875 0.053125
0 0.96875 0.7375 0.05 0.0578125
0 0.903125 0.7765625 0.0515625 0.0546875
0 0.9484375 0.7203125 0.046875 0.0546875
0 0.871875 0.7640625 0.053125 0.0578125
0 0.8546875 0.74375 0.0515625 0.0609375
0 0.8328125 0.7203125 0.05625 0.0703125
0 0.85625 0.6484375 0.053125 0.0578125
0 0.8359375 0.6265625 0.05625 0.0625
0 0.8421875 0.9234375 0.046875 0.0609375
