0 0.828125 0.8796875 0.0625 0.075
0 0.825 0.9875 0.06875 0.0734375
0 0.7921875 0.9671875 0.065625 0.0703125
0 0.7390625 0.928125 0.0578125 0.06875
0 0.6921875 0.8765625 0.0640625 0.075
0 0.66875 0.8578125 0.0625 0.071875
0 0.6109375 0.8203125 0.0734375 0.0859375
0 0.66875 0.75 0.059375 0.0671875
0 0.7453125 0.8109375 0.065625 0.0765625
0 0.796875 0.8546875 0.059375 0.0734375
0 0.878125 0.925 0.059375 0.071875
0 0.4484375 0.9578125 0.075 0.0828125
0 0.475 0.9828125 0.0796875 0.0875
0 0.9734375 0.65 0.0578125 0.065625
0 0.925 0.709375 0.05625 0.059375
0 0.996875 0.7765625 0.0671875 0.0734375
0 0.903125 0.9484375 0.065625 0.0703125
0 0.7625 0.5875 0.071875 0.0796875
0 0.7890625 0.6046875 0.065625 0.06875
