3 0.3765625 0.9703125 0.015625 0.00625
3 0.390625 0.96875 0.0140625 0.0078125
3 0.4046875 0.96875 0.015625 0.00625
3 0.421875 0.96875 0.0171875 0.0078125
3 0.4234375 0.9765625 0.015625 0.00625
3 0.6296875 0.784375 0.0171875 0.0171875
3 0.6421875 0.83125 0.015625 0.0078125
3 0.4859375 0.7109375 0.015625 0.0125
3 0.459375 0.7171875 0.0171875 0.0109375
3 0.4296875 0.74375 0.0140625 0.015625
3 0.428125 0.7328125 0.0171875 0.0140625
1 0.5125 0.6546875 0.0234375 0.0375
1 0.171875 0.628125 0.0109375 0.025
1 0.159375 0.640625 0.0140625 0.028125
1 0.1984375 0.596875 0.0265625 0.0921875
2 0.00625 0.503125 0.2953125 1.05625
3 0.1109375 0.6984375 0.0109375 0.021875
3 0.1640625 0.6984375 0.009375 0.01875
4 0.046875 0.621875 0.046875 0.0109375
4 0.034375 0.65 0.040625 0.009375
4 0.0359375 0.659375 0.0421875 0.009375
4 0.0484375 0.671875 0.0453125 0.0125
4 0.0484375 0.68125 0.04375 0.0109375
4 0.0390625 0.6921875 0.0359375 0.0078125
4 0.05 0.7203125 0.0375 0.009375
4 0.0484375 0.740625 0.0390625 0.009375
4 0.05 0.7484375 0.0390625 0.009375
4 0.0515625 0.759375 0.0375 0.0125
4 0.0484375 0.7953125 0.0421875 0.0078125
4 0.05 0.8140625 0.0390625 0.009375
4 0.05 0.8234375 0.040625 0.009375
3 0.1953125 0.7875 0.0203125 0.0125
3 0.3578125 0.9703125 0.01875 0.00625
3 0.40625 0.9765625 0.0140625 0.00625
3 0.3921875 0.975 0.015625 0.0078125
3 0.3765625 0.9765625 0.01875 0.0046875
3 0.525 0.996875 0.015625 0.0078125
3 0.509375 0.9984375 0.015625 0.0078125
3 0.4921875 0.996875 0.015625 0.0078125
3 0.3421875 0.9796875 0.015625 0.00625
3 0.3578125 0.978125 0.0171875 0.0078125
1 0.5046875 0.48125 0.0390625 0.046875
