3 0.2609375 0.8265625 0.0296875 0.0296875
3 0.0984375 0.90625 0.0296875 0.0296875
3 0.178125 0.9328125 0.0328125 0.0328125
3 0.190625 0.9203125 0.03125 0.03125
3 0.209375 0.89375 0.0390625 0.0359375
3 0.23125 0.8703125 0.0359375 0.0328125
3 0.1703125 0.81875 0.028125 0.0296875
3 0.0703125 0.80625 0.03125 0.034375
3 0.24375 0.853125 0.0296875 0.028125
3 0.2546875 0.8421875 0.0296875 0.0296875
3 0.203125 0.7796875 0.028125 0.028125
3 0.546875 0.6984375 0.0296875 0.0328125
3 0.284375 0.8046875 0.0296875 0.0296875
3 0.2109375 0.6390625 0.03125 0.0359375
3 0.2859375 0.6765625 0.03125 0.0296875
3 0.346875 0.7296875 0.03125 0.0296875
3 0.484375 0.784375 0.03125 0.034375
3 0.465625 0.7671875 0.028125 0.034375
3 0.453125 0.7546875 0.0265625 0.0328125
3 0.4421875 0.7453125 0.0296875 0.034375
3 0.428125 0.7375 0.028125 0.03125
3 0.0859375 0.9171875 0.0296875 0.03125
3 0.075 0.93125 0.028125 0.028125
3 0.1484375 0.965625 0.03125 0.0296875
3 0.065625 0.9453125 0.0265625 0.0265625
3 0.021875 0.9984375 0.0296875 0.03125
3 0.1359375 0.9859375 0.034375 0.0328125
3 0.0359375 0.9828125 0.03125 0.0296875
3 0.04375 0.96875 0.0296875 0.028125
3 0.0546875 0.95625 0.03125 0.0296875
3 0.40625 0.7125 0.028125 0.0328125
3 0.6109375 0.74375 0.0296875 0.0359375
3 0.5359375 0.6828125 0.0328125 0.0375
3 0.5 0.6546875 0.0328125 0.03125
3 0.475 0.6359375 0.034375 0.034375
3 0.4890625 0.5890625 0.0328125 0.0328125
3 0.515625 0.565625 0.0296875 0.0328125
3 0.553125 0.5296875 0.0296875 0.03125
3 0.48125 0.4890625 0.03125 0.034375
3 0.5890625 0.4984375 0.028125 0.034375
3 0.6125 0.475 0.0328125 0.0328125
3 0.5671875 0.4109375 0.0328125 0.03125
3 0.634375 0.44375 0.034375 0.0375
3 0.659375 0.4296875 0.0375 0.0390625
3 0.684375 0.40625 0.0296875 0.0296875
3 0.615625 0.3625 0.028125 0.03125
3 0.6390625 0.3375 0.03125 0.03125
3 0.7765625 0.3125 0.0328125 0.0359375
3 0.73125 0.25 0.03125 0.0328125
3 0.51875 0.215625 0.0328125 0.0375
3 0.35625 0.375 0.03125 0.0328125
3 0.3890625 0.353125 0.025 0.0328125
3 0.953125 0.1609375 0.03125 0.028125
3 0.7046875 0.1671875 0.03125 0.034375
3 0.790625 0.0859375 0.0359375 0.0390625
3 0.4078125 0.4359375 0.040625 0.0390625
