0 0.11875 0.8890625 0.0625 0.075
0 0.115625 0.996875 0.06875 0.0734375
0 0.0828125 0.9765625 0.065625 0.0703125
0 0.0296875 0.9375 0.0578125 0.06875
0 0.0359375 0.8203125 0.065625 0.0765625
0 0.0875 0.8640625 0.059375 0.0734375
0 0.16875 0.934375 0.059375 0.071875
0 0.565625 0.6796875 0.0546875 0.0625
0 0.2640625 0.659375 0.0578125 0.065625
0 0.784375 0.853125 0.0625 0.0609375
0 0.7375 0.8140625 0.053125 0.0625
0 0.7109375 0.79375 0.059375 0.06875
0 0.6890625 0.7734375 0.053125 0.065625
0 0.6640625 0.7546875 0.0546875 0.0640625
0 0.6421875 0.7359375 0.0625 0.075
0 0.7140625 0.6921875 0.05625 0.065625
0 0.665625 0.653125 0.0640625 0.0703125
0 0.5421875 0.659375 0.0609375 0.059375
0 0.6203125 0.609375 0.059375 0.06875
0 0.5953125 0.5921875 0.0609375 0.071875
0 0.56875 0.575 0.0609375 0.06875
0 0.5171875 0.6359375 0.065625 0.0734375
0 0.4953125 0.61875 0.0625 0.06875
0 0.46875 0.596875 0.0609375 0.065625
0 0.496875 0.51875 0.0609375 0.0671875
0 0.4234375 0.5578125 0.0453125 0.05625
0 0.3953125 0.54375 0.0609375 0.06875
0 0.215625 0.71875 0.05625 0.059375
0 0.315625 0.7 0.053125 0.0640625
0 0.2875 0.7859375 0.0671875 0.0734375
0 0.34375 0.71875 0.06875 0.0703125
0 0.5828125 0.9921875 0.0671875 0.078125
0 0.53125 0.99375 0.078125 0.084375
0 0.5890625 0.921875 0.0703125 0.0765625
0 0.4859375 0.95 0.0546875 0.065625
0 0.5625 0.903125 0.0609375 0.0796875
0 0.540625 0.884375 0.0609375 0.0671875
0 0.45625 0.9328125 0.078125 0.084375
0 0.5125 0.8625 0.06875 0.071875
0 0.4296875 0.909375 0.065625 0.0765625
0 0.4109375 0.8875 0.0703125 0.0734375
0 0.4640625 0.821875 0.059375 0.06875
0 0.3890625 0.8671875 0.0640625 0.0671875
0 0.4421875 0.8015625 0.0625 0.075
0 0.415625 0.778125 0.0640625 0.078125
0 0.3609375 0.84375 0.065625 0.071875
0 0.3125 0.80625 0.059375 0.0671875
0 0.19375 0.9578125 0.065625 0.0703125
0 0.325 0.4890625 0.0625 0.075
0 0.446875 0.484375 0.05 0.0578125
0 0.421875 0.459375 0.05625 0.0640625
0 0.9640625 0.03125 0.0484375 0.053125
0 0.925 0.08125 0.0453125 0.05625
0 0.9046875 0.06875 0.046875 0.0578125
0 0.8828125 0.053125 0.0453125 0.0515625
0 0.8265625 0.00625 0.05 0.053125
0 0.978125 0.1296875 0.0546875 0.0671875
0 0.940625 0.0984375 0.0484375 0.053125
0 0.984375 0.046875 0.0390625 0.053125
0 0.8 0.5609375 0.0484375 0.059375
0 0.725 0.7375 0.0203125 0.0265625
0 0.053125 0.596875 0.071875 0.0796875
0 0.0796875 0.6140625 0.065625 0.06875
0 0.7984375 0.1734375 0.05 0.0515625
0 0.6625 0.1546875 0.0546875 0.059375
0 0.6375 0.13125 0.05 0.0609375
0 0.596875 0.096875 0.0546875 0.0609375
0 0.6453125 0.0390625 0.0578125 0.06875
0 0.6640625 0.0671875 0.0515625 0.0546875
0 0.684375 0.0796875 0.05625 0.0625
0 0.709375 0.1 0.0578125 0.0609375
0 0.7546875 0.134375 0.05 0.05
0 0.771875 0.1484375 0.053125 0.0546875
0 0.9875 0.95625 0.071875 0.0828125
0 0.9796875 0.9046875 0.059375 0.06875
0 0.9546875 0.88125 0.053125 0.0625
0 0.8796875 0.9296875 0.05625 0.065625
0 0.9296875 0.8671875 0.0515625 0.0609375
0 0.853125 0.9125 0.0609375 0.0703125
0 0.8296875 0.8890625 0.0609375 0.0671875
0 0.88125 0.8296875 0.0609375 0.065625
0 0.68125 0.171875 0.0453125 0.05625
0 0.725 0.2078125 0.05 0.0609375
0 0.7484375 0.228125 0.05 0.0609375
0 0.771875 0.24375 0.04375 0.053125
0 0.778125 0.5421875 0.0484375 0.0578125
0 0.70625 0.484375 0.0484375 0.0609375
0 0.7328125 0.4125 0.0515625 0.059375
0 0.8015625 0.4625 0.059375 0.06875
0 0.6390625 0.43125 0.053125 0.0578125
0 0.6140625 0.4078125 0.0546875 0.059375
0 0.6875 0.371875 0.053125 0.0609375
0 0.7125 0.3859375 0.0578125 0.0703125
0 0.6609375 0.35 0.0546875 0.0640625
0 0.6390625 0.334375 0.053125 0.0609375
0 0.5921875 0.3921875 0.0578125 0.0703125
0 0.5671875 0.3703125 0.0484375 0.0609375
0 0.5921875 0.2953125 0.05 0.0640625
0 0.5515625 0.3515625 0.046875 0.0546875
0 0.5234375 0.334375 0.0546875 0.0625
0 0.546875 0.265625 0.046875 0.053125
0 0.496875 0.3203125 0.0625 0.071875
0 0.478125 0.296875 0.059375 0.0625
0 0.5265625 0.2375 0.0625 0.06875
0 0.8578125 0.80625 0.0578125 0.065625
0 0.80625 0.86875 0.05625 0.0640625
0 0.8453125 0.5015625 0.059375 0.0640625
0 0.9921875 0.4296875 0.05 0.0625
0 0.9734375 0.409375 0.0515625 0.0609375
0 0.9484375 0.384375 0.0546875 0.059375
0 0.9046875 0.3546875 0.046875 0.053125
0 0.95 0.296875 0.05 0.0578125
0 0.884375 0.3359375 0.0515625 0.0546875
0 0.9296875 0.2796875 0.046875 0.0546875
0 0.853125 0.3234375 0.053125 0.0578125
0 0.8359375 0.303125 0.0515625 0.0609375
0 0.8140625 0.2796875 0.05625 0.0703125
0 0.8375 0.2078125 0.053125 0.0578125
0 0.8171875 0.1859375 0.05625 0.0625
0 0.8234375 0.4828125 0.046875 0.0609375
0 0.821875 0.58125 0.053125 0.0578125
0 0.959375 0.69375 0.0515625 0.0609375
0 0.9140625 0.6578125 0.0546875 0.0640625
0 0.9796875 0.6171875 0.0484375 0.0515625
0 0.9390625 0.5796875 0.059375 0.065625
0 0.9125 0.559375 0.05625 0.0625
