3 0.665625 0.5796875 0.0171875 0.01875
3 0.028125 0.3890625 0.0203125 0.009375
3 0.9125 0.040625 0.0171875 0.0078125
3 0.9265625 0.0265625 0.0171875 0.0078125
3 0.91875 0.128125 0.00625 0.015625
3 0.928125 0.1328125 0.0078125 0.015625
3 0.91875 0.1421875 0.0078125 0.0140625
3 0.9 0.2734375 0.0109375 0.0171875
3 0.89375 0.309375 0.009375 0.0140625
3 0.875 0.3375 0.009375 0.015625
3 0.890625 0.3484375 0.009375 0.0125
3 0.8671875 0.41875 0.0109375 0.021875
3 0.7828125 0.38125 0.015625 0.01875
3 0.7671875 0.403125 0.015625 0.0109375
3 0.7390625 0.440625 0.0171875 0.0078125
3 0.8625 0.5203125 0.0078125 0.021875
3 0.8703125 0.7296875 0.009375 0.0171875
3 0.8609375 0.79375 0.009375 0.015625
3 0.8578125 0.8859375 0.009375 0.01875
3 0.8984375 0.0578125 0.0171875 0.009375
3 0.6703125 0.753125 0.015625 0.015625
1 0.6828125 0.471875 0.0296875 0.015625
1 0.834375 0.21875 0.0140625 0.03125
1 0.825 0.265625 0.028125 0.0140625
1 0.8015625 0.3078125 0.0203125 0.0203125
1 0.4296875 0.5328125 0.0296875 0.0296875
1 0.4625 0.5375 0.0125 0.0328125
1 0.5484375 0.5296875 0.015625 0.0265625
1 0.5625 0.5265625 0.015625 0.0234375
1 0.590625 0.5140625 0.0265625 0.03125
1 0.60625 0.5125 0.025 0.0265625
1 0.6421875 0.4953125 0.025 0.034375
1 0.6734375 0.4921875 0.028125 0.01875
1 0.6921875 0.4546875 0.034375 0.0265625
1 0.70625 0.440625 0.028125 0.0265625
1 0.7359375 0.4078125 0.021875 0.015625
1 0.74375 0.3859375 0.0328125 0.0203125
1 0.8390625 0.16875 0.0109375 0.021875
9 0.790625 0.0625 0.1328125 0.1015625
1 0.671875 0.0 0.0234375 0.009375
1 0.671875 0.0078125 0.0328125 0.009375
1 0.715625 0.0 0.0328125 0.0203125
3 0.4765625 0.5859375 0.01875 0.009375
3 0.34375 0.2359375 0.015625 0.0140625
3 0.33125 0.2375 0.0140625 0.0140625
3 0.33125 0.2484375 0.0171875 0.0109375
3 0.3328125 0.259375 0.015625 0.0125
3 0.334375 0.2671875 0.0140625 0.0140625
3 0.3390625 0.2796875 0.0171875 0.0125
3 0.584375 0.5515625 0.0109375 0.0140625
3 0.5625 0.5546875 0.0078125 0.0140625
3 0.55625 0.5578125 0.0109375 0.015625
3 0.54375 0.5640625 0.0109375 0.0171875
3 0.475 0.5765625 0.0140625 0.0125
3 0.6 0.603125 0.0125 0.0125
3 0.3484375 0.2609375 0.015625 0.0125
3 0.6171875 0.5984375 0.0140625 0.015625
3 0.625 0.59375 0.0140625 0.015625
3 0.08125 0.9640625 0.0203125 0.0140625
3 0.346875 0.25 0.015625 0.0140625
3 0.353125 0.271875 0.0171875 0.0140625
3 0.165625 0.1703125 0.0171875 0.0109375
3 0.5953125 0.0109375 0.0125 0.0078125
3 0.6140625 0.0484375 0.0171875 0.009375
3 0.675 0.0546875 0.015625 0.009375
3 0.6265625 0.0953125 0.015625 0.0078125
3 0.5921875 0.059375 0.0140625 0.009375
3 0.53125 0.065625 0.0125 0.00625
3 0.5453125 0.053125 0.015625 0.00625
3 0.4546875 0.109375 0.015625 0.00625
3 0.40625 0.1140625 0.0171875 0.0109375
3 0.3390625 0.1265625 0.0140625 0.0109375
3 0.3484375 0.0875 0.0140625 0.009375
3 0.05 0.2 0.0171875 0.009375
3 0.3546875 0.28125 0.015625 0.0140625
3 0.2578125 0.1453125 0.0171875 0.0125
3 0.3 0.209375 0.0140625 0.0125
3 0.3015625 0.2296875 0.0140625 0.015625
3 0.3015625 0.246875 0.015625 0.0171875
3 0.30625 0.265625 0.0140625 0.0140625
3 0.309375 0.275 0.0109375 0.0171875
3 0.3125 0.309375 0.015625 0.0171875
3 0.3421875 0.309375 0.015625 0.0109375
3 0.3390625 0.2984375 0.015625 0.0140625
3 0.359375 0.3 0.0171875 0.0109375
3 0.3609375 0.2921875 0.0125 0.0125
4 0.365625 0.2296875 0.015625 0.0265625
3 0.5921875 0.3 0.01875 0.009375
3 0.6546875 0.290625 0.0234375 0.01875
3 0.0265625 0.41875 0.0171875 0.009375
