0 0.4625 0.590625 0.0296875 0.015625
0 0.6140625 0.3375 0.0140625 0.03125
0 0.6046875 0.384375 0.028125 0.0140625
0 0.58125 0.4265625 0.0203125 0.0203125
0 0.209375 0.6515625 0.0296875 0.0296875
0 0.2421875 0.65625 0.0125 0.0328125
0 0.328125 0.6484375 0.015625 0.0265625
0 0.3421875 0.6453125 0.015625 0.0234375
0 0.3703125 0.6328125 0.0265625 0.03125
0 0.3859375 0.63125 0.025 0.0265625
0 0.421875 0.6140625 0.025 0.034375
0 0.453125 0.6109375 0.028125 0.01875
0 0.471875 0.5734375 0.034375 0.0265625
0 0.4859375 0.559375 0.028125 0.0265625
0 0.515625 0.5265625 0.021875 0.015625
0 0.5234375 0.5046875 0.0328125 0.0203125
0 0.61875 0.2875 0.0109375 0.021875
0 0.421875 0.0109375 0.034375 0.0125
0 0.4265625 0.0296875 0.034375 0.0109375
0 0.4375 0.0578125 0.0421875 0.0125
0 0.4375 0.0796875 0.0359375 0.0171875
0 0.4421875 0.10625 0.0328125 0.0109375
0 0.4515625 0.11875 0.0234375 0.009375
0 0.4515625 0.1265625 0.0328125 0.009375
0 0.4953125 0.11875 0.0328125 0.0203125
0 0.6203125 0.1109375 0.0109375 0.0234375
0 0.61875 0.06875 0.009375 0.028125
0 0.6171875 0.015625 0.0125 0.0359375
