3 0.1984375 0.1859375 0.009375 0.0171875
3 0.1890625 0.25 0.009375 0.015625
3 0.1859375 0.3421875 0.009375 0.01875
3 0.7375 0.334375 0.0109375 0.0171875
3 0.4140625 0.696875 0.0046875 0.0171875
3 0.434375 0.73125 0.0078125 0.015625
3 0.40625 0.7296875 0.00625 0.0171875
3 0.4 0.73125 0.009375 0.01875
3 0.384375 0.73125 0.00625 0.01875
3 0.3765625 0.73125 0.0078125 0.0203125
3 0.3703125 0.73125 0.009375 0.01875
3 0.3546875 0.7296875 0.0078125 0.0171875
3 0.3390625 0.7296875 0.0078125 0.01875
3 0.3328125 0.73125 0.009375 0.015625
3 0.9234375 0.2265625 0.01875 0.0140625
3 0.90625 0.2015625 0.0171875 0.0171875
3 0.9203125 0.190625 0.0171875 0.01875
3 0.3171875 0.728125 0.009375 0.0171875
3 0.346875 0.69375 0.0078125 0.0171875
3 0.309375 0.728125 0.0078125 0.0171875
3 0.3015625 0.728125 0.0078125 0.01875
3 0.2953125 0.7296875 0.00625 0.0171875
3 0.2859375 0.728125 0.0078125 0.0171875
3 0.4078125 0.6953125 0.009375 0.0203125
3 0.3984375 0.696875 0.009375 0.01875
3 0.390625 0.6984375 0.009375 0.015625
3 0.384375 0.675 0.0078125 0.015625
3 0.3921875 0.675 0.009375 0.015625
3 0.3765625 0.6921875 0.0078125 0.0140625
3 0.3625 0.6921875 0.009375 0.0171875
3 0.3390625 0.69375 0.0078125 0.0171875
3 0.325 0.69375 0.0078125 0.0140625
3 0.3171875 0.69375 0.009375 0.0171875
3 0.325 0.675 0.009375 0.015625
3 0.190625 0.9828125 0.009375 0.0171875
5 0.4546875 0.1671875 0.171875 0.1625
5 0.5703125 0.346875 0.115625 0.11875
5 0.45 0.4953125 0.1515625 0.1421875
5 0.840625 0.9203125 0.1328125 0.128125
