3 0.2875 0.0078125 0.009375 0.01875
3 0.8390625 0.0 0.0109375 0.0171875
3 0.515625 0.3625 0.0046875 0.0171875
3 0.5359375 0.396875 0.0078125 0.015625
3 0.5078125 0.3953125 0.00625 0.0171875
3 0.5015625 0.396875 0.009375 0.01875
3 0.4859375 0.396875 0.00625 0.01875
3 0.478125 0.396875 0.0078125 0.0203125
3 0.471875 0.396875 0.009375 0.01875
3 0.45625 0.3953125 0.0078125 0.0171875
3 0.440625 0.3953125 0.0078125 0.01875
3 0.434375 0.396875 0.009375 0.015625
3 0.41875 0.39375 0.009375 0.0171875
3 0.4484375 0.359375 0.0078125 0.0171875
3 0.4109375 0.39375 0.0078125 0.0171875
3 0.403125 0.39375 0.0078125 0.01875
3 0.396875 0.3953125 0.00625 0.0171875
3 0.3875 0.39375 0.0078125 0.0171875
3 0.509375 0.3609375 0.009375 0.0203125
3 0.5 0.3625 0.009375 0.01875
3 0.4921875 0.3640625 0.009375 0.015625
3 0.4859375 0.340625 0.0078125 0.015625
3 0.49375 0.340625 0.009375 0.015625
3 0.478125 0.3578125 0.0078125 0.0140625
3 0.4640625 0.3578125 0.009375 0.0171875
3 0.440625 0.359375 0.0078125 0.0171875
3 0.4265625 0.359375 0.0078125 0.0140625
3 0.41875 0.359375 0.009375 0.0171875
3 0.4265625 0.340625 0.009375 0.015625
3 0.2921875 0.6484375 0.009375 0.0171875
3 0.278125 0.70625 0.0078125 0.01875
3 0.615625 0.9984375 0.0109375 0.01875
3 0.69375 0.728125 0.0203125 0.0140625
3 0.1765625 0.9828125 0.0078125 0.0171875
3 0.16875 0.9890625 0.00625 0.015625
4 0.990625 0.9828125 0.009375 0.0296875
5 0.671875 0.0125 0.115625 0.11875
5 0.5515625 0.1609375 0.1515625 0.1421875
3 0.1609375 0.98125 0.0078125 0.0171875
3 0.146875 0.9609375 0.009375 0.0171875
3 0.153125 0.9828125 0.0078125 0.0171875
3 0.1390625 0.9828125 0.0078125 0.0140625
5 0.9421875 0.5859375 0.1328125 0.128125
