0 0.25 0.965625 0.0296875 0.015625
0 0.4015625 0.7125 0.0140625 0.03125
0 0.3921875 0.759375 0.028125 0.0140625
0 0.36875 0.8015625 0.0203125 0.0203125
0 0.209375 0.9890625 0.025 0.034375
0 0.240625 0.9859375 0.028125 0.01875
0 0.259375 0.9484375 0.034375 0.0265625
0 0.403125 0.253125 0.0203125 0.03125
0 0.2734375 0.934375 0.028125 0.0265625
0 0.303125 0.9015625 0.021875 0.015625
0 0.3109375 0.8796875 0.0328125 0.0203125
0 0.40625 0.6625 0.0109375 0.021875
0 0.4046875 0.2921875 0.0140625 0.0375
0 0.1984375 0.340625 0.028125 0.0203125
0 0.2140625 0.33125 0.03125 0.025
0 0.23125 0.3046875 0.0171875 0.01875
0 0.2421875 0.2953125 0.0234375 0.0203125
0 0.2 0.365625 0.0171875 0.009375
0 0.4046875 0.34375 0.0125 0.0265625
0 0.209375 0.3859375 0.034375 0.0125
0 0.2140625 0.4046875 0.034375 0.0109375
0 0.225 0.4328125 0.0421875 0.0125
0 0.225 0.4546875 0.0359375 0.0171875
0 0.2296875 0.48125 0.0328125 0.0109375
0 0.2390625 0.49375 0.0234375 0.009375
0 0.2390625 0.5015625 0.0328125 0.009375
0 0.2828125 0.49375 0.0328125 0.0203125
0 0.4078125 0.4859375 0.0109375 0.0234375
0 0.40625 0.44375 0.009375 0.028125
0 0.4046875 0.390625 0.0125 0.0359375
