0 0.109375 0.8671875 0.0296875 0.015625
0 0.2609375 0.6140625 0.0140625 0.03125
0 0.2515625 0.6609375 0.028125 0.0140625
0 0.228125 0.703125 0.0203125 0.0203125
0 0.0171875 0.909375 0.0265625 0.03125
0 0.0328125 0.9078125 0.025 0.0265625
0 0.06875 0.890625 0.025 0.034375
0 0.1 0.8875 0.028125 0.01875
0 0.11875 0.85 0.034375 0.0265625
0 0.2625 0.1546875 0.0203125 0.03125
0 0.1328125 0.8359375 0.028125 0.0265625
0 0.1625 0.803125 0.021875 0.015625
0 0.1703125 0.78125 0.0328125 0.0203125
0 0.265625 0.5640625 0.0109375 0.021875
0 0.2640625 0.19375 0.0140625 0.0375
0 0.0578125 0.2421875 0.028125 0.0203125
0 0.0734375 0.2328125 0.03125 0.025
0 0.090625 0.20625 0.0171875 0.01875
0 0.1015625 0.196875 0.0234375 0.0203125
0 0.059375 0.2671875 0.0171875 0.009375
0 0.2640625 0.2453125 0.0125 0.0265625
0 0.06875 0.2875 0.034375 0.0125
0 0.0734375 0.30625 0.034375 0.0109375
0 0.084375 0.334375 0.0421875 0.0125
0 0.084375 0.35625 0.0359375 0.0171875
0 0.0890625 0.3828125 0.0328125 0.0109375
0 0.0984375 0.3953125 0.0234375 0.009375
0 0.0984375 0.403125 0.0328125 0.009375
0 0.1421875 0.3953125 0.0328125 0.0203125
0 0.2671875 0.3875 0.0109375 0.0234375
0 0.265625 0.3453125 0.009375 0.028125
0 0.2640625 0.2921875 0.0125 0.0359375
