0 0.703125 0.5734375 0.0296875 0.015625
0 0.8546875 0.3203125 0.0140625 0.03125
0 0.8453125 0.3671875 0.028125 0.0140625
0 0.821875 0.409375 0.0203125 0.0203125
0 0.45 0.634375 0.0296875 0.0296875
0 0.4828125 0.6390625 0.0125 0.0328125
0 0.56875 0.63125 0.015625 0.0265625
0 0.5828125 0.628125 0.015625 0.0234375
0 0.6109375 0.615625 0.0265625 0.03125
0 0.6265625 0.6140625 0.025 0.0265625
0 0.6625 0.596875 0.025 0.034375
0 0.69375 0.59375 0.028125 0.01875
0 0.7125 0.55625 0.034375 0.0265625
0 0.7265625 0.5421875 0.028125 0.0265625
0 0.75625 0.509375 0.021875 0.015625
0 0.7640625 0.4875 0.0328125 0.0203125
0 0.859375 0.2703125 0.0109375 0.021875
0 0.6671875 0.0125 0.034375 0.0109375
0 0.678125 0.040625 0.0421875 0.0125
0 0.678125 0.0625 0.0359375 0.0171875
0 0.6828125 0.0890625 0.0328125 0.0109375
0 0.6921875 0.1015625 0.0234375 0.009375
0 0.6921875 0.109375 0.0328125 0.009375
0 0.7359375 0.1015625 0.0328125 0.0203125
0 0.8609375 0.09375 0.0109375 0.0234375
0 0.859375 0.0515625 0.009375 0.028125
