3 0.571875 0.9578125 0.01875 0.009375
3 0.6171875 0.009375 0.009375 0.0171875
3 0.625 0.009375 0.0078125 0.0171875
3 0.634375 0.0109375 0.0078125 0.015625
3 0.6421875 0.0109375 0.0078125 0.0140625
3 0.65 0.0140625 0.0078125 0.015625
3 0.6609375 0.009375 0.00625 0.0140625
3 0.3515625 0.140625 0.0078125 0.0140625
3 0.359375 0.140625 0.009375 0.015625
3 0.6 0.009375 0.009375 0.01875
3 0.05625 0.1640625 0.015625 0.01875
3 0.1578125 0.1859375 0.0140625 0.015625
3 0.3890625 0.21875 0.0140625 0.0078125
3 0.390625 0.228125 0.015625 0.0078125
3 0.3890625 0.253125 0.0171875 0.0109375
3 0.39375 0.271875 0.015625 0.0078125
3 0.175 0.3421875 0.0140625 0.0171875
3 0.4046875 0.3421875 0.009375 0.0125
3 0.171875 0.48125 0.0140625 0.015625
3 0.275 0.515625 0.0125 0.0140625
3 0.2703125 0.5046875 0.0125 0.0140625
3 0.2609375 0.49375 0.0140625 0.015625
3 0.609375 0.0109375 0.009375 0.0171875
3 0.5921875 0.009375 0.009375 0.0171875
3 0.24375 0.465625 0.015625 0.01875
4 0.6484375 0.2859375 0.009375 0.0203125
3 0.9140625 0.9234375 0.015625 0.009375
3 0.7140625 0.865625 0.0171875 0.0171875
3 0.6109375 0.9484375 0.021875 0.0078125
4 0.5109375 0.4203125 0.009375 0.0265625
4 0.5125 0.39375 0.009375 0.01875
4 0.5125 0.3515625 0.0109375 0.0171875
4 0.6546875 0.33125 0.00625 0.015625
4 0.7515625 0.3390625 0.00625 0.0140625
4 0.8015625 0.3421875 0.00625 0.0125
4 0.809375 0.3421875 0.0078125 0.0140625
4 0.728125 0.3046875 0.0078125 0.0171875
4 0.675 0.2859375 0.009375 0.01875
4 0.6625 0.2859375 0.009375 0.021875
4 0.6390625 0.2859375 0.0109375 0.01875
3 0.584375 0.0796875 0.021875 0.009375
4 0.8515625 0.2390625 0.00625 0.015625
4 0.84375 0.2390625 0.00625 0.015625
4 0.809375 0.20625 0.0078125 0.01875
4 0.596875 0.215625 0.0109375 0.025
3 0.578125 0.2046875 0.015625 0.00625
3 0.5796875 0.1875 0.0171875 0.0078125
4 0.5203125 0.171875 0.0125 0.0296875
3 0.5796875 0.14375 0.0171875 0.0078125
3 0.58125 0.134375 0.015625 0.0078125
3 0.5796875 0.1265625 0.015625 0.00625
3 0.5796875 0.1171875 0.0234375 0.0078125
3 0.5828125 0.10625 0.0171875 0.0078125
3 0.5828125 0.096875 0.015625 0.00625
3 0.253125 0.48125 0.0140625 0.015625
3 0.3640625 0.6625 0.0125 0.0140625
3 0.340625 0.6609375 0.0125 0.015625
3 0.2171875 0.9515625 0.0171875 0.0109375
3 0.2609375 0.6328125 0.0140625 0.015625
3 0.1875 0.7453125 0.0140625 0.0171875
3 0.2109375 0.7921875 0.015625 0.021875
3 0.2390625 0.8484375 0.0140625 0.0171875
3 0.2046875 0.8578125 0.0140625 0.0140625
3 0.1125 0.878125 0.0140625 0.0078125
3 0.1890625 0.9 0.0125 0.0078125
3 0.3984375 0.9515625 0.015625 0.0078125
3 0.3796875 0.9234375 0.0171875 0.009375
3 0.35625 0.921875 0.015625 0.0078125
3 0.3328125 0.921875 0.0109375 0.00625
3 0.3140625 0.9546875 0.0140625 0.0078125
3 0.2703125 0.965625 0.0171875 0.0078125
3 0.153125 0.9578125 0.0171875 0.0078125
3 0.1671875 0.9703125 0.015625 0.0078125
3 0.571875 0.9484375 0.0171875 0.00625
3 0.59375 0.959375 0.015625 0.00625
3 0.60625 0.9703125 0.0171875 0.0078125
3 0.6125 0.959375 0.01875 0.0078125
3 0.5453125 0.946875 0.0203125 0.0078125
3 0.0140625 0.8890625 0.015625 0.0078125
3 0.0359375 0.9625 0.01875 0.0078125
4 0.78125 0.3984375 0.06875 0.0234375
4 0.30625 0.7265625 0.0484375 0.065625
4 0.00625 0.0546875 0.046875 0.0640625
3 0.5078125 0.1421875 0.0109375 0.01875
3 0.4140625 0.140625 0.0078125 0.0171875
3 0.3921875 0.14375 0.0109375 0.0140625
3 0.4015625 0.140625 0.0078125 0.0140625
3 0.9890625 0.3125 0.0234375 0.021875
3 0.9828125 0.4328125 0.015625 0.015625
3 0.9796875 0.3234375 0.0140625 0.0171875
3 0.971875 0.3296875 0.015625 0.0140625
3 0.93125 0.3734375 0.015625 0.0171875
3 0.9375 0.3671875 0.01875 0.0203125
3 0.9671875 0.3359375 0.0140625 0.015625
