3 0.384375 0.9671875 0.01875 0.009375
3 0.4296875 0.01875 0.009375 0.0171875
3 0.4375 0.01875 0.0078125 0.0171875
3 0.446875 0.0203125 0.0078125 0.015625
3 0.4546875 0.0203125 0.0078125 0.0140625
3 0.4625 0.0234375 0.0078125 0.015625
3 0.4734375 0.01875 0.00625 0.0140625
3 0.1640625 0.15 0.0078125 0.0140625
3 0.171875 0.15 0.009375 0.015625
3 0.4125 0.01875 0.009375 0.01875
3 0.2171875 0.0015625 0.0171875 0.0078125
3 0.2015625 0.228125 0.0140625 0.0078125
3 0.203125 0.2375 0.015625 0.0078125
3 0.2015625 0.2625 0.0171875 0.0109375
3 0.20625 0.28125 0.015625 0.0078125
3 0.2171875 0.3515625 0.009375 0.0125
3 0.0875 0.525 0.0125 0.0140625
3 0.0828125 0.5140625 0.0125 0.0140625
3 0.0734375 0.503125 0.0140625 0.015625
3 0.421875 0.0203125 0.009375 0.0171875
3 0.4046875 0.01875 0.009375 0.0171875
3 0.05625 0.475 0.015625 0.01875
4 0.4609375 0.2953125 0.009375 0.0203125
3 0.7265625 0.9328125 0.015625 0.009375
3 0.5265625 0.875 0.0171875 0.0171875
3 0.4234375 0.9578125 0.021875 0.0078125
4 0.3234375 0.4296875 0.009375 0.0265625
4 0.325 0.403125 0.009375 0.01875
4 0.325 0.3609375 0.0109375 0.0171875
4 0.4671875 0.340625 0.00625 0.015625
4 0.5640625 0.3484375 0.00625 0.0140625
4 0.6140625 0.3515625 0.00625 0.0125
4 0.621875 0.3515625 0.0078125 0.0140625
4 0.540625 0.3140625 0.0078125 0.0171875
4 0.4875 0.2953125 0.009375 0.01875
4 0.475 0.2953125 0.009375 0.021875
4 0.4515625 0.2953125 0.0109375 0.01875
3 0.396875 0.0890625 0.021875 0.009375
4 0.6640625 0.2484375 0.00625 0.015625
4 0.65625 0.2484375 0.00625 0.015625
4 0.621875 0.215625 0.0078125 0.01875
4 0.409375 0.225 0.0109375 0.025
3 0.390625 0.2140625 0.015625 0.00625
3 0.3921875 0.196875 0.0171875 0.0078125
4 0.3328125 0.18125 0.0125 0.0296875
3 0.3921875 0.153125 0.0171875 0.0078125
3 0.39375 0.14375 0.015625 0.0078125
3 0.3921875 0.1359375 0.015625 0.00625
3 0.3921875 0.1265625 0.0234375 0.0078125
3 0.3953125 0.115625 0.0171875 0.0078125
3 0.3953125 0.10625 0.015625 0.00625
3 0.065625 0.490625 0.0140625 0.015625
3 0.1765625 0.671875 0.0125 0.0140625
3 0.153125 0.6703125 0.0125 0.015625
3 0.0296875 0.9609375 0.0171875 0.0109375
3 0.0734375 0.6421875 0.0140625 0.015625
3 0.0 0.7546875 0.0140625 0.0171875
3 0.0234375 0.8015625 0.015625 0.021875
3 0.0515625 0.8578125 0.0140625 0.0171875
3 0.0171875 0.8671875 0.0140625 0.0140625
3 0.0015625 0.909375 0.0125 0.0078125
3 0.2109375 0.9609375 0.015625 0.0078125
3 0.1921875 0.9328125 0.0171875 0.009375
3 0.16875 0.93125 0.015625 0.0078125
3 0.1453125 0.93125 0.0109375 0.00625
3 0.1265625 0.9640625 0.0140625 0.0078125
3 0.0828125 0.975 0.0171875 0.0078125
3 0.384375 0.9578125 0.0171875 0.00625
3 0.40625 0.96875 0.015625 0.00625
3 0.41875 0.9796875 0.0171875 0.0078125
3 0.425 0.96875 0.01875 0.0078125
3 0.3578125 0.95625 0.0203125 0.0078125
4 0.59375 0.4078125 0.06875 0.0234375
4 0.11875 0.7359375 0.0484375 0.065625
3 0.3203125 0.1515625 0.0109375 0.01875
3 0.8453125 0.34375 0.021875 0.021875
3 0.2265625 0.15 0.0078125 0.0171875
3 0.2046875 0.153125 0.0109375 0.0140625
3 0.2140625 0.15 0.0078125 0.0140625
3 0.8015625 0.321875 0.0234375 0.021875
3 0.9390625 0.5859375 0.015625 0.00625
3 0.9578125 0.45625 0.00625 0.0109375
3 0.978125 0.321875 0.015625 0.0171875
3 0.965625 0.3203125 0.015625 0.0171875
3 0.840625 0.4859375 0.0140625 0.0140625
3 0.8453125 0.4796875 0.0171875 0.015625
3 0.8578125 0.4703125 0.0140625 0.0140625
3 0.871875 0.4609375 0.0140625 0.015625
3 0.7953125 0.4421875 0.015625 0.015625
3 0.8125 0.4609375 0.0171875 0.015625
3 0.84375 0.4484375 0.015625 0.0171875
3 0.8578125 0.4359375 0.015625 0.0125
3 0.7921875 0.3328125 0.0140625 0.0171875
3 0.9359375 0.609375 0.015625 0.0078125
3 0.784375 0.3390625 0.015625 0.0140625
3 0.74375 0.3828125 0.015625 0.0171875
3 0.75 0.3765625 0.01875 0.0203125
3 0.7796875 0.3453125 0.0140625 0.015625
3 0.9375 0.59375 0.0171875 0.00625
3 0.9390625 0.61875 0.01875 0.009375
3 0.9375 0.625 0.0171875 0.0078125
3 0.94375 0.9859375 0.0171875 0.0078125
3 0.990625 0.8984375 0.0109375 0.0171875
3 0.9859375 0.8765625 0.0203125 0.015625
3 0.9359375 0.7765625 0.0171875 0.0078125
3 0.9359375 0.7671875 0.015625 0.0078125
