3 0.2328125 0.11875 0.015625 0.0078125
3 0.446875 0.1703125 0.009375 0.0171875
3 0.4546875 0.1703125 0.0078125 0.0171875
3 0.4640625 0.171875 0.0078125 0.015625
3 0.471875 0.171875 0.0078125 0.0140625
3 0.7609375 0.046875 0.009375 0.01875
3 0.4078125 0.13125 0.0078125 0.0171875
3 0.4796875 0.175 0.0078125 0.015625
3 0.490625 0.1703125 0.00625 0.0140625
3 0.759375 0.1484375 0.015625 0.0078125
3 0.7578125 0.1390625 0.0171875 0.009375
3 0.18125 0.3015625 0.0078125 0.0140625
3 0.1890625 0.3015625 0.009375 0.015625
3 0.165625 0.09375 0.0203125 0.0078125
3 0.234375 0.1375 0.015625 0.00625
3 0.4296875 0.1703125 0.009375 0.01875
3 0.234375 0.153125 0.0171875 0.0078125
3 0.21875 0.3796875 0.0140625 0.0078125
3 0.2203125 0.3890625 0.015625 0.0078125
3 0.21875 0.4140625 0.0171875 0.0109375
3 0.2234375 0.4328125 0.015625 0.0078125
3 0.0046875 0.503125 0.0140625 0.0171875
3 0.234375 0.503125 0.009375 0.0125
3 0.0015625 0.6421875 0.0140625 0.015625
3 0.1046875 0.6765625 0.0125 0.0140625
3 0.1 0.665625 0.0125 0.0140625
3 0.090625 0.6546875 0.0140625 0.015625
3 0.4390625 0.171875 0.009375 0.0171875
3 0.421875 0.1703125 0.009375 0.0171875
3 0.0734375 0.6265625 0.015625 0.01875
4 0.478125 0.446875 0.009375 0.0203125
4 0.340625 0.58125 0.009375 0.0265625
4 0.3421875 0.5546875 0.009375 0.01875
4 0.3421875 0.5125 0.0109375 0.0171875
4 0.484375 0.4921875 0.00625 0.015625
4 0.58125 0.5 0.00625 0.0140625
4 0.63125 0.503125 0.00625 0.0125
4 0.6390625 0.503125 0.0078125 0.0140625
4 0.5578125 0.465625 0.0078125 0.0171875
4 0.5046875 0.446875 0.009375 0.01875
4 0.4921875 0.446875 0.009375 0.021875
4 0.46875 0.446875 0.0109375 0.01875
3 0.4140625 0.240625 0.021875 0.009375
4 0.68125 0.4 0.00625 0.015625
4 0.6734375 0.4 0.00625 0.015625
4 0.6390625 0.3671875 0.0078125 0.01875
4 0.4265625 0.3765625 0.0109375 0.025
3 0.4078125 0.365625 0.015625 0.00625
3 0.409375 0.3484375 0.0171875 0.0078125
4 0.35 0.3328125 0.0125 0.0296875
3 0.409375 0.3046875 0.0171875 0.0078125
3 0.4109375 0.2953125 0.015625 0.0078125
3 0.409375 0.2875 0.015625 0.00625
3 0.409375 0.278125 0.0234375 0.0078125
3 0.4125 0.2671875 0.0171875 0.0078125
3 0.4125 0.2578125 0.015625 0.00625
3 0.0828125 0.6421875 0.0140625 0.015625
3 0.19375 0.8234375 0.0125 0.0140625
3 0.1703125 0.821875 0.0125 0.015625
3 0.090625 0.79375 0.0140625 0.015625
3 0.0171875 0.90625 0.0140625 0.0171875
3 0.040625 0.953125 0.015625 0.021875
4 0.6109375 0.559375 0.06875 0.0234375
4 0.1359375 0.8875 0.0484375 0.065625
3 0.3375 0.303125 0.0109375 0.01875
3 0.8625 0.4953125 0.021875 0.021875
3 0.24375 0.3015625 0.0078125 0.0171875
3 0.221875 0.3046875 0.0109375 0.0140625
3 0.23125 0.3015625 0.0078125 0.0140625
3 0.81875 0.4734375 0.0234375 0.021875
3 0.95625 0.7375 0.015625 0.00625
3 0.975 0.6078125 0.00625 0.0109375
3 0.9953125 0.4734375 0.015625 0.0171875
3 0.9828125 0.471875 0.015625 0.0171875
3 0.8578125 0.6375 0.0140625 0.0140625
3 0.8625 0.63125 0.0171875 0.015625
3 0.875 0.621875 0.0140625 0.0140625
3 0.8890625 0.6125 0.0140625 0.015625
3 0.8125 0.59375 0.015625 0.015625
3 0.8296875 0.6125 0.0171875 0.015625
3 0.8609375 0.6 0.015625 0.0171875
3 0.875 0.5875 0.015625 0.0125
3 0.809375 0.484375 0.0140625 0.0171875
3 0.953125 0.7609375 0.015625 0.0078125
3 0.8015625 0.490625 0.015625 0.0140625
3 0.7609375 0.534375 0.015625 0.0171875
3 0.7671875 0.528125 0.01875 0.0203125
3 0.796875 0.496875 0.0140625 0.015625
3 0.7765625 0.1421875 0.009375 0.015625
3 0.7796875 0.059375 0.0109375 0.021875
3 0.9546875 0.7453125 0.0171875 0.00625
3 0.95625 0.7703125 0.01875 0.009375
3 0.9546875 0.7765625 0.0171875 0.0078125
3 0.953125 0.928125 0.0171875 0.0078125
3 0.953125 0.91875 0.015625 0.0078125
