3 0.8578125 0.1109375 0.0078125 0.0140625
3 0.865625 0.1109375 0.009375 0.015625
3 0.5625 0.134375 0.015625 0.01875
3 0.6640625 0.15625 0.0140625 0.015625
3 0.8953125 0.1890625 0.0140625 0.0078125
3 0.896875 0.1984375 0.015625 0.0078125
3 0.8953125 0.2234375 0.0171875 0.0109375
3 0.9 0.2421875 0.015625 0.0078125
3 0.68125 0.3125 0.0140625 0.0171875
3 0.9109375 0.3125 0.009375 0.0125
3 0.678125 0.4515625 0.0140625 0.015625
3 0.78125 0.4859375 0.0125 0.0140625
3 0.7765625 0.475 0.0125 0.0140625
3 0.7671875 0.4640625 0.0140625 0.015625
3 0.75 0.4359375 0.015625 0.01875
3 0.759375 0.4515625 0.0140625 0.015625
3 0.8703125 0.6328125 0.0125 0.0140625
3 0.846875 0.63125 0.0125 0.015625
3 0.7234375 0.921875 0.0171875 0.0109375
3 0.7671875 0.603125 0.0140625 0.015625
3 0.69375 0.715625 0.0140625 0.0171875
3 0.7171875 0.7625 0.015625 0.021875
3 0.7453125 0.81875 0.0140625 0.0171875
3 0.7109375 0.828125 0.0140625 0.0140625
3 0.61875 0.8484375 0.0140625 0.0078125
3 0.6953125 0.8703125 0.0125 0.0078125
3 0.9046875 0.921875 0.015625 0.0078125
3 0.8859375 0.89375 0.0171875 0.009375
3 0.8625 0.8921875 0.015625 0.0078125
3 0.8390625 0.8921875 0.0109375 0.00625
3 0.8203125 0.925 0.0140625 0.0078125
3 0.7765625 0.9359375 0.0171875 0.0078125
3 0.659375 0.928125 0.0171875 0.0078125
3 0.6734375 0.940625 0.015625 0.0078125
3 0.25 0.921875 0.01875 0.009375
3 0.2703125 0.828125 0.009375 0.0171875
3 0.5203125 0.859375 0.015625 0.0078125
3 0.4046875 0.871875 0.015625 0.00625
3 0.33125 0.8703125 0.01875 0.009375
3 0.4078125 0.9046875 0.0171875 0.00625
3 0.3609375 0.9046875 0.021875 0.0078125
3 0.34375 0.9140625 0.0203125 0.0078125
3 0.353125 0.88125 0.015625 0.0078125
3 0.315625 0.8828125 0.0140625 0.00625
3 0.2984375 0.8875 0.01875 0.015625
3 0.2734375 0.9015625 0.015625 0.0078125
3 0.1828125 0.9203125 0.015625 0.009375
3 0.2140625 0.9 0.0140625 0.0078125
3 0.1046875 0.9171875 0.015625 0.0078125
3 0.2859375 0.8484375 0.0078125 0.0125
3 0.1296875 0.940625 0.0078125 0.0140625
3 0.1546875 0.91875 0.015625 0.0078125
3 0.1609375 0.909375 0.015625 0.00625
3 0.1765625 0.8984375 0.01875 0.00625
3 0.096875 0.8953125 0.0140625 0.00625
3 0.0890625 0.90625 0.01875 0.009375
3 0.028125 0.903125 0.0125 0.0078125
3 0.0390625 0.9140625 0.015625 0.0078125
3 0.0453125 0.8953125 0.015625 0.00625
3 0.0765625 0.8703125 0.0140625 0.0078125
3 0.10625 0.8640625 0.015625 0.0125
3 0.1890625 0.8546875 0.0125 0.0078125
3 0.153125 0.84375 0.0125 0.00625
3 0.0234375 0.8125 0.009375 0.0140625
3 0.421875 0.91875 0.0171875 0.00625
3 0.2484375 0.95 0.0140625 0.015625
3 0.503125 0.871875 0.015625 0.0078125
3 0.378125 0.9875 0.0140625 0.0078125
3 0.36875 0.984375 0.00625 0.0125
3 0.359375 0.9859375 0.0078125 0.01875
3 0.353125 0.984375 0.00625 0.015625
3 0.3453125 0.9828125 0.00625 0.0140625
3 0.3359375 0.9828125 0.0078125 0.0140625
3 0.3265625 0.984375 0.00625 0.0125
3 0.48125 0.9171875 0.0125 0.0078125
3 0.05 0.990625 0.0078125 0.0140625
3 0.5421875 0.9328125 0.01875 0.0078125
3 0.5046875 0.9046875 0.015625 0.009375
3 0.0390625 0.86875 0.015625 0.0078125
3 0.2484375 0.78125 0.0140625 0.00625
3 0.25 0.771875 0.0140625 0.0078125
3 0.3828125 0.334375 0.015625 0.0109375
3 0.3421875 0.2859375 0.015625 0.0125
3 0.33125 0.2796875 0.0171875 0.0140625
3 0.3578125 0.2640625 0.015625 0.0109375
3 0.321875 0.2671875 0.0140625 0.0078125
3 0.475 0.1109375 0.021875 0.0234375
3 0.4515625 0.0515625 0.0140625 0.0140625
3 0.125 0.0203125 0.0140625 0.015625
3 0.11875 0.015625 0.0140625 0.015625
3 0.1109375 0.0109375 0.0125 0.015625
3 0.0671875 0.025 0.0125 0.01875
3 0.04375 0.0125 0.0109375 0.0171875
3 0.034375 0.009375 0.0140625 0.015625
3 0.25 0.7640625 0.0140625 0.0078125
4 0.8125 0.696875 0.0484375 0.065625
4 0.5125 0.025 0.046875 0.0640625
3 0.3015625 0.3421875 0.0125 0.0109375
3 0.3359375 0.403125 0.009375 0.015625
3 0.2515625 0.365625 0.0078125 0.015625
3 0.2203125 0.3671875 0.0078125 0.015625
3 0.25 0.75625 0.01875 0.00625
3 0.25 0.7484375 0.0140625 0.00625
3 0.25 0.7390625 0.0171875 0.009375
3 0.25 0.73125 0.015625 0.00625
3 0.24375 0.6265625 0.009375 0.01875
3 0.2171875 0.7359375 0.0140625 0.0078125
3 0.2171875 0.7203125 0.015625 0.0078125
3 0.2171875 0.7046875 0.015625 0.00625
3 0.2171875 0.69375 0.0140625 0.0078125
3 0.2515625 0.7234375 0.015625 0.0078125
3 0.2515625 0.696875 0.015625 0.0078125
3 0.2515625 0.6890625 0.0203125 0.0078125
3 0.215625 0.6859375 0.0171875 0.009375
3 0.29375 0.51875 0.0140625 0.0078125
3 0.2921875 0.509375 0.015625 0.009375
3 0.0296875 0.465625 0.015625 0.015625
3 0.0546875 0.4421875 0.0140625 0.0140625
3 0.059375 0.4359375 0.0140625 0.0125
3 0.075 0.35 0.01875 0.009375
3 0.075 0.340625 0.0171875 0.0078125
3 0.0375 0.39375 0.015625 0.009375
3 0.0375 0.3828125 0.0140625 0.0109375
3 0.0359375 0.375 0.0140625 0.0109375
3 0.0390625 0.3453125 0.015625 0.0125
3 0.0390625 0.3359375 0.0140625 0.009375
3 0.05625 0.2921875 0.0125 0.00625
3 0.0578125 0.325 0.00625 0.0125
3 0.23125 0.81875 0.009375 0.0171875
3 0.246875 0.803125 0.0234375 0.0078125
3 0.2125 0.7984375 0.0078125 0.015625
3 0.2046875 0.815625 0.0109375 0.015625
3 0.228125 0.7546875 0.0125 0.021875
3 0.9203125 0.1109375 0.0078125 0.0171875
3 0.8984375 0.1140625 0.0109375 0.0140625
3 0.9078125 0.1109375 0.0078125 0.0140625
