3 0.903125 0.7609375 0.01875 0.009375
3 0.7203125 0.021875 0.0140625 0.0078125
3 0.721875 0.03125 0.015625 0.0078125
3 0.7203125 0.05625 0.0171875 0.0109375
3 0.725 0.075 0.015625 0.0078125
3 0.50625 0.1453125 0.0140625 0.0171875
3 0.7359375 0.1453125 0.009375 0.0125
3 0.503125 0.284375 0.0140625 0.015625
3 0.60625 0.31875 0.0125 0.0140625
3 0.6015625 0.3078125 0.0125 0.0140625
3 0.5921875 0.296875 0.0140625 0.015625
3 0.575 0.26875 0.015625 0.01875
4 0.9796875 0.0890625 0.009375 0.0203125
3 0.9421875 0.7515625 0.021875 0.0078125
4 0.8421875 0.2234375 0.009375 0.0265625
4 0.84375 0.196875 0.009375 0.01875
4 0.84375 0.1546875 0.0109375 0.0171875
4 0.9859375 0.134375 0.00625 0.015625
4 0.99375 0.0890625 0.009375 0.021875
4 0.9703125 0.0890625 0.0109375 0.01875
4 0.928125 0.01875 0.0109375 0.025
3 0.909375 0.0078125 0.015625 0.00625
3 0.584375 0.284375 0.0140625 0.015625
3 0.6953125 0.465625 0.0125 0.0140625
3 0.4078125 0.9328125 0.01875 0.0078125
3 0.4046875 0.9578125 0.015625 0.009375
3 0.440625 0.8921875 0.0078125 0.0171875
3 0.428125 0.890625 0.009375 0.0171875
3 0.671875 0.4640625 0.0125 0.015625
3 0.5484375 0.7546875 0.0171875 0.0109375
3 0.5921875 0.4359375 0.0140625 0.015625
3 0.51875 0.5484375 0.0140625 0.0171875
3 0.5421875 0.5953125 0.015625 0.021875
3 0.5703125 0.6515625 0.0140625 0.0171875
3 0.5359375 0.6609375 0.0140625 0.0140625
3 0.44375 0.68125 0.0140625 0.0078125
3 0.5203125 0.703125 0.0125 0.0078125
3 0.7296875 0.7546875 0.015625 0.0078125
3 0.7109375 0.7265625 0.0171875 0.009375
3 0.6875 0.725 0.015625 0.0078125
3 0.6640625 0.725 0.0109375 0.00625
3 0.6453125 0.7578125 0.0140625 0.0078125
3 0.6015625 0.76875 0.0171875 0.0078125
3 0.484375 0.7609375 0.0171875 0.0078125
3 0.4984375 0.7734375 0.015625 0.0078125
3 0.903125 0.7515625 0.0171875 0.00625
3 0.925 0.7625 0.015625 0.00625
3 0.9375 0.7734375 0.0171875 0.0078125
3 0.94375 0.7625 0.01875 0.0078125
3 0.8265625 0.8296875 0.0171875 0.0171875
3 0.8765625 0.75 0.0203125 0.0078125
3 0.075 0.7546875 0.01875 0.009375
3 0.0953125 0.6609375 0.009375 0.0171875
3 0.3453125 0.6921875 0.015625 0.0078125
3 0.2296875 0.7046875 0.015625 0.00625
3 0.15625 0.703125 0.01875 0.009375
3 0.2328125 0.7375 0.0171875 0.00625
3 0.1859375 0.7375 0.021875 0.0078125
3 0.16875 0.746875 0.0203125 0.0078125
3 0.178125 0.7140625 0.015625 0.0078125
3 0.140625 0.715625 0.0140625 0.00625
3 0.1234375 0.7203125 0.01875 0.015625
3 0.0984375 0.734375 0.015625 0.0078125
3 0.0078125 0.753125 0.015625 0.009375
3 0.0390625 0.7328125 0.0140625 0.0078125
3 0.1109375 0.68125 0.0078125 0.0125
3 0.0015625 0.73125 0.01875 0.00625
3 0.0140625 0.6875 0.0125 0.0078125
3 0.246875 0.7515625 0.0171875 0.00625
3 0.1859375 0.896875 0.0140625 0.0046875
3 0.0734375 0.7828125 0.0140625 0.015625
3 0.1859375 0.88125 0.0140625 0.00625
3 0.1875 0.871875 0.0140625 0.0078125
3 0.1859375 0.8625 0.0140625 0.00625
3 0.1859375 0.8546875 0.0140625 0.0078125
3 0.1703125 0.8546875 0.0125 0.00625
3 0.328125 0.7046875 0.015625 0.0078125
3 0.203125 0.8203125 0.0140625 0.0078125
3 0.19375 0.8171875 0.00625 0.0125
3 0.184375 0.81875 0.0078125 0.01875
3 0.178125 0.8171875 0.00625 0.015625
3 0.1703125 0.815625 0.00625 0.0140625
3 0.1609375 0.815625 0.0078125 0.0140625
3 0.1515625 0.8171875 0.00625 0.0125
3 0.30625 0.75 0.0125 0.0078125
3 0.3671875 0.765625 0.01875 0.0078125
3 0.3296875 0.7375 0.015625 0.009375
3 0.0734375 0.6140625 0.0140625 0.00625
3 0.075 0.6046875 0.0140625 0.0078125
3 0.2078125 0.1671875 0.015625 0.0109375
3 0.1671875 0.11875 0.015625 0.0125
3 0.15625 0.1125 0.0171875 0.0140625
3 0.1828125 0.096875 0.015625 0.0109375
3 0.146875 0.1 0.0140625 0.0078125
3 0.075 0.596875 0.0140625 0.0078125
4 0.5140625 0.884375 0.025 0.0609375
4 0.6375 0.5296875 0.0484375 0.065625
3 0.1265625 0.175 0.0125 0.0109375
3 0.1609375 0.2359375 0.009375 0.015625
3 0.0765625 0.1984375 0.0078125 0.015625
3 0.0453125 0.2 0.0078125 0.015625
3 0.075 0.5890625 0.01875 0.00625
3 0.075 0.58125 0.0140625 0.00625
3 0.075 0.571875 0.0171875 0.009375
3 0.075 0.5640625 0.015625 0.00625
3 0.06875 0.459375 0.009375 0.01875
3 0.0421875 0.56875 0.0140625 0.0078125
3 0.0421875 0.553125 0.015625 0.0078125
3 0.0421875 0.5375 0.015625 0.00625
3 0.0421875 0.5265625 0.0140625 0.0078125
3 0.0765625 0.55625 0.015625 0.0078125
3 0.0765625 0.5296875 0.015625 0.0078125
3 0.0765625 0.521875 0.0203125 0.0078125
3 0.040625 0.51875 0.0171875 0.009375
3 0.11875 0.3515625 0.0140625 0.0078125
3 0.1171875 0.3421875 0.015625 0.009375
3 0.1875 0.8890625 0.0171875 0.00625
3 0.1859375 0.9046875 0.0140625 0.00625
3 0.184375 0.915625 0.0171875 0.00625
3 0.1734375 0.990625 0.0171875 0.0078125
3 0.221875 0.99375 0.0171875 0.00625
3 0.2265625 0.984375 0.015625 0.00625
3 0.1875 0.9828125 0.015625 0.00625
3 0.3734375 0.9546875 0.009375 0.01875
3 0.225 0.896875 0.0140625 0.0078125
3 0.2234375 0.8890625 0.0171875 0.0078125
3 0.225 0.88125 0.015625 0.00625
3 0.2234375 0.871875 0.0140625 0.00625
3 0.16875 0.8796875 0.015625 0.009375
3 0.16875 0.8890625 0.0171875 0.00625
3 0.171875 0.896875 0.015625 0.009375
3 0.1703125 0.9046875 0.015625 0.0078125
3 0.1671875 0.9125 0.015625 0.00625
3 0.16875 0.921875 0.0140625 0.0078125
3 0.1859375 0.9234375 0.0125 0.00625
3 0.275 0.9953125 0.015625 0.009375
3 0.4796875 0.9 0.009375 0.0203125
3 0.05625 0.6515625 0.009375 0.0171875
3 0.071875 0.6359375 0.0234375 0.0078125
3 0.0375 0.63125 0.0078125 0.015625
3 0.0296875 0.6484375 0.0109375 0.015625
3 0.053125 0.5875 0.0125 0.021875
