3 0.334375 0.81875 0.0140625 0.009375
3 0.296875 0.696875 0.0171875 0.0109375
3 0.296875 0.7046875 0.015625 0.0109375
3 0.3 0.7109375 0.0140625 0.009375
3 0.303125 0.71875 0.015625 0.009375
3 0.303125 0.7265625 0.0140625 0.009375
3 0.3078125 0.73125 0.0125 0.009375
3 0.309375 0.7390625 0.0140625 0.009375
3 0.3109375 0.746875 0.0125 0.0109375
3 0.3140625 0.7546875 0.0140625 0.0109375
3 0.3171875 0.759375 0.0109375 0.0109375
3 0.321875 0.775 0.0171875 0.0109375
3 0.328125 0.796875 0.0140625 0.009375
3 0.3328125 0.8109375 0.015625 0.009375
3 0.325 0.7890625 0.0125 0.009375
3 0.3375 0.825 0.0125 0.009375
3 0.3453125 0.89375 0.00625 0.0140625
3 0.3390625 0.8328125 0.0125 0.009375
3 0.3578125 0.7890625 0.0125 0.009375
3 0.35625 0.78125 0.0140625 0.0109375
3 0.353125 0.771875 0.0140625 0.0078125
3 0.3515625 0.765625 0.015625 0.009375
3 0.35 0.7578125 0.0140625 0.0078125
3 0.3390625 0.7234375 0.0171875 0.0125
3 0.3359375 0.715625 0.01875 0.0109375
3 0.34375 0.7359375 0.0171875 0.0125
3 0.3453125 0.74375 0.015625 0.0109375
3 0.446875 0.7796875 0.009375 0.015625
3 0.45625 0.7828125 0.009375 0.015625
3 0.36875 0.8140625 0.015625 0.0078125
3 0.340625 0.8390625 0.0140625 0.009375
3 0.353125 0.89375 0.00625 0.0140625
3 0.3359375 0.89375 0.0078125 0.015625
3 0.3484375 0.853125 0.015625 0.009375
3 0.103125 0.95625 0.0171875 0.0125
9 0.8890625 0.1390625 0.021875 0.021875
9 0.771875 0.0765625 0.0640625 0.028125
6 0.0359375 0.7796875 0.0453125 0.06875
6 0.146875 0.7171875 0.0484375 0.0671875
6 0.26875 0.7328125 0.046875 0.06875
6 0.3 0.828125 0.046875 0.06875
6 0.253125 0.84375 0.0453125 0.06875
6 0.1921875 0.8765625 0.05 0.06875
6 0.1453125 0.89375 0.0484375 0.06875
6 0.065625 0.8765625 0.0484375 0.06875
11 0.00625 0.984375 0.05 0.053125
3 0.1 0.96875 0.0203125 0.015625
3 0.321875 0.8921875 0.00625 0.0140625
3 0.2296875 0.925 0.015625 0.009375
3 0.23125 0.9328125 0.0140625 0.00625
3 0.2359375 0.946875 0.0171875 0.0109375
3 0.2390625 0.9546875 0.01875 0.0125
3 0.2421875 0.9625 0.0171875 0.009375
3 0.246875 0.9703125 0.01875 0.0140625
3 0.2484375 0.9796875 0.015625 0.009375
3 0.253125 0.909375 0.0078125 0.0125
3 0.2609375 0.9078125 0.0109375 0.0125
3 0.2796875 0.9 0.0109375 0.015625
3 0.2875 0.8984375 0.0078125 0.015625
3 0.3046875 0.89375 0.0078125 0.0125
3 0.3140625 0.89375 0.00625 0.0125
3 0.34375 0.8453125 0.0140625 0.009375
3 0.346875 0.8609375 0.0140625 0.0078125
3 0.321875 0.996875 0.00625 0.015625
3 0.325 0.928125 0.0078125 0.0171875
3 0.3171875 0.928125 0.0078125 0.0140625
3 0.284375 0.978125 0.00625 0.0140625
3 0.2984375 0.978125 0.0078125 0.0125
3 0.30625 0.9796875 0.0078125 0.0125
3 0.3203125 0.9796875 0.00625 0.0140625
3 0.328125 0.9796875 0.0078125 0.0109375
3 0.3359375 0.978125 0.00625 0.0140625
3 0.34375 0.978125 0.009375 0.0140625
3 0.3515625 0.9796875 0.00625 0.0125
3 0.3671875 0.98125 0.00625 0.015625
3 0.2984375 0.996875 0.0078125 0.015625
3 0.30625 0.996875 0.0078125 0.015625
3 0.3140625 0.996875 0.00625 0.0171875
3 0.3359375 0.9953125 0.0078125 0.0171875
3 0.340625 0.9296875 0.0078125 0.0140625
3 0.34375 0.9953125 0.009375 0.01875
3 0.35 0.996875 0.0078125 0.01875
3 0.3578125 0.9953125 0.00625 0.015625
3 0.3734375 0.996875 0.0078125 0.0140625
3 0.38125 0.9984375 0.0078125 0.0140625
3 0.3328125 0.9296875 0.0078125 0.015625
3 0.3484375 0.9296875 0.009375 0.0140625
3 0.3484375 0.8671875 0.015625 0.0078125
3 0.4890625 0.8796875 0.00625 0.0140625
3 0.3484375 0.875 0.015625 0.00625
3 0.4390625 0.8671875 0.009375 0.0140625
3 0.4203125 0.81875 0.015625 0.0109375
3 0.4484375 0.834375 0.0078125 0.0140625
3 0.45625 0.8375 0.009375 0.0125
3 0.4640625 0.840625 0.009375 0.0125
3 0.4703125 0.840625 0.0109375 0.0125
3 0.4921875 0.8484375 0.009375 0.015625
3 0.4984375 0.85 0.0125 0.0171875
3 0.4515625 0.8703125 0.0109375 0.0171875
3 0.459375 0.8703125 0.0109375 0.0140625
3 0.465625 0.875 0.009375 0.0171875
3 0.4734375 0.875 0.009375 0.0140625
3 0.4796875 0.8765625 0.009375 0.0171875
3 0.496875 0.8828125 0.0109375 0.0171875
3 0.35625 0.9296875 0.00625 0.0171875
3 0.509375 0.8875 0.0078125 0.015625
3 0.5171875 0.8890625 0.009375 0.015625
3 0.525 0.890625 0.009375 0.0171875
3 0.2703125 0.940625 0.0125 0.015625
3 0.2765625 0.9375 0.0125 0.0140625
3 0.284375 0.9359375 0.0125 0.0140625
3 0.290625 0.9328125 0.009375 0.015625
3 0.2875 0.9515625 0.015625 0.0078125
3 0.303125 0.9453125 0.00625 0.015625
3 0.309375 0.9453125 0.0078125 0.0140625
3 0.3171875 0.9453125 0.0078125 0.015625
3 0.33125 0.9453125 0.0078125 0.0171875
3 0.3390625 0.9453125 0.0078125 0.0171875
3 0.346875 0.94375 0.00625 0.0171875
3 0.4859375 0.9984375 0.00625 0.015625
3 0.49375 0.9984375 0.00625 0.0140625
3 0.5453125 0.9984375 0.00625 0.0140625
3 0.440625 0.9984375 0.0078125 0.0140625
3 0.6453125 0.9984375 0.015625 0.00625
3 0.6453125 0.990625 0.015625 0.00625
3 0.64375 0.9859375 0.0140625 0.00625
3 0.6453125 0.978125 0.015625 0.0078125
3 0.409375 0.98125 0.0078125 0.0125
3 0.41875 0.98125 0.009375 0.0140625
3 0.4265625 0.9828125 0.0046875 0.0125
3 0.434375 0.98125 0.0078125 0.015625
3 0.45625 0.98125 0.009375 0.0140625
3 0.4703125 0.9828125 0.0078125 0.015625
3 0.478125 0.9828125 0.0078125 0.015625
3 0.4859375 0.9828125 0.00625 0.015625
3 0.4921875 0.9828125 0.0078125 0.0125
3 0.4484375 0.9984375 0.009375 0.0140625
3 0.434375 0.9984375 0.00625 0.015625
3 0.5078125 0.984375 0.0078125 0.0125
3 0.4265625 0.996875 0.0078125 0.0171875
3 0.396875 0.9984375 0.009375 0.0140625
3 0.4109375 0.9984375 0.009375 0.015625
3 0.41875 0.9984375 0.0078125 0.015625
3 0.5 0.984375 0.0078125 0.0125
3 0.515625 0.984375 0.0078125 0.0140625
3 0.5328125 0.8578125 0.015625 0.015625
3 0.7578125 0.8171875 0.0171875 0.0125
3 0.746875 0.809375 0.0109375 0.0078125
3 0.753125 0.784375 0.0203125 0.0140625
3 0.8109375 0.765625 0.0125 0.015625
3 0.8046875 0.78125 0.0125 0.015625
3 0.7625 0.7671875 0.0140625 0.0125
4 0.78125 0.746875 0.0265625 0.01875
4 0.775 0.7359375 0.0296875 0.015625
3 0.9265625 0.646875 0.015625 0.015625
3 0.946875 0.6203125 0.015625 0.015625
1 0.984375 0.1046875 0.015625 0.0234375
3 0.6609375 0.903125 0.0125 0.00625
3 0.5234375 0.984375 0.009375 0.0171875
3 0.4796875 0.946875 0.00625 0.0125
3 0.54375 0.984375 0.0078125 0.0140625
3 0.553125 0.984375 0.009375 0.0171875
3 0.5671875 0.9828125 0.009375 0.0125
3 0.575 0.984375 0.0078125 0.0125
3 0.5828125 0.984375 0.009375 0.0140625
3 0.6046875 0.9859375 0.009375 0.0140625
3 0.39375 0.9484375 0.00625 0.015625
3 0.4109375 0.9484375 0.0046875 0.015625
3 0.41875 0.946875 0.009375 0.0171875
3 0.4265625 0.946875 0.0078125 0.015625
3 0.434375 0.946875 0.0078125 0.0171875
3 0.4484375 0.946875 0.009375 0.0171875
3 0.4625 0.946875 0.009375 0.015625
3 0.471875 0.9453125 0.0078125 0.015625
3 0.4859375 0.946875 0.00625 0.0140625
3 0.553125 0.9 0.0109375 0.0140625
3 0.49375 0.9484375 0.0078125 0.015625
3 0.5015625 0.9484375 0.0078125 0.0140625
3 0.525 0.9484375 0.009375 0.0140625
3 0.5390625 0.95 0.009375 0.015625
3 0.553125 0.9484375 0.00625 0.015625
3 0.5609375 0.9484375 0.009375 0.015625
3 0.56875 0.95 0.00625 0.0140625
3 0.575 0.9515625 0.0078125 0.0171875
3 0.5828125 0.9515625 0.0078125 0.0140625
3 0.590625 0.95 0.00625 0.0171875
3 0.5984375 0.9515625 0.0078125 0.0140625
3 0.60625 0.9515625 0.0078125 0.015625
3 0.6140625 0.9515625 0.009375 0.015625
3 0.53125 0.89375 0.0078125 0.0171875
9 0.8515625 0.203125 0.04375 0.0875
