3 0.73125 0.5921875 0.0125 0.00625
3 0.175 0.8984375 0.0171875 0.0125
3 0.1359375 0.925 0.01875 0.0125
3 0.06875 0.5953125 0.01875 0.0125
3 0.03125 0.334375 0.0171875 0.0109375
3 0.0421875 0.3671875 0.0140625 0.0125
3 0.084375 0.490625 0.0171875 0.0140625
3 0.0390625 0.4890625 0.0140625 0.0125
3 0.04375 0.4984375 0.015625 0.009375
3 0.05 0.5171875 0.0171875 0.0109375
3 0.090625 0.5109375 0.0171875 0.0125
3 0.478125 0.8015625 0.015625 0.0078125
3 0.734375 0.6890625 0.0140625 0.0109375
3 0.6890625 0.596875 0.015625 0.009375
3 0.7421875 0.5046875 0.0125 0.0078125
3 0.9265625 0.4703125 0.0140625 0.01875
3 0.9171875 0.521875 0.0109375 0.0203125
3 0.93125 0.6078125 0.0109375 0.0203125
3 0.3515625 0.7171875 0.0078125 0.015625
3 0.3 0.7734375 0.0140625 0.0203125
3 0.509375 0.9296875 0.0171875 0.0078125
0 0.1921875 0.3140625 0.053125 0.0609375
6 0.040625 0.2578125 0.0515625 0.071875
6 0.0015625 0.271875 0.0515625 0.075
3 0.7359375 0.68125 0.0109375 0.0046875
3 0.728125 0.00625 0.0171875 0.0171875
3 0.6921875 0.5078125 0.0140625 0.009375
3 0.7078125 0.1546875 0.015625 0.0078125
3 0.725 0.1984375 0.00625 0.015625
3 0.7265625 0.2140625 0.00625 0.015625
