3 0.1625 0.953125 0.0140625 0.01875
4 0.8453125 0.878125 0.0625 0.0265625
4 0.7890625 0.9296875 0.01875 0.0453125
4 0.7515625 0.8890625 0.034375 0.059375
4 0.6171875 0.8359375 0.0171875 0.0328125
4 0.68125 0.86875 0.0234375 0.0640625
4 0.6890625 0.78125 0.053125 0.0203125
4 0.784375 0.8390625 0.053125 0.015625
4 0.80625 0.9375 0.028125 0.0625
4 0.915625 0.50625 0.0484375 0.0359375
3 0.65 0.9359375 0.0203125 0.0171875
3 0.709375 0.3671875 0.0171875 0.01875
3 0.3703125 0.0890625 0.0140625 0.015625
3 0.51875 0.2515625 0.01875 0.01875
3 0.2 0.296875 0.0203125 0.01875
3 0.2640625 0.325 0.01875 0.0171875
3 0.38125 0.384375 0.01875 0.015625
3 0.684375 0.3765625 0.0140625 0.015625
3 0.6703125 0.3515625 0.01875 0.01875
