3 0.878125 0.9765625 0.0140625 0.00625
3 0.8796875 0.9359375 0.0140625 0.00625
3 0.8796875 0.9421875 0.015625 0.00625
3 0.8796875 0.9484375 0.0140625 0.0078125
3 0.88125 0.9546875 0.015625 0.00625
3 0.8796875 0.9625 0.0140625 0.0078125
3 0.8796875 0.96875 0.015625 0.0078125
3 0.878125 0.9953125 0.0140625 0.009375
3 0.8796875 0.928125 0.0140625 0.00625
3 0.878125 0.9234375 0.0140625 0.00625
3 0.8796875 0.909375 0.015625 0.0078125
3 0.878125 0.9015625 0.0140625 0.0078125
3 0.8796875 0.89375 0.015625 0.00625
3 0.8796875 0.8875 0.0140625 0.0078125
3 0.8796875 0.88125 0.0140625 0.00625
3 0.8796875 0.8765625 0.0140625 0.0078125
3 0.8796875 0.8546875 0.0140625 0.0078125
3 0.8796875 0.86875 0.015625 0.0078125
3 0.9828125 0.996875 0.0078125 0.0140625
3 0.9703125 0.9953125 0.0078125 0.0125
3 0.9546875 0.99375 0.0078125 0.015625
3 0.9328125 0.9921875 0.0078125 0.0140625
3 0.909375 0.99375 0.009375 0.0171875
3 0.9921875 0.94375 0.0078125 0.0171875
3 0.9265625 0.9234375 0.0078125 0.0140625
3 0.934375 0.9234375 0.0078125 0.0140625
3 0.9390625 0.925 0.00625 0.0140625
3 0.9546875 0.9265625 0.0078125 0.0140625
3 0.9640625 0.925 0.00625 0.0140625
3 0.971875 0.9265625 0.0078125 0.0125
3 0.984375 0.925 0.0078125 0.0140625
3 0.984375 0.94375 0.00625 0.015625
3 0.9703125 0.9765625 0.0078125 0.015625
3 0.99375 0.9765625 0.00625 0.015625
3 0.984375 0.978125 0.0078125 0.015625
3 0.9625 0.978125 0.00625 0.015625
3 0.9640625 0.94375 0.009375 0.0140625
3 0.9546875 0.975 0.0078125 0.015625
3 0.946875 0.9765625 0.0078125 0.0140625
3 0.934375 0.975 0.0078125 0.015625
3 0.925 0.9765625 0.0078125 0.0109375
3 0.91875 0.9765625 0.00625 0.015625
3 0.909375 0.975 0.0078125 0.015625
3 0.9109375 0.940625 0.00625 0.0140625
3 0.9109375 0.9234375 0.0078125 0.0140625
3 0.91875 0.925 0.0078125 0.015625
3 0.9171875 0.940625 0.0046875 0.0140625
3 0.934375 0.9421875 0.00625 0.0140625
3 0.940625 0.94375 0.0078125 0.0125
3 0.9484375 0.94375 0.00625 0.0125
3 0.95625 0.94375 0.009375 0.015625
3 0.9265625 0.609375 0.0140625 0.009375
3 0.8890625 0.4875 0.0171875 0.0109375
3 0.8890625 0.4953125 0.015625 0.0109375
3 0.8921875 0.5015625 0.0140625 0.009375
3 0.8953125 0.509375 0.015625 0.009375
3 0.8953125 0.5171875 0.0140625 0.009375
3 0.9 0.521875 0.0125 0.009375
3 0.9015625 0.5296875 0.0140625 0.009375
3 0.903125 0.5375 0.0125 0.0109375
3 0.90625 0.5453125 0.0140625 0.0109375
3 0.909375 0.55 0.0109375 0.0109375
3 0.9140625 0.565625 0.0171875 0.0109375
3 0.9203125 0.5875 0.0140625 0.009375
3 0.925 0.6015625 0.015625 0.009375
3 0.9171875 0.5796875 0.0125 0.009375
3 0.9296875 0.615625 0.0125 0.009375
3 0.9375 0.684375 0.00625 0.0140625
3 0.93125 0.6234375 0.0125 0.009375
3 0.95 0.5796875 0.0125 0.009375
3 0.9484375 0.571875 0.0140625 0.0109375
3 0.9453125 0.5625 0.0140625 0.0078125
3 0.94375 0.55625 0.015625 0.009375
3 0.9421875 0.5484375 0.0140625 0.0078125
3 0.93125 0.5140625 0.0171875 0.0125
3 0.928125 0.50625 0.01875 0.0109375
3 0.9359375 0.5265625 0.0171875 0.0125
3 0.9375 0.534375 0.015625 0.0109375
3 0.9609375 0.6046875 0.015625 0.0078125
3 0.9328125 0.6296875 0.0140625 0.009375
3 0.9453125 0.684375 0.00625 0.0140625
3 0.928125 0.684375 0.0078125 0.015625
3 0.940625 0.64375 0.015625 0.009375
3 0.6953125 0.746875 0.0171875 0.0125
0 0.4984375 0.271875 0.1953125 0.3109375
6 0.628125 0.5703125 0.0453125 0.06875
6 0.7390625 0.5078125 0.0484375 0.0671875
6 0.8609375 0.5234375 0.046875 0.06875
6 0.8921875 0.61875 0.046875 0.06875
6 0.8453125 0.634375 0.0453125 0.06875
6 0.784375 0.6671875 0.05 0.06875
6 0.7375 0.684375 0.0484375 0.06875
6 0.6578125 0.6671875 0.0484375 0.06875
11 0.5984375 0.775 0.05 0.053125
3 0.6921875 0.759375 0.0203125 0.015625
3 0.7921875 0.8015625 0.01875 0.0140625
3 0.9140625 0.6828125 0.00625 0.0140625
3 0.821875 0.715625 0.015625 0.009375
3 0.8234375 0.7234375 0.0140625 0.00625
3 0.828125 0.7375 0.0171875 0.0109375
3 0.83125 0.7453125 0.01875 0.0125
3 0.834375 0.753125 0.0171875 0.009375
3 0.8390625 0.7609375 0.01875 0.0140625
3 0.840625 0.7703125 0.015625 0.009375
3 0.8484375 0.7953125 0.0140625 0.025
3 0.8453125 0.7 0.0078125 0.0125
3 0.853125 0.6984375 0.0109375 0.0125
3 0.871875 0.690625 0.0109375 0.015625
3 0.8796875 0.6890625 0.0078125 0.015625
3 0.896875 0.684375 0.0078125 0.0125
3 0.90625 0.684375 0.00625 0.0125
3 0.9359375 0.6359375 0.0140625 0.009375
3 0.9390625 0.6515625 0.0140625 0.0078125
3 0.9140625 0.7875 0.00625 0.015625
3 0.9171875 0.71875 0.0078125 0.0171875
3 0.909375 0.71875 0.0078125 0.0140625
3 0.8765625 0.76875 0.00625 0.0140625
3 0.890625 0.76875 0.0078125 0.0125
3 0.8984375 0.7703125 0.0078125 0.0125
3 0.9125 0.7703125 0.00625 0.0140625
3 0.9203125 0.7703125 0.0078125 0.0109375
3 0.928125 0.76875 0.00625 0.0140625
3 0.9359375 0.76875 0.009375 0.0140625
3 0.94375 0.7703125 0.00625 0.0125
3 0.959375 0.771875 0.00625 0.015625
3 0.890625 0.7875 0.0078125 0.015625
3 0.8984375 0.7875 0.0078125 0.015625
3 0.90625 0.7875 0.00625 0.0171875
3 0.928125 0.7859375 0.0078125 0.0171875
3 0.9328125 0.7203125 0.0078125 0.0140625
3 0.9359375 0.7859375 0.009375 0.01875
3 0.9421875 0.7875 0.0078125 0.01875
3 0.95 0.7859375 0.00625 0.015625
3 0.965625 0.7875 0.0078125 0.0140625
3 0.9734375 0.7890625 0.0078125 0.0140625
3 0.925 0.7203125 0.0078125 0.015625
3 0.940625 0.7203125 0.009375 0.0140625
3 0.940625 0.6578125 0.015625 0.0078125
3 0.940625 0.665625 0.015625 0.00625
3 0.9484375 0.7203125 0.00625 0.0171875
3 0.8625 0.73125 0.0125 0.015625
3 0.86875 0.728125 0.0125 0.0140625
3 0.8765625 0.7265625 0.0125 0.0140625
3 0.8828125 0.7234375 0.009375 0.015625
3 0.8796875 0.7421875 0.015625 0.0078125
3 0.8953125 0.7359375 0.00625 0.015625
3 0.9015625 0.7359375 0.0078125 0.0140625
3 0.909375 0.7359375 0.0078125 0.015625
3 0.9234375 0.7359375 0.0078125 0.0171875
3 0.93125 0.7359375 0.0078125 0.0171875
3 0.9390625 0.734375 0.00625 0.0171875
3 0.99375 0.925 0.00625 0.0140625
3 0.99375 0.8234375 0.0078125 0.0171875
3 0.9125 0.821875 0.0078125 0.015625
3 0.9203125 0.8234375 0.009375 0.015625
3 0.928125 0.8234375 0.00625 0.015625
3 0.9359375 0.821875 0.009375 0.0171875
3 0.95 0.821875 0.009375 0.0140625
3 0.9578125 0.8234375 0.0078125 0.015625
3 0.965625 0.8234375 0.00625 0.015625
3 0.9734375 0.8234375 0.009375 0.0140625
3 0.9859375 0.821875 0.00625 0.015625
3 0.9890625 0.7890625 0.009375 0.0140625
3 0.9859375 0.7390625 0.00625 0.015625
3 0.99375 0.89375 0.0078125 0.015625
3 0.9859375 0.89375 0.0078125 0.015625
3 0.9125 0.8734375 0.00625 0.0140625
3 0.971875 0.8921875 0.0078125 0.0140625
3 0.9125 0.890625 0.00625 0.0125
3 0.91875 0.890625 0.0078125 0.0125
3 0.9265625 0.890625 0.0078125 0.0140625
3 0.9328125 0.8921875 0.0078125 0.015625
3 0.940625 0.8921875 0.0078125 0.0125
3 0.9484375 0.8921875 0.0078125 0.0125
3 0.95625 0.8921875 0.0078125 0.0140625
3 0.9640625 0.89375 0.0078125 0.015625
3 0.91875 0.8734375 0.0078125 0.015625
3 0.928125 0.8390625 0.0078125 0.0140625
3 0.9359375 0.8390625 0.0078125 0.0125
3 0.9421875 0.840625 0.0078125 0.015625
3 0.95 0.8390625 0.00625 0.0140625
3 0.9578125 0.8375 0.00625 0.0140625
3 0.9640625 0.8390625 0.00625 0.0140625
3 0.9734375 0.8390625 0.0109375 0.0140625
3 0.984375 0.840625 0.0078125 0.015625
3 0.99375 0.840625 0.0078125 0.0171875
3 0.9125 0.8390625 0.0078125 0.015625
3 0.9203125 0.8390625 0.0078125 0.0140625
3 0.9265625 0.8734375 0.0078125 0.015625
3 0.934375 0.8734375 0.0078125 0.015625
3 0.9421875 0.875 0.00625 0.0125
3 0.95 0.875 0.0078125 0.0140625
3 0.9578125 0.8734375 0.0078125 0.0140625
3 0.965625 0.8734375 0.0078125 0.015625
3 0.9734375 0.8734375 0.0078125 0.0140625
3 0.984375 0.8734375 0.0078125 0.0140625
3 0.9921875 0.8734375 0.0078125 0.0171875
