3 0.6328125 0.9015625 0.0125 0.025
3 0.11875 0.9953125 0.0140625 0.0078125
3 0.1203125 0.9875 0.015625 0.00625
3 0.1203125 0.98125 0.0140625 0.0078125
3 0.1203125 0.975 0.0140625 0.00625
3 0.1203125 0.9703125 0.0140625 0.0078125
3 0.1203125 0.9484375 0.0140625 0.0078125
3 0.1203125 0.9625 0.015625 0.0078125
3 0.1671875 0.703125 0.0140625 0.009375
3 0.1296875 0.58125 0.0171875 0.0109375
3 0.1296875 0.5890625 0.015625 0.0109375
3 0.1328125 0.5953125 0.0140625 0.009375
3 0.1359375 0.603125 0.015625 0.009375
3 0.1359375 0.6109375 0.0140625 0.009375
3 0.140625 0.615625 0.0125 0.009375
3 0.1421875 0.6234375 0.0140625 0.009375
3 0.14375 0.63125 0.0125 0.0109375
3 0.146875 0.6390625 0.0140625 0.0109375
3 0.15 0.64375 0.0109375 0.0109375
3 0.1546875 0.659375 0.0171875 0.0109375
3 0.1609375 0.68125 0.0140625 0.009375
3 0.165625 0.6953125 0.015625 0.009375
3 0.1578125 0.6734375 0.0125 0.009375
3 0.1703125 0.709375 0.0125 0.009375
3 0.178125 0.778125 0.00625 0.0140625
3 0.171875 0.7171875 0.0125 0.009375
3 0.190625 0.6734375 0.0125 0.009375
3 0.1890625 0.665625 0.0140625 0.0109375
3 0.1859375 0.65625 0.0140625 0.0078125
3 0.184375 0.65 0.015625 0.009375
3 0.1828125 0.6421875 0.0140625 0.0078125
3 0.171875 0.6078125 0.0171875 0.0125
3 0.16875 0.6 0.01875 0.0109375
3 0.1765625 0.6203125 0.0171875 0.0125
3 0.178125 0.628125 0.015625 0.0109375
3 0.2796875 0.6640625 0.009375 0.015625
3 0.2890625 0.6671875 0.009375 0.015625
3 0.2015625 0.6984375 0.015625 0.0078125
3 0.1734375 0.7234375 0.0140625 0.009375
3 0.1859375 0.778125 0.00625 0.0140625
3 0.16875 0.778125 0.0078125 0.015625
3 0.18125 0.7375 0.015625 0.009375
9 0.721875 0.0234375 0.021875 0.021875
6 0.1015625 0.6171875 0.046875 0.06875
6 0.1328125 0.7125 0.046875 0.06875
6 0.0859375 0.728125 0.0453125 0.06875
6 0.025 0.7609375 0.05 0.06875
3 0.0328125 0.8953125 0.01875 0.0140625
3 0.1546875 0.7765625 0.00625 0.0140625
3 0.0625 0.809375 0.015625 0.009375
3 0.0640625 0.8171875 0.0140625 0.00625
3 0.06875 0.83125 0.0171875 0.0109375
3 0.071875 0.8390625 0.01875 0.0125
3 0.075 0.846875 0.0171875 0.009375
3 0.0796875 0.8546875 0.01875 0.0140625
3 0.08125 0.8640625 0.015625 0.009375
3 0.0890625 0.8890625 0.0140625 0.025
3 0.0859375 0.79375 0.0078125 0.0125
3 0.09375 0.7921875 0.0109375 0.0125
3 0.1125 0.784375 0.0109375 0.015625
3 0.1203125 0.7828125 0.0078125 0.015625
3 0.1375 0.778125 0.0078125 0.0125
3 0.146875 0.778125 0.00625 0.0125
3 0.1765625 0.7296875 0.0140625 0.009375
3 0.1796875 0.7453125 0.0140625 0.0078125
3 0.1546875 0.88125 0.00625 0.015625
3 0.1578125 0.8125 0.0078125 0.0171875
3 0.15 0.8125 0.0078125 0.0140625
3 0.1171875 0.8625 0.00625 0.0140625
3 0.13125 0.8625 0.0078125 0.0125
3 0.1390625 0.8640625 0.0078125 0.0125
3 0.153125 0.8640625 0.00625 0.0140625
3 0.1609375 0.8640625 0.0078125 0.0109375
3 0.16875 0.8625 0.00625 0.0140625
3 0.1765625 0.8625 0.009375 0.0140625
3 0.184375 0.8640625 0.00625 0.0125
3 0.2 0.865625 0.00625 0.015625
3 0.13125 0.88125 0.0078125 0.015625
3 0.1390625 0.88125 0.0078125 0.015625
3 0.146875 0.88125 0.00625 0.0171875
3 0.16875 0.8796875 0.0078125 0.0171875
3 0.1734375 0.8140625 0.0078125 0.0140625
3 0.1765625 0.8796875 0.009375 0.01875
3 0.1828125 0.88125 0.0078125 0.01875
3 0.190625 0.8796875 0.00625 0.015625
3 0.20625 0.88125 0.0078125 0.0140625
3 0.2140625 0.8828125 0.0078125 0.0140625
3 0.165625 0.8140625 0.0078125 0.015625
3 0.18125 0.8140625 0.009375 0.0140625
3 0.18125 0.7515625 0.015625 0.0078125
3 0.321875 0.7640625 0.00625 0.0140625
3 0.18125 0.759375 0.015625 0.00625
3 0.271875 0.7515625 0.009375 0.0140625
3 0.253125 0.703125 0.015625 0.0109375
3 0.28125 0.71875 0.0078125 0.0140625
3 0.2890625 0.721875 0.009375 0.0125
3 0.296875 0.725 0.009375 0.0125
3 0.303125 0.725 0.0109375 0.0125
3 0.325 0.7328125 0.009375 0.015625
3 0.33125 0.734375 0.0125 0.0171875
3 0.284375 0.7546875 0.0109375 0.0171875
3 0.2921875 0.7546875 0.0109375 0.0140625
3 0.2984375 0.759375 0.009375 0.0171875
3 0.30625 0.759375 0.009375 0.0140625
3 0.3125 0.7609375 0.009375 0.0171875
3 0.3296875 0.7671875 0.0109375 0.0171875
3 0.1890625 0.8140625 0.00625 0.0171875
3 0.3421875 0.771875 0.0078125 0.015625
3 0.35 0.7734375 0.009375 0.015625
3 0.3578125 0.775 0.009375 0.0171875
3 0.103125 0.825 0.0125 0.015625
3 0.109375 0.821875 0.0125 0.0140625
3 0.1171875 0.8203125 0.0125 0.0140625
3 0.1234375 0.8171875 0.009375 0.015625
3 0.1203125 0.8359375 0.015625 0.0078125
3 0.1359375 0.8296875 0.00625 0.015625
3 0.1421875 0.8296875 0.0078125 0.0140625
3 0.15 0.8296875 0.0078125 0.015625
3 0.1640625 0.8296875 0.0078125 0.0171875
3 0.171875 0.8296875 0.0078125 0.0171875
3 0.1796875 0.828125 0.00625 0.0171875
3 0.4765625 0.9015625 0.015625 0.0078125
3 0.296875 0.884375 0.00625 0.015625
3 0.3046875 0.884375 0.009375 0.015625
3 0.31875 0.8828125 0.00625 0.015625
3 0.3265625 0.8828125 0.00625 0.0140625
3 0.35625 0.8859375 0.009375 0.015625
3 0.3703125 0.884375 0.00625 0.0140625
3 0.378125 0.8828125 0.00625 0.0140625
3 0.390625 0.8859375 0.0078125 0.0140625
3 0.4 0.8859375 0.0078125 0.015625
3 0.415625 0.8859375 0.0078125 0.0125
3 0.4296875 0.884375 0.0078125 0.0140625
3 0.4375 0.884375 0.0078125 0.0140625
3 0.4453125 0.884375 0.0078125 0.0140625
3 0.4765625 0.909375 0.015625 0.0078125
3 0.4765625 0.8953125 0.015625 0.0078125
3 0.2734375 0.8828125 0.0078125 0.0140625
3 0.4765625 0.8875 0.0140625 0.00625
3 0.478125 0.8828125 0.015625 0.00625
3 0.478125 0.875 0.015625 0.00625
3 0.4765625 0.8703125 0.0140625 0.00625
3 0.478125 0.8625 0.015625 0.0078125
3 0.2421875 0.865625 0.0078125 0.0125
3 0.2515625 0.865625 0.009375 0.0140625
3 0.259375 0.8671875 0.0046875 0.0125
3 0.2671875 0.865625 0.0078125 0.015625
3 0.2890625 0.865625 0.009375 0.0140625
3 0.303125 0.8671875 0.0078125 0.015625
3 0.3109375 0.8671875 0.0078125 0.015625
3 0.31875 0.8671875 0.00625 0.015625
3 0.325 0.8671875 0.0078125 0.0125
3 0.28125 0.8828125 0.009375 0.0140625
3 0.2671875 0.8828125 0.00625 0.015625
3 0.340625 0.86875 0.0078125 0.0125
3 0.234375 0.9171875 0.0078125 0.0171875
3 0.4203125 0.9203125 0.00625 0.0140625
3 0.4109375 0.9203125 0.0078125 0.0140625
3 0.4015625 0.91875 0.0078125 0.0140625
3 0.375 0.91875 0.00625 0.0140625
3 0.3671875 0.9171875 0.0078125 0.0140625
3 0.153125 0.915625 0.0078125 0.015625
3 0.1609375 0.9171875 0.009375 0.015625
3 0.16875 0.9171875 0.00625 0.015625
3 0.1765625 0.915625 0.009375 0.0171875
3 0.190625 0.915625 0.009375 0.0140625
3 0.1984375 0.9171875 0.0078125 0.015625
3 0.20625 0.9171875 0.00625 0.015625
3 0.2140625 0.9171875 0.009375 0.0140625
3 0.2265625 0.915625 0.00625 0.015625
3 0.2421875 0.91875 0.0078125 0.015625
3 0.259375 0.88125 0.0078125 0.0171875
3 0.2484375 0.9171875 0.0078125 0.0171875
3 0.25625 0.91875 0.009375 0.015625
3 0.2671875 0.9171875 0.00625 0.0140625
3 0.275 0.91875 0.0078125 0.0125
3 0.284375 0.9171875 0.0078125 0.0140625
3 0.3 0.9171875 0.0078125 0.0140625
3 0.309375 0.91875 0.0078125 0.0125
3 0.31875 0.9171875 0.009375 0.0140625
3 0.328125 0.91875 0.00625 0.0125
3 0.3375 0.91875 0.00625 0.0140625
3 0.3546875 0.91875 0.00625 0.0140625
3 0.2296875 0.8828125 0.009375 0.0140625
3 0.24375 0.8828125 0.009375 0.015625
3 0.2515625 0.8828125 0.0078125 0.015625
3 0.3328125 0.86875 0.0078125 0.0125
3 0.3484375 0.86875 0.0078125 0.0140625
3 0.43125 0.9375 0.00625 0.0140625
3 0.365625 0.7421875 0.015625 0.015625
3 0.5953125 0.9375 0.009375 0.0171875
3 0.590625 0.7015625 0.0171875 0.0125
3 0.5796875 0.69375 0.0109375 0.0078125
3 0.5859375 0.66875 0.0203125 0.0140625
3 0.64375 0.65 0.0125 0.015625
3 0.6375 0.665625 0.0125 0.015625
3 0.5953125 0.6515625 0.0140625 0.0125
4 0.6140625 0.63125 0.0265625 0.01875
4 0.6078125 0.6203125 0.0296875 0.015625
3 0.759375 0.53125 0.015625 0.015625
3 0.7796875 0.5046875 0.015625 0.015625
3 0.8953125 0.4046875 0.0171875 0.015625
3 0.49375 0.7875 0.0125 0.00625
3 0.35625 0.86875 0.009375 0.0171875
3 0.3125 0.83125 0.00625 0.0125
3 0.3765625 0.86875 0.0078125 0.0140625
3 0.3859375 0.86875 0.009375 0.0171875
3 0.4 0.8671875 0.009375 0.0125
3 0.4078125 0.86875 0.0078125 0.0125
3 0.415625 0.86875 0.009375 0.0140625
3 0.4375 0.8703125 0.009375 0.0140625
3 0.2265625 0.8328125 0.00625 0.015625
3 0.24375 0.8328125 0.0046875 0.015625
3 0.2515625 0.83125 0.009375 0.0171875
3 0.259375 0.83125 0.0078125 0.015625
3 0.2671875 0.83125 0.0078125 0.0171875
3 0.28125 0.83125 0.009375 0.0171875
3 0.2953125 0.83125 0.009375 0.015625
3 0.3046875 0.8296875 0.0078125 0.015625
3 0.31875 0.83125 0.00625 0.0140625
3 0.3859375 0.784375 0.0109375 0.0140625
3 0.3265625 0.8328125 0.0078125 0.015625
3 0.334375 0.8328125 0.0078125 0.0140625
3 0.3578125 0.8328125 0.009375 0.0140625
3 0.371875 0.834375 0.009375 0.015625
3 0.3859375 0.8328125 0.00625 0.015625
3 0.39375 0.8328125 0.009375 0.015625
3 0.4015625 0.834375 0.00625 0.0140625
3 0.4078125 0.8359375 0.0078125 0.0171875
3 0.415625 0.8359375 0.0078125 0.0140625
3 0.4234375 0.834375 0.00625 0.0171875
3 0.43125 0.8359375 0.0078125 0.0140625
3 0.4390625 0.8359375 0.0078125 0.015625
3 0.446875 0.8359375 0.009375 0.015625
3 0.3640625 0.778125 0.0078125 0.0171875
3 0.4359375 0.91875 0.00625 0.015625
3 0.4234375 0.9375 0.0078125 0.0140625
3 0.3546875 0.9890625 0.00625 0.0125
3 0.2484375 0.9859375 0.00625 0.0140625
3 0.25625 0.9859375 0.0078125 0.015625
3 0.2640625 0.9859375 0.0078125 0.015625
3 0.271875 0.9875 0.00625 0.0140625
3 0.278125 0.9875 0.0078125 0.015625
3 0.2875 0.9875 0.0078125 0.0140625
3 0.2953125 0.9875 0.00625 0.0109375
3 0.3 0.9875 0.00625 0.0125
3 0.309375 0.9875 0.00625 0.0140625
3 0.3171875 0.9875 0.00625 0.0171875
3 0.3234375 0.9890625 0.0078125 0.0140625
3 0.33125 0.9890625 0.00625 0.015625
3 0.3375 0.9875 0.0078125 0.0140625
3 0.3453125 0.9875 0.0078125 0.0140625
3 0.3671875 0.9890625 0.00625 0.015625
3 0.234375 0.9875 0.0078125 0.015625
3 0.375 0.9875 0.00625 0.0140625
3 0.3828125 0.9890625 0.009375 0.0125
3 0.390625 0.9875 0.0078125 0.0140625
3 0.396875 0.9875 0.0078125 0.015625
3 0.4046875 0.9890625 0.0078125 0.015625
3 0.4109375 0.9875 0.0078125 0.0140625
3 0.428125 0.9890625 0.0078125 0.0171875
3 0.4359375 0.9890625 0.0078125 0.015625
3 0.44375 0.9890625 0.0078125 0.0140625
3 0.428125 0.971875 0.0078125 0.015625
3 0.4203125 0.971875 0.00625 0.015625
3 0.4734375 0.9953125 0.0140625 0.00625
3 0.4734375 0.9875 0.0140625 0.0046875
3 0.4765625 0.9546875 0.015625 0.0078125
3 0.2421875 0.9859375 0.00625 0.015625
3 0.2265625 0.9875 0.0078125 0.015625
3 0.153125 0.9671875 0.00625 0.0140625
3 0.2125 0.9859375 0.0078125 0.0140625
3 0.153125 0.984375 0.00625 0.0125
3 0.159375 0.984375 0.0078125 0.0125
3 0.1671875 0.984375 0.0078125 0.0140625
3 0.1734375 0.9859375 0.0078125 0.015625
3 0.18125 0.9859375 0.0078125 0.0125
3 0.1890625 0.9859375 0.0078125 0.0125
3 0.196875 0.9859375 0.0078125 0.0140625
3 0.2046875 0.9875 0.0078125 0.015625
3 0.475 0.9625 0.015625 0.00625
3 0.159375 0.9671875 0.0078125 0.015625
3 0.415625 0.9375 0.0078125 0.015625
3 0.2796875 0.9328125 0.00625 0.0140625
3 0.16875 0.9328125 0.0078125 0.0140625
3 0.1765625 0.9328125 0.0078125 0.0125
3 0.1828125 0.934375 0.0078125 0.015625
3 0.190625 0.9328125 0.00625 0.0140625
3 0.1984375 0.93125 0.00625 0.0140625
3 0.2046875 0.9328125 0.00625 0.0140625
3 0.2140625 0.9328125 0.0109375 0.0140625
3 0.225 0.934375 0.0078125 0.015625
3 0.234375 0.934375 0.0078125 0.0171875
3 0.2421875 0.934375 0.0078125 0.015625
3 0.25 0.9359375 0.00625 0.015625
3 0.2578125 0.934375 0.0078125 0.0125
3 0.2640625 0.934375 0.0078125 0.015625
3 0.2734375 0.9328125 0.00625 0.0140625
3 0.2875 0.9328125 0.00625 0.0140625
3 0.153125 0.9328125 0.0078125 0.015625
3 0.29375 0.934375 0.00625 0.0140625
3 0.3 0.934375 0.0078125 0.0125
3 0.309375 0.934375 0.00625 0.0125
3 0.3171875 0.934375 0.00625 0.015625
3 0.325 0.934375 0.0078125 0.0140625
3 0.3328125 0.9359375 0.00625 0.015625
3 0.3390625 0.9359375 0.0078125 0.015625
3 0.3546875 0.9359375 0.0078125 0.0140625
3 0.3765625 0.9375 0.00625 0.0125
3 0.3671875 0.9359375 0.00625 0.0125
3 0.384375 0.9375 0.0078125 0.0125
3 0.3921875 0.9375 0.0078125 0.0125
3 0.4015625 0.9375 0.009375 0.015625
3 0.409375 0.9375 0.00625 0.015625
3 0.1609375 0.9328125 0.0078125 0.0140625
3 0.4125 0.971875 0.0078125 0.0140625
3 0.1671875 0.9671875 0.0078125 0.015625
3 0.2875 0.9703125 0.00625 0.0140625
3 0.175 0.9671875 0.0078125 0.015625
3 0.1828125 0.96875 0.00625 0.0125
3 0.190625 0.96875 0.0078125 0.0140625
3 0.1984375 0.9671875 0.0078125 0.0140625
3 0.20625 0.9671875 0.0078125 0.015625
3 0.2140625 0.9671875 0.0078125 0.0140625
3 0.225 0.9671875 0.0078125 0.0140625
3 0.2328125 0.9671875 0.0078125 0.0171875
3 0.2421875 0.9671875 0.0078125 0.0140625
3 0.25 0.96875 0.0078125 0.0125
3 0.2578125 0.96875 0.00625 0.0140625
3 0.265625 0.96875 0.00625 0.015625
3 0.2734375 0.9671875 0.0078125 0.015625
3 0.2796875 0.9703125 0.0078125 0.0140625
3 0.29375 0.9703125 0.0078125 0.0140625
3 0.40625 0.971875 0.00625 0.0140625
3 0.3015625 0.9703125 0.0078125 0.0140625
3 0.309375 0.9703125 0.0078125 0.0140625
3 0.3171875 0.96875 0.00625 0.015625
3 0.325 0.96875 0.0078125 0.0140625
3 0.3328125 0.9703125 0.0078125 0.0125
3 0.3390625 0.96875 0.0078125 0.0125
3 0.346875 0.96875 0.0046875 0.0140625
3 0.353125 0.96875 0.00625 0.0125
3 0.36875 0.96875 0.009375 0.0140625
3 0.4203125 0.9875 0.0078125 0.015625
3 0.3765625 0.9703125 0.009375 0.015625
3 0.384375 0.96875 0.00625 0.0140625
3 0.3921875 0.9703125 0.00625 0.0125
3 0.4 0.96875 0.0078125 0.015625
9 0.684375 0.0875 0.04375 0.0875
