3 0.3953125 0.9625 0.0125 0.0078125
3 0.5796875 0.928125 0.0140625 0.01875
3 0.5703125 0.9796875 0.0109375 0.0203125
3 0.38125 0.4640625 0.0171875 0.0171875
3 0.7875 0.0640625 0.0140625 0.015625
3 0.9359375 0.2265625 0.01875 0.01875
3 0.2328125 0.0171875 0.01875 0.0171875
3 0.340625 0.0671875 0.01875 0.01875
3 0.6171875 0.271875 0.0203125 0.01875
3 0.68125 0.3 0.01875 0.0171875
3 0.7984375 0.359375 0.01875 0.015625
3 0.3453125 0.965625 0.0140625 0.009375
3 0.3609375 0.6125 0.015625 0.0078125
3 0.378125 0.65625 0.00625 0.015625
3 0.3796875 0.671875 0.00625 0.015625
