3 0.0625 0.940625 0.0109375 0.0140625
3 0.025 0.540625 0.0140625 0.00625
3 0.0265625 0.5 0.0140625 0.00625
3 0.0265625 0.50625 0.015625 0.00625
3 0.0265625 0.5125 0.0140625 0.0078125
3 0.028125 0.51875 0.015625 0.00625
3 0.0265625 0.5265625 0.0140625 0.0078125
3 0.0265625 0.5328125 0.015625 0.0078125
3 0.025 0.559375 0.0140625 0.009375
3 0.5390625 0.371875 0.0125 0.025
3 0.0265625 0.565625 0.0140625 0.0078125
3 0.025 0.571875 0.015625 0.00625
3 0.0546875 0.590625 0.0078125 0.0125
3 0.0546875 0.6078125 0.0078125 0.0140625
3 0.0640625 0.590625 0.0078125 0.015625
3 0.13125 0.590625 0.0078125 0.015625
3 0.0265625 0.4921875 0.0140625 0.00625
3 0.025 0.4875 0.0140625 0.00625
3 0.0265625 0.4734375 0.015625 0.0078125
3 0.025 0.465625 0.0140625 0.0078125
3 0.0265625 0.4578125 0.015625 0.00625
3 0.0265625 0.4515625 0.0140625 0.0078125
3 0.0265625 0.4453125 0.0140625 0.00625
3 0.0265625 0.440625 0.0140625 0.0078125
3 0.0265625 0.41875 0.0140625 0.0078125
3 0.0265625 0.4328125 0.015625 0.0078125
3 0.1921875 0.5609375 0.0078125 0.015625
3 0.1828125 0.559375 0.0078125 0.015625
3 0.16875 0.559375 0.0078125 0.0140625
3 0.153125 0.559375 0.009375 0.0125
3 0.1296875 0.5609375 0.0078125 0.0140625
3 0.1171875 0.559375 0.0078125 0.0125
3 0.1015625 0.5578125 0.0078125 0.015625
3 0.1609375 0.59375 0.0078125 0.0140625
3 0.1765625 0.59375 0.00625 0.0125
3 0.2390625 0.5578125 0.0125 0.00625
3 0.278125 0.6375 0.0140625 0.0140625
3 0.2046875 0.696875 0.0078125 0.0140625
3 0.278125 0.665625 0.0125 0.0140625
3 0.26875 0.665625 0.0109375 0.0140625
3 0.2609375 0.6640625 0.0125 0.015625
3 0.2515625 0.6640625 0.0125 0.0140625
3 0.24375 0.6625 0.0140625 0.0140625
3 0.2046875 0.6609375 0.009375 0.0171875
3 0.190625 0.6609375 0.0078125 0.0140625
3 0.20625 0.64375 0.00625 0.0140625
3 0.1984375 0.6453125 0.0078125 0.0125
3 0.1890625 0.64375 0.0078125 0.0140625
3 0.24375 0.6359375 0.0125 0.0140625
3 0.259375 0.6359375 0.009375 0.0140625
3 0.2703125 0.6375 0.0125 0.0109375
3 0.2875 0.6375 0.0125 0.0140625
3 0.2390625 0.5640625 0.0125 0.00625
3 0.11875 0.64375 0.00625 0.0125
3 0.153125 0.6109375 0.009375 0.0140625
3 0.1609375 0.6109375 0.0078125 0.0140625
3 0.175 0.6109375 0.0078125 0.0140625
3 0.1890625 0.6125 0.0078125 0.015625
3 0.1984375 0.6125 0.00625 0.015625
3 0.2046875 0.6109375 0.0046875 0.015625
3 0.2375 0.6109375 0.0140625 0.0078125
3 0.2390625 0.603125 0.0140625 0.00625
3 0.190625 0.59375 0.0046875 0.0125
3 0.2 0.5921875 0.009375 0.015625
3 0.2375 0.590625 0.0125 0.00625
3 0.2359375 0.584375 0.0109375 0.00625
3 0.2390625 0.571875 0.015625 0.0078125
3 0.0796875 0.55625 0.0078125 0.0140625
3 0.05625 0.5578125 0.009375 0.0171875
3 0.2078125 0.5421875 0.009375 0.0140625
3 0.3078125 0.5078125 0.0078125 0.0125
3 0.1546875 0.5078125 0.0109375 0.015625
3 0.1640625 0.5078125 0.0078125 0.015625
3 0.184375 0.509375 0.009375 0.0125
3 0.1921875 0.5078125 0.0078125 0.0125
3 0.2 0.509375 0.00625 0.0125
3 0.20625 0.509375 0.0078125 0.0140625
3 0.2421875 0.50625 0.0078125 0.0140625
3 0.2484375 0.5078125 0.00625 0.0140625
3 0.25625 0.5078125 0.00625 0.0140625
3 0.2625 0.5078125 0.0078125 0.0140625
3 0.275 0.509375 0.009375 0.0140625
3 0.28125 0.509375 0.0078125 0.0125
3 0.2890625 0.509375 0.0078125 0.015625
3 0.296875 0.509375 0.00625 0.0140625
3 0.315625 0.5078125 0.00625 0.0125
3 0.1390625 0.5078125 0.0078125 0.0171875
3 0.321875 0.50625 0.009375 0.0140625
3 0.35 0.50625 0.0125 0.0078125
3 0.35 0.5140625 0.0125 0.0078125
3 0.3796875 0.5140625 0.0171875 0.00625
3 0.3796875 0.50625 0.015625 0.00625
3 0.3484375 0.4921875 0.00625 0.0140625
3 0.3640625 0.484375 0.0125 0.0109375
3 0.0734375 0.4875 0.0078125 0.0140625
3 0.08125 0.4875 0.0078125 0.0140625
3 0.0859375 0.4890625 0.00625 0.0140625
3 0.1015625 0.490625 0.0078125 0.0140625
3 0.1109375 0.4890625 0.00625 0.0140625
3 0.11875 0.490625 0.0078125 0.0125
3 0.13125 0.4890625 0.0078125 0.0140625
3 0.146875 0.5078125 0.0078125 0.015625
3 0.13125 0.5078125 0.00625 0.015625
3 0.2 0.54375 0.00625 0.0125
3 0.1171875 0.540625 0.0078125 0.015625
3 0.1921875 0.5421875 0.00625 0.0140625
3 0.184375 0.540625 0.00625 0.015625
3 0.1765625 0.540625 0.0078125 0.015625
3 0.1703125 0.5421875 0.00625 0.0140625
3 0.1625 0.540625 0.0078125 0.0125
3 0.1546875 0.540625 0.0078125 0.0140625
3 0.146875 0.540625 0.00625 0.015625
3 0.2390625 0.5375 0.0078125 0.015625
3 0.259375 0.5390625 0.0078125 0.0171875
3 0.26875 0.5390625 0.00625 0.0171875
3 0.2734375 0.5390625 0.0046875 0.015625
3 0.2796875 0.5390625 0.00625 0.015625
3 0.140625 0.540625 0.00625 0.015625
3 0.13125 0.5421875 0.0078125 0.015625
3 0.109375 0.5421875 0.00625 0.015625
3 0.1109375 0.5078125 0.009375 0.0140625
3 0.1015625 0.5390625 0.0078125 0.015625
3 0.09375 0.540625 0.0078125 0.0140625
3 0.08125 0.5390625 0.0078125 0.015625
3 0.071875 0.540625 0.0078125 0.0109375
3 0.065625 0.540625 0.00625 0.015625
3 0.05625 0.5390625 0.0078125 0.015625
3 0.0578125 0.5046875 0.00625 0.0140625
3 0.0578125 0.4875 0.0078125 0.0140625
3 0.065625 0.4890625 0.0078125 0.015625
3 0.0640625 0.5046875 0.0046875 0.0140625
3 0.08125 0.50625 0.00625 0.0140625
3 0.0875 0.5078125 0.0078125 0.0125
3 0.0953125 0.5078125 0.00625 0.0125
3 0.103125 0.5078125 0.009375 0.015625
3 0.196875 0.696875 0.0078125 0.0140625
3 0.1890625 0.6953125 0.0078125 0.0140625
3 0.1828125 0.6953125 0.00625 0.0140625
3 0.0734375 0.1734375 0.0140625 0.009375
3 0.0359375 0.0515625 0.0171875 0.0109375
3 0.0359375 0.059375 0.015625 0.0109375
3 0.0390625 0.065625 0.0140625 0.009375
3 0.0421875 0.0734375 0.015625 0.009375
3 0.0421875 0.08125 0.0140625 0.009375
3 0.046875 0.0859375 0.0125 0.009375
3 0.0484375 0.09375 0.0140625 0.009375
3 0.05 0.1015625 0.0125 0.0109375
3 0.053125 0.109375 0.0140625 0.0109375
3 0.05625 0.1140625 0.0109375 0.0109375
3 0.0609375 0.1296875 0.0171875 0.0109375
3 0.0671875 0.1515625 0.0140625 0.009375
3 0.071875 0.165625 0.015625 0.009375
3 0.0640625 0.14375 0.0125 0.009375
3 0.0765625 0.1796875 0.0125 0.009375
3 0.084375 0.2484375 0.00625 0.0140625
3 0.078125 0.1875 0.0125 0.009375
3 0.096875 0.14375 0.0125 0.009375
3 0.0953125 0.1359375 0.0140625 0.0109375
3 0.0921875 0.1265625 0.0140625 0.0078125
3 0.090625 0.1203125 0.015625 0.009375
3 0.0890625 0.1125 0.0140625 0.0078125
3 0.078125 0.078125 0.0171875 0.0125
3 0.075 0.0703125 0.01875 0.0109375
3 0.0828125 0.090625 0.0171875 0.0125
3 0.084375 0.0984375 0.015625 0.0109375
3 0.1859375 0.134375 0.009375 0.015625
3 0.1953125 0.1375 0.009375 0.015625
3 0.1078125 0.16875 0.015625 0.0078125
3 0.0796875 0.19375 0.0140625 0.009375
3 0.0921875 0.2484375 0.00625 0.0140625
3 0.075 0.2484375 0.0078125 0.015625
3 0.0875 0.2078125 0.015625 0.009375
6 0.0078125 0.0875 0.046875 0.06875
6 0.0390625 0.1828125 0.046875 0.06875
3 0.0609375 0.246875 0.00625 0.0140625
3 0.0 0.2625 0.0109375 0.0125
3 0.01875 0.2546875 0.0109375 0.015625
3 0.0265625 0.253125 0.0078125 0.015625
3 0.04375 0.2484375 0.0078125 0.0125
3 0.053125 0.2484375 0.00625 0.0125
3 0.0828125 0.2 0.0140625 0.009375
3 0.0859375 0.215625 0.0140625 0.0078125
3 0.175 0.696875 0.0078125 0.015625
3 0.0609375 0.3515625 0.00625 0.015625
3 0.0640625 0.2828125 0.0078125 0.0171875
3 0.05625 0.2828125 0.0078125 0.0140625
3 0.0234375 0.3328125 0.00625 0.0140625
3 0.0375 0.3328125 0.0078125 0.0125
3 0.0453125 0.334375 0.0078125 0.0125
3 0.059375 0.334375 0.00625 0.0140625
3 0.0671875 0.334375 0.0078125 0.0109375
3 0.075 0.3328125 0.00625 0.0140625
3 0.0828125 0.3328125 0.009375 0.0140625
3 0.090625 0.334375 0.00625 0.0125
3 0.10625 0.3359375 0.00625 0.015625
3 0.0375 0.3515625 0.0078125 0.015625
3 0.0453125 0.3515625 0.0078125 0.015625
3 0.053125 0.3515625 0.00625 0.0171875
3 0.075 0.35 0.0078125 0.0171875
3 0.0796875 0.284375 0.0078125 0.0140625
3 0.0828125 0.35 0.009375 0.01875
3 0.0890625 0.3515625 0.0078125 0.01875
3 0.096875 0.35 0.00625 0.015625
3 0.1125 0.3515625 0.0078125 0.0140625
3 0.1203125 0.353125 0.0078125 0.0140625
3 0.046875 0.99375 0.0125 0.015625
3 0.028125 0.9578125 0.0109375 0.0140625
3 0.0890625 0.9875 0.009375 0.0140625
3 0.0578125 0.8015625 0.00625 0.0140625
3 0.0671875 0.8015625 0.00625 0.0125
3 0.0734375 0.8 0.0078125 0.0140625
3 0.0578125 0.7703125 0.0078125 0.0125
3 0.2171875 0.74375 0.0078125 0.015625
3 0.14375 0.69375 0.009375 0.0140625
3 0.071875 0.284375 0.0078125 0.015625
3 0.0875 0.284375 0.009375 0.0140625
3 0.0875 0.221875 0.015625 0.0078125
3 0.228125 0.234375 0.00625 0.0140625
3 0.0875 0.2296875 0.015625 0.00625
3 0.178125 0.221875 0.009375 0.0140625
3 0.159375 0.1734375 0.015625 0.0109375
3 0.1875 0.1890625 0.0078125 0.0140625
3 0.1953125 0.1921875 0.009375 0.0125
3 0.203125 0.1953125 0.009375 0.0125
3 0.209375 0.1953125 0.0109375 0.0125
3 0.23125 0.203125 0.009375 0.015625
3 0.2375 0.2046875 0.0125 0.0171875
3 0.190625 0.225 0.0109375 0.0171875
3 0.1984375 0.225 0.0109375 0.0140625
3 0.2046875 0.2296875 0.009375 0.0171875
3 0.2125 0.2296875 0.009375 0.0140625
3 0.21875 0.23125 0.009375 0.0171875
3 0.2359375 0.2375 0.0109375 0.0171875
3 0.0953125 0.284375 0.00625 0.0171875
3 0.2484375 0.2421875 0.0078125 0.015625
3 0.25625 0.24375 0.009375 0.015625
3 0.2640625 0.2453125 0.009375 0.0171875
3 0.009375 0.2953125 0.0125 0.015625
3 0.015625 0.2921875 0.0125 0.0140625
3 0.0234375 0.290625 0.0125 0.0140625
3 0.0296875 0.2875 0.009375 0.015625
3 0.0265625 0.30625 0.015625 0.0078125
3 0.0421875 0.3 0.00625 0.015625
3 0.0484375 0.3 0.0078125 0.0140625
3 0.05625 0.3 0.0078125 0.015625
3 0.0703125 0.3 0.0078125 0.0171875
3 0.078125 0.3 0.0078125 0.0171875
3 0.0859375 0.2984375 0.00625 0.0171875
3 0.140625 0.4890625 0.00625 0.0140625
3 0.1484375 0.4890625 0.00625 0.0140625
3 0.1546875 0.4890625 0.0078125 0.015625
3 0.3828125 0.371875 0.015625 0.0078125
3 0.203125 0.3546875 0.00625 0.015625
3 0.2109375 0.3546875 0.009375 0.015625
3 0.225 0.353125 0.00625 0.015625
3 0.2328125 0.353125 0.00625 0.0140625
3 0.2625 0.35625 0.009375 0.015625
3 0.2765625 0.3546875 0.00625 0.0140625
3 0.284375 0.353125 0.00625 0.0140625
3 0.296875 0.35625 0.0078125 0.0140625
3 0.30625 0.35625 0.0078125 0.015625
3 0.321875 0.35625 0.0078125 0.0125
3 0.3359375 0.3546875 0.0078125 0.0140625
3 0.34375 0.3546875 0.0078125 0.0140625
3 0.3515625 0.3546875 0.0078125 0.0140625
3 0.3828125 0.3796875 0.015625 0.0078125
3 0.3828125 0.365625 0.015625 0.0078125
3 0.1796875 0.353125 0.0078125 0.0140625
3 0.3828125 0.3578125 0.0140625 0.00625
3 0.384375 0.353125 0.015625 0.00625
3 0.384375 0.3453125 0.015625 0.00625
3 0.3828125 0.340625 0.0140625 0.00625
3 0.384375 0.3328125 0.015625 0.0078125
3 0.1484375 0.3359375 0.0078125 0.0125
3 0.1578125 0.3359375 0.009375 0.0140625
3 0.165625 0.3375 0.0046875 0.0125
3 0.1734375 0.3359375 0.0078125 0.015625
3 0.1953125 0.3359375 0.009375 0.0140625
3 0.209375 0.3375 0.0078125 0.015625
3 0.2171875 0.3375 0.0078125 0.015625
3 0.225 0.3375 0.00625 0.015625
3 0.23125 0.3375 0.0078125 0.0125
3 0.1875 0.353125 0.009375 0.0140625
3 0.1734375 0.353125 0.00625 0.015625
3 0.246875 0.3390625 0.0078125 0.0125
3 0.140625 0.3875 0.0078125 0.0171875
3 0.3265625 0.390625 0.00625 0.0140625
3 0.3171875 0.390625 0.0078125 0.0140625
3 0.3078125 0.3890625 0.0078125 0.0140625
3 0.28125 0.3890625 0.00625 0.0140625
3 0.2734375 0.3875 0.0078125 0.0140625
3 0.059375 0.3859375 0.0078125 0.015625
3 0.0671875 0.3875 0.009375 0.015625
3 0.075 0.3875 0.00625 0.015625
3 0.0828125 0.3859375 0.009375 0.0171875
3 0.096875 0.3859375 0.009375 0.0140625
3 0.1046875 0.3875 0.0078125 0.015625
3 0.1125 0.3875 0.00625 0.015625
3 0.1203125 0.3875 0.009375 0.0140625
3 0.1328125 0.3859375 0.00625 0.015625
3 0.1484375 0.3890625 0.0078125 0.015625
3 0.165625 0.3515625 0.0078125 0.0171875
3 0.1546875 0.3875 0.0078125 0.0171875
3 0.1625 0.3890625 0.009375 0.015625
3 0.1734375 0.3875 0.00625 0.0140625
3 0.18125 0.3890625 0.0078125 0.0125
3 0.190625 0.3875 0.0078125 0.0140625
3 0.20625 0.3875 0.0078125 0.0140625
3 0.215625 0.3890625 0.0078125 0.0125
3 0.225 0.3875 0.009375 0.0140625
3 0.234375 0.3890625 0.00625 0.0125
3 0.24375 0.3890625 0.00625 0.0140625
3 0.2609375 0.3890625 0.00625 0.0140625
3 0.1359375 0.353125 0.009375 0.0140625
3 0.15 0.353125 0.009375 0.015625
3 0.1578125 0.353125 0.0078125 0.015625
3 0.2390625 0.3390625 0.0078125 0.0125
3 0.2546875 0.3390625 0.0078125 0.0140625
3 0.3375 0.4078125 0.00625 0.0140625
3 0.675 0.6828125 0.009375 0.0125
3 0.521875 0.9453125 0.015625 0.0140625
3 0.528125 0.934375 0.0140625 0.0140625
3 0.534375 0.921875 0.0171875 0.0109375
3 0.5359375 0.909375 0.0171875 0.0125
3 0.540625 0.9015625 0.0171875 0.0125
3 0.55625 0.8765625 0.0171875 0.0109375
3 0.559375 0.86875 0.01875 0.0125
3 0.565625 0.853125 0.01875 0.0125
3 0.5203125 0.8765625 0.01875 0.0125
3 0.521875 0.86875 0.0203125 0.0125
3 0.5265625 0.8609375 0.0171875 0.0109375
3 0.534375 0.8421875 0.015625 0.0125
3 0.5375 0.8359375 0.01875 0.0125
3 0.50625 0.903125 0.015625 0.0125
3 0.6703125 0.6640625 0.009375 0.015625
3 0.271875 0.2125 0.015625 0.015625
3 0.5015625 0.4078125 0.009375 0.0171875
3 0.496875 0.171875 0.0171875 0.0125
3 0.4859375 0.1640625 0.0109375 0.0078125
3 0.4921875 0.1390625 0.0203125 0.0140625
3 0.55 0.1203125 0.0125 0.015625
3 0.54375 0.1359375 0.0125 0.015625
3 0.5015625 0.121875 0.0140625 0.0125
4 0.5203125 0.1015625 0.0265625 0.01875
4 0.5140625 0.090625 0.0296875 0.015625
3 0.665625 0.0015625 0.015625 0.015625
3 0.7609375 0.9703125 0.015625 0.0109375
3 0.51875 0.953125 0.0125 0.009375
3 0.4 0.2578125 0.0125 0.00625
3 0.2625 0.3390625 0.009375 0.0171875
3 0.21875 0.3015625 0.00625 0.0125
3 0.2828125 0.3390625 0.0078125 0.0140625
3 0.2921875 0.3390625 0.009375 0.0171875
3 0.30625 0.3375 0.009375 0.0125
3 0.3140625 0.3390625 0.0078125 0.0125
3 0.321875 0.3390625 0.009375 0.0140625
3 0.34375 0.340625 0.009375 0.0140625
3 0.1328125 0.303125 0.00625 0.015625
3 0.15 0.303125 0.0046875 0.015625
3 0.1578125 0.3015625 0.009375 0.0171875
3 0.165625 0.3015625 0.0078125 0.015625
3 0.1734375 0.3015625 0.0078125 0.0171875
3 0.1875 0.3015625 0.009375 0.0171875
3 0.2015625 0.3015625 0.009375 0.015625
3 0.2109375 0.3 0.0078125 0.015625
3 0.225 0.3015625 0.00625 0.0140625
3 0.2921875 0.2546875 0.0109375 0.0140625
3 0.2328125 0.303125 0.0078125 0.015625
3 0.240625 0.303125 0.0078125 0.0140625
3 0.2640625 0.303125 0.009375 0.0140625
3 0.278125 0.3046875 0.009375 0.015625
3 0.2921875 0.303125 0.00625 0.015625
3 0.3 0.303125 0.009375 0.015625
3 0.3078125 0.3046875 0.00625 0.0140625
3 0.3140625 0.30625 0.0078125 0.0171875
3 0.321875 0.30625 0.0078125 0.0140625
3 0.3296875 0.3046875 0.00625 0.0171875
3 0.3375 0.30625 0.0078125 0.0140625
3 0.3453125 0.30625 0.0078125 0.015625
3 0.353125 0.30625 0.009375 0.015625
3 0.2703125 0.2484375 0.0078125 0.0171875
3 0.3421875 0.3890625 0.00625 0.015625
3 0.3296875 0.4078125 0.0078125 0.0140625
3 0.1625 0.4890625 0.0078125 0.0140625
3 0.2609375 0.459375 0.00625 0.0125
3 0.1546875 0.45625 0.00625 0.0140625
3 0.1625 0.45625 0.0078125 0.015625
3 0.1703125 0.45625 0.0078125 0.015625
3 0.178125 0.4578125 0.00625 0.0140625
3 0.184375 0.4578125 0.0078125 0.015625
3 0.19375 0.4578125 0.0078125 0.0140625
3 0.2015625 0.4578125 0.00625 0.0109375
3 0.20625 0.4578125 0.00625 0.0125
3 0.215625 0.4578125 0.00625 0.0140625
3 0.2234375 0.4578125 0.00625 0.0171875
3 0.2296875 0.459375 0.0078125 0.0140625
3 0.2375 0.459375 0.00625 0.015625
3 0.24375 0.4578125 0.0078125 0.0140625
3 0.2515625 0.4578125 0.0078125 0.0140625
3 0.2734375 0.459375 0.00625 0.015625
3 0.140625 0.4578125 0.0078125 0.015625
3 0.28125 0.4578125 0.00625 0.0140625
3 0.2890625 0.459375 0.009375 0.0125
3 0.296875 0.4578125 0.0078125 0.0140625
3 0.303125 0.4578125 0.0078125 0.015625
3 0.3109375 0.459375 0.0078125 0.015625
3 0.3171875 0.4578125 0.0078125 0.0140625
3 0.334375 0.459375 0.0078125 0.0171875
3 0.3421875 0.459375 0.0078125 0.015625
3 0.35 0.459375 0.0078125 0.0140625
3 0.334375 0.4421875 0.0078125 0.015625
3 0.3265625 0.4421875 0.00625 0.015625
3 0.3796875 0.465625 0.0140625 0.00625
3 0.3796875 0.4578125 0.0140625 0.0046875
3 0.3828125 0.425 0.015625 0.0078125
3 0.1484375 0.45625 0.00625 0.015625
3 0.1328125 0.4578125 0.0078125 0.015625
3 0.059375 0.4375 0.00625 0.0140625
3 0.2828125 0.4921875 0.00625 0.015625
3 0.1703125 0.490625 0.00625 0.0125
3 0.1765625 0.490625 0.0078125 0.0140625
3 0.184375 0.490625 0.0078125 0.015625
3 0.1921875 0.490625 0.0078125 0.0140625
3 0.2 0.490625 0.0078125 0.0171875
3 0.20625 0.4921875 0.00625 0.015625
3 0.2328125 0.4796875 0.0109375 0.015625
3 0.340625 0.490625 0.009375 0.0140625
3 0.3296875 0.490625 0.00625 0.015625
3 0.321875 0.4921875 0.0078125 0.0125
3 0.315625 0.490625 0.009375 0.015625
3 0.3078125 0.490625 0.0078125 0.0140625
3 0.2953125 0.4921875 0.00625 0.015625
3 0.2890625 0.4921875 0.00625 0.0140625
3 0.2421875 0.490625 0.0078125 0.015625
3 0.11875 0.45625 0.0078125 0.0140625
3 0.2484375 0.490625 0.0078125 0.015625
3 0.25625 0.4921875 0.0078125 0.0171875
3 0.2625 0.490625 0.0046875 0.0140625
3 0.275 0.490625 0.0078125 0.0140625
3 0.26875 0.490625 0.00625 0.0171875
3 0.3796875 0.471875 0.015625 0.0078125
3 0.059375 0.4546875 0.00625 0.0125
3 0.065625 0.4546875 0.0078125 0.0125
3 0.0734375 0.4546875 0.0078125 0.0140625
3 0.0796875 0.45625 0.0078125 0.015625
3 0.0875 0.45625 0.0078125 0.0125
3 0.0953125 0.45625 0.0078125 0.0125
3 0.103125 0.45625 0.0078125 0.0140625
3 0.1109375 0.4578125 0.0078125 0.015625
3 0.38125 0.4328125 0.015625 0.00625
3 0.065625 0.4375 0.0078125 0.015625
3 0.321875 0.4078125 0.0078125 0.015625
3 0.1859375 0.403125 0.00625 0.0140625
3 0.075 0.403125 0.0078125 0.0140625
3 0.0828125 0.403125 0.0078125 0.0125
3 0.0890625 0.4046875 0.0078125 0.015625
3 0.096875 0.403125 0.00625 0.0140625
3 0.1046875 0.4015625 0.00625 0.0140625
3 0.1109375 0.403125 0.00625 0.0140625
3 0.1203125 0.403125 0.0109375 0.0140625
3 0.13125 0.4046875 0.0078125 0.015625
3 0.140625 0.4046875 0.0078125 0.0171875
3 0.1484375 0.4046875 0.0078125 0.015625
3 0.15625 0.40625 0.00625 0.015625
3 0.1640625 0.4046875 0.0078125 0.0125
3 0.1703125 0.4046875 0.0078125 0.015625
3 0.1796875 0.403125 0.00625 0.0140625
3 0.19375 0.403125 0.00625 0.0140625
3 0.059375 0.403125 0.0078125 0.015625
3 0.2 0.4046875 0.00625 0.0140625
3 0.20625 0.4046875 0.0078125 0.0125
3 0.215625 0.4046875 0.00625 0.0125
3 0.2234375 0.4046875 0.00625 0.015625
3 0.23125 0.4046875 0.0078125 0.0140625
3 0.2390625 0.40625 0.00625 0.015625
3 0.2453125 0.40625 0.0078125 0.015625
3 0.2609375 0.40625 0.0078125 0.0140625
3 0.2828125 0.4078125 0.00625 0.0125
3 0.2734375 0.40625 0.00625 0.0125
3 0.290625 0.4078125 0.0078125 0.0125
3 0.2984375 0.4078125 0.0078125 0.0125
3 0.3078125 0.4078125 0.009375 0.015625
3 0.315625 0.4078125 0.00625 0.015625
3 0.0671875 0.403125 0.0078125 0.0140625
3 0.31875 0.4421875 0.0078125 0.0140625
3 0.0734375 0.4375 0.0078125 0.015625
3 0.19375 0.440625 0.00625 0.0140625
3 0.08125 0.4375 0.0078125 0.015625
3 0.0890625 0.4390625 0.00625 0.0125
3 0.096875 0.4390625 0.0078125 0.0140625
3 0.1046875 0.4375 0.0078125 0.0140625
3 0.1125 0.4375 0.0078125 0.015625
3 0.1203125 0.4375 0.0078125 0.0140625
3 0.13125 0.4375 0.0078125 0.0140625
3 0.1390625 0.4375 0.0078125 0.0171875
3 0.1484375 0.4375 0.0078125 0.0140625
3 0.15625 0.4390625 0.0078125 0.0125
3 0.1640625 0.4390625 0.00625 0.0140625
3 0.171875 0.4390625 0.00625 0.015625
3 0.1796875 0.4375 0.0078125 0.015625
3 0.1859375 0.440625 0.0078125 0.0140625
3 0.2 0.440625 0.0078125 0.0140625
3 0.3125 0.4421875 0.00625 0.0140625
3 0.2078125 0.440625 0.0078125 0.0140625
3 0.215625 0.440625 0.0078125 0.0140625
3 0.2234375 0.4390625 0.00625 0.015625
3 0.23125 0.4390625 0.0078125 0.0140625
3 0.2390625 0.440625 0.0078125 0.0125
3 0.2453125 0.4390625 0.0078125 0.0125
3 0.253125 0.4390625 0.0046875 0.0140625
3 0.259375 0.4390625 0.00625 0.0125
3 0.275 0.4390625 0.009375 0.0140625
3 0.3265625 0.4578125 0.0078125 0.015625
3 0.2828125 0.440625 0.009375 0.015625
3 0.290625 0.4390625 0.00625 0.0140625
3 0.2984375 0.440625 0.00625 0.0125
3 0.30625 0.4390625 0.0078125 0.015625
