10 0.5875 0.3140625 0.0609375 0.0484375
3 0.35 0.6109375 0.0296875 0.025
10 0.578125 0.86875 0.05 0.0359375
10 0.6171875 0.75625 0.0609375 0.0375
10 0.571875 0.625 0.0671875 0.0734375
10 0.6625 0.5875 0.0625 0.05
10 0.59375 0.559375 0.0859375 0.0765625
10 0.496875 0.48125 0.0484375 0.0703125
10 0.3375 0.4765625 0.053125 0.0625
10 0.6734375 0.315625 0.0625 0.0453125
10 0.628125 0.253125 0.065625 0.0578125
10 0.6296875 0.125 0.0609375 0.0484375
3 0.2984375 0.6296875 0.034375 0.0328125
3 0.315625 0.625 0.0296875 0.028125
3 0.296875 0.5578125 0.0171875 0.0328125
3 0.1390625 0.0375 0.0140625 0.03125
3 0.171875 0.0390625 0.015625 0.0296875
3 0.5765625 0.009375 0.0109375 0.0296875
3 0.15625 0.0359375 0.0140625 0.0296875
3 0.171875 0.1046875 0.01875 0.0390625
3 0.059375 0.1109375 0.0203125 0.0359375
3 0.0375 0.1109375 0.01875 0.034375
3 0.2828125 0.553125 0.015625 0.028125
3 0.21875 0.6734375 0.015625 0.03125
3 0.25 0.6703125 0.0171875 0.0296875
3 0.3171875 0.678125 0.0203125 0.0328125
3 0.35 0.6765625 0.01875 0.028125
3 0.246875 0.553125 0.01875 0.0296875
3 0.2640625 0.553125 0.0171875 0.0296875
