10 0.6203125 0.6078125 0.0609375 0.0484375
3 0.3828125 0.9046875 0.0296875 0.025
10 0.6046875 0.91875 0.0671875 0.0734375
10 0.6953125 0.88125 0.0625 0.05
10 0.6265625 0.853125 0.0859375 0.0765625
10 0.5296875 0.775 0.0484375 0.0703125
10 0.3703125 0.7703125 0.053125 0.0625
10 0.70625 0.609375 0.0625 0.0453125
10 0.6609375 0.546875 0.065625 0.0578125
10 0.6625 0.41875 0.0609375 0.0484375
3 0.33125 0.9234375 0.034375 0.0328125
3 0.3484375 0.91875 0.0296875 0.028125
3 0.3296875 0.8515625 0.0171875 0.0328125
3 0.171875 0.33125 0.0140625 0.03125
3 0.2046875 0.3328125 0.015625 0.0296875
3 0.609375 0.303125 0.0109375 0.0296875
3 0.0671875 0.0609375 0.03125 0.0171875
3 0.1890625 0.3296875 0.0140625 0.0296875
3 0.2046875 0.3984375 0.01875 0.0390625
3 0.0921875 0.4046875 0.0203125 0.0359375
3 0.0703125 0.4046875 0.01875 0.034375
3 0.315625 0.846875 0.015625 0.028125
3 0.2515625 0.9671875 0.015625 0.03125
3 0.2828125 0.9640625 0.0171875 0.0296875
3 0.35 0.971875 0.0203125 0.0328125
3 0.3828125 0.9703125 0.01875 0.028125
3 0.2796875 0.846875 0.01875 0.0296875
3 0.296875 0.846875 0.0171875 0.0296875
