3 0.146875 0.3265625 0.01875 0.0390625
10 0.6765625 0.9828125 0.065625 0.0578125
10 0.678125 0.8546875 0.0609375 0.0484375
10 0.66875 0.365625 0.109375 0.090625
10 0.7 0.034375 0.0328125 0.04375
4 0.078125 0.3203125 0.015625 0.034375
3 0.1875 0.7671875 0.0140625 0.03125
4 0.45 0.2734375 0.015625 0.0421875
3 0.2203125 0.76875 0.015625 0.0296875
3 0.625 0.7390625 0.0109375 0.0296875
3 0.0828125 0.496875 0.03125 0.0171875
3 0.109375 0.25 0.015625 0.0234375
3 0.2046875 0.765625 0.0140625 0.0296875
3 0.2203125 0.834375 0.01875 0.0390625
3 0.1078125 0.840625 0.0203125 0.0359375
3 0.0859375 0.840625 0.01875 0.034375
3 0.478125 0.29375 0.0328125 0.0171875
3 0.04375 0.315625 0.015625 0.0328125
3 0.078125 0.2484375 0.0171875 0.025
