3 0.0640625 0.85 0.01875 0.0390625
10 0.5859375 0.8890625 0.109375 0.090625
10 0.6171875 0.5578125 0.0328125 0.04375
10 0.5765625 0.51875 0.03125 0.05
10 0.575 0.44375 0.0421875 0.0625
10 0.61875 0.484375 0.05 0.065625
10 0.621875 0.409375 0.046875 0.0625
10 0.559375 0.103125 0.053125 0.0640625
10 0.709375 0.1484375 0.0546875 0.0671875
10 0.7171875 0.03125 0.04375 0.0625
4 0.3671875 0.796875 0.015625 0.0421875
3 0.0265625 0.7734375 0.015625 0.0234375
1 0.3171875 0.3375 0.021875 0.0515625
3 0.3953125 0.8171875 0.0328125 0.0171875
3 0.33125 0.3796875 0.0125 0.025
3 0.3578125 0.359375 0.025 0.0375
