10 0.565625 0.171875 0.0609375 0.0484375
3 0.328125 0.46875 0.0296875 0.025
10 0.55625 0.7265625 0.05 0.0359375
10 0.5953125 0.6140625 0.0609375 0.0375
10 0.55 0.4828125 0.0671875 0.0734375
10 0.640625 0.4453125 0.0625 0.05
10 0.571875 0.4171875 0.0859375 0.0765625
10 0.475 0.3390625 0.0484375 0.0703125
10 0.315625 0.334375 0.053125 0.0625
10 0.6515625 0.1734375 0.0625 0.0453125
10 0.60625 0.1109375 0.065625 0.0578125
3 0.2765625 0.4875 0.034375 0.0328125
3 0.29375 0.4828125 0.0296875 0.028125
3 0.275 0.415625 0.0171875 0.0328125
3 0.2609375 0.4109375 0.015625 0.028125
3 0.196875 0.53125 0.015625 0.03125
3 0.228125 0.528125 0.0171875 0.0296875
3 0.2953125 0.5359375 0.0203125 0.0328125
3 0.328125 0.534375 0.01875 0.028125
3 0.225 0.4109375 0.01875 0.0296875
3 0.2421875 0.4109375 0.0171875 0.0296875
