10 0.18125 0.0640625 0.128125 0.1296875
10 0.1046875 0.0765625 0.0734375 0.075
10 0.1421875 0.1546875 0.109375 0.1171875
10 0.3390625 0.178125 0.0765625 0.0859375
10 0.39375 0.1171875 0.1046875 0.109375
10 0.8390625 0.30625 0.090625 0.0796875
10 0.459375 0.9765625 0.071875 0.065625
3 0.825 0.775 0.034375 0.028125
3 0.896875 0.8109375 0.034375 0.028125
3 0.9015625 0.79375 0.034375 0.0265625
3 0.9125 0.7765625 0.03125 0.0265625
3 0.91875 0.7609375 0.0359375 0.028125
3 0.84375 0.725 0.0359375 0.028125
3 0.8546875 0.7125 0.03125 0.0265625
3 0.8140625 0.7890625 0.0375 0.0296875
3 0.7796875 0.8578125 0.0359375 0.0265625
3 0.7703125 0.875 0.0328125 0.03125
3 0.73125 0.953125 0.0296875 0.0265625
3 0.71875 0.975 0.0296875 0.0234375
3 0.7109375 0.99375 0.025 0.01875
3 0.8875 0.8234375 0.0359375 0.03125
3 0.940625 0.8328125 0.03125 0.025
3 0.93125 0.846875 0.0359375 0.0265625
3 0.8828125 0.684375 0.034375 0.03125
3 0.984375 0.48125 0.025 0.0328125
3 0.525 0.590625 0.0375 0.0296875
3 0.6734375 0.484375 0.028125 0.0359375
3 0.0171875 0.428125 0.034375 0.028125
3 0.009375 0.4421875 0.0296875 0.0296875
3 0.034375 0.4046875 0.0359375 0.025
3 0.640625 0.465625 0.0265625 0.0375
3 0.0390625 0.3890625 0.0328125 0.021875
3 0.0453125 0.375 0.0296875 0.025
3 0.0515625 0.3609375 0.0296875 0.021875
3 0.05625 0.34375 0.03125 0.0234375
3 0.0609375 0.33125 0.0359375 0.028125
3 0.06875 0.31875 0.04375 0.0296875
3 0.078125 0.3046875 0.0375 0.021875
3 0.08125 0.290625 0.040625 0.025
3 0.090625 0.278125 0.0390625 0.0234375
3 0.1015625 0.2640625 0.0375 0.0265625
3 0.53125 0.4109375 0.0296875 0.04375
3 0.6265625 0.459375 0.028125 0.0375
