10 0.984375 0.084375 0.078125 0.071875
4 0.0734375 0.8984375 0.05625 0.0453125
3 0.034375 0.5484375 0.046875 0.034375
3 0.071875 0.653125 0.053125 0.0390625
3 0.0859375 0.6703125 0.05625 0.0390625
4 0.1546875 0.8125 0.03125 0.0421875
4 0.065625 0.875 0.059375 0.040625
4 0.0890625 0.9390625 0.0484375 0.0390625
3 0.01875 0.5140625 0.046875 0.0296875
3 0.54375 0.1796875 0.0390625 0.0296875
3 0.6078125 0.053125 0.0375 0.03125
3 0.615625 0.0359375 0.0328125 0.0296875
3 0.6328125 0.003125 0.03125 0.028125
3 0.88125 0.1625 0.0359375 0.0328125
3 0.1640625 0.353125 0.0328125 0.0296875
3 0.084375 0.071875 0.0296875 0.0328125
3 0.096875 0.0875 0.0265625 0.028125
3 0.0296875 0.171875 0.028125 0.0265625
3 0.0421875 0.1859375 0.0390625 0.0375
3 0.0578125 0.2015625 0.034375 0.03125
3 0.071875 0.2484375 0.0328125 0.03125
3 0.0828125 0.2625 0.028125 0.03125
3 0.09375 0.2765625 0.0296875 0.0265625
3 0.1296875 0.3140625 0.0296875 0.028125
3 0.140625 0.328125 0.025 0.0234375
3 0.1515625 0.3421875 0.0328125 0.03125
3 0.1734375 0.365625 0.0265625 0.025
3 0.1921875 0.396875 0.0296875 0.0265625
