3 0.1546875 0.60625 0.028125 0.028125
10 0.553125 0.7640625 0.1140625 0.1171875
10 0.9140625 0.675 0.0921875 0.0953125
10 0.9140625 0.5828125 0.0875 0.090625
10 0.74375 0.4703125 0.0484375 0.065625
10 0.75 0.3578125 0.0390625 0.0515625
10 0.59375 0.3546875 0.046875 0.0609375
10 0.5984375 0.296875 0.046875 0.0625
10 0.5984375 0.2375 0.05 0.065625
4 0.353125 0.2734375 0.053125 0.046875
4 0.378125 0.24375 0.0546875 0.0515625
4 0.409375 0.2140625 0.0515625 0.04375
3 0.4109375 0.2875 0.03125 0.03125
3 0.3359375 0.3578125 0.0296875 0.0296875
3 0.1375 0.5796875 0.0296875 0.025
3 0.1265625 0.56875 0.025 0.0265625
1 0.2140625 0.53125 0.028125 0.0265625
3 0.03125 0.70625 0.01875 0.0328125
3 0.015625 0.7046875 0.015625 0.03125
3 0.0015625 0.7046875 0.0171875 0.0296875
3 0.096875 0.64375 0.03125 0.03125
3 0.0359375 0.49375 0.0390625 0.0390625
3 0.1109375 0.6546875 0.028125 0.0328125
3 0.075 0.625 0.03125 0.034375
3 0.0359375 0.5828125 0.0296875 0.028125
3 0.0796875 0.5359375 0.0375 0.04375
3 0.0640625 0.51875 0.040625 0.040625
3 0.0453125 0.5109375 0.0390625 0.0421875
