3 0.059375 0.7 0.0171875 0.0328125
3 0.1796875 0.16875 0.028125 0.028125
10 0.578125 0.3265625 0.1140625 0.1171875
10 0.9390625 0.2375 0.0921875 0.0953125
10 0.9390625 0.1453125 0.0875 0.090625
10 0.76875 0.0328125 0.0484375 0.065625
10 0.14375 0.7171875 0.1578125 0.1125
10 0.3 0.79375 0.159375 0.1046875
10 0.903125 0.765625 0.0828125 0.0984375
10 0.6703125 0.8640625 0.0671875 0.053125
10 0.79375 0.7953125 0.26875 0.28125
3 0.1625 0.1421875 0.0296875 0.025
3 0.1515625 0.13125 0.025 0.0265625
1 0.2390625 0.09375 0.028125 0.0265625
3 0.05625 0.26875 0.01875 0.0328125
3 0.040625 0.2671875 0.015625 0.03125
3 0.0265625 0.2671875 0.0171875 0.0296875
3 0.0015625 0.2671875 0.015625 0.0296875
3 0.121875 0.20625 0.03125 0.03125
3 0.0609375 0.05625 0.0390625 0.0390625
3 0.1359375 0.2171875 0.028125 0.0328125
3 0.1 0.1875 0.03125 0.034375
3 0.0609375 0.1453125 0.0296875 0.028125
3 0.1046875 0.0984375 0.0375 0.04375
3 0.0890625 0.08125 0.040625 0.040625
3 0.0703125 0.0734375 0.0390625 0.0421875
