3 0.03125 0.628125 0.0171875 0.0328125
3 0.1515625 0.096875 0.028125 0.028125
10 0.55 0.2546875 0.1140625 0.1171875
10 0.9109375 0.165625 0.0921875 0.0953125
10 0.9109375 0.0734375 0.0875 0.090625
10 0.115625 0.6453125 0.1578125 0.1125
10 0.271875 0.721875 0.159375 0.1046875
10 0.875 0.69375 0.0828125 0.0984375
10 0.6421875 0.7921875 0.0671875 0.053125
10 0.765625 0.7234375 0.26875 0.28125
3 0.134375 0.0703125 0.0296875 0.025
3 0.1234375 0.059375 0.025 0.0265625
1 0.2109375 0.021875 0.028125 0.0265625
3 0.028125 0.196875 0.01875 0.0328125
3 0.0125 0.1953125 0.015625 0.03125
3 0.09375 0.134375 0.03125 0.03125
3 0.1078125 0.1453125 0.028125 0.0328125
3 0.071875 0.115625 0.03125 0.034375
3 0.0328125 0.0734375 0.0296875 0.028125
3 0.0765625 0.0265625 0.0375 0.04375
3 0.0609375 0.009375 0.040625 0.040625
3 0.0421875 0.0015625 0.0390625 0.0421875
