10 0.79375 0.890625 0.0390625 0.0515625
10 0.6375 0.8875 0.046875 0.0609375
10 0.6421875 0.8296875 0.046875 0.0625
10 0.6421875 0.7703125 0.05 0.065625
4 0.396875 0.80625 0.053125 0.046875
4 0.421875 0.7765625 0.0546875 0.0515625
4 0.453125 0.746875 0.0515625 0.04375
10 0.946875 0.2234375 0.15625 0.1609375
10 0.8234375 0.21875 0.1171875 0.125
10 0.7078125 0.215625 0.0953125 0.1046875
3 0.0375 0.5390625 0.0359375 0.034375
3 0.4546875 0.8203125 0.03125 0.03125
3 0.3796875 0.890625 0.0296875 0.0296875
3 0.009375 0.95 0.0296875 0.0265625
12 0.190625 0.3375 0.0859375 0.0640625
