4 0.9671875 0.0484375 0.0828125 0.0421875
4 0.778125 0.634375 0.0390625 0.06875
4 0.7453125 0.6984375 0.0453125 0.0625
4 0.6359375 0.675 0.0453125 0.0640625
4 0.828125 0.0296875 0.0265625 0.13125
3 0.4046875 0.415625 0.034375 0.03125
3 0.3703125 0.284375 0.0421875 0.034375
3 0.609375 0.271875 0.0296875 0.03125
3 0.6109375 0.1578125 0.0359375 0.034375
3 0.59375 0.1375 0.03125 0.0296875
3 0.5515625 0.15625 0.028125 0.025
3 0.575 0.134375 0.0265625 0.03125
3 0.634375 0.128125 0.040625 0.0359375
3 0.43125 0.1859375 0.0296875 0.0296875
3 0.1796875 0.39375 0.025 0.03125
3 0.184375 0.5171875 0.03125 0.0296875
3 0.221875 0.5171875 0.0375 0.0328125
3 0.265625 0.5265625 0.0296875 0.0296875
3 0.3078125 0.540625 0.034375 0.0359375
3 0.41875 0.5 0.028125 0.0265625
3 0.509375 0.521875 0.025 0.028125
3 0.5796875 0.5234375 0.0375 0.0375
3 0.596875 0.503125 0.0296875 0.0296875
3 0.571875 0.4046875 0.0328125 0.034375
3 0.478125 0.38125 0.03125 0.03125
3 0.5921875 0.3890625 0.034375 0.0359375
3 0.6453125 0.3765625 0.03125 0.0296875
3 0.6578125 0.371875 0.0265625 0.0265625
3 0.05625 0.3921875 0.034375 0.0328125
4 0.5296875 0.50625 0.084375 0.0921875
4 0.4375 0.409375 0.1 0.1
4 0.475 0.415625 0.0953125 0.1015625
4 0.4515625 0.5015625 0.078125 0.0828125
4 0.209375 0.6609375 0.096875 0.1015625
4 0.39375 0.5140625 0.0984375 0.1046875
4 0.134375 0.43125 0.103125 0.1046875
4 0.06875 0.4984375 0.109375 0.1109375
4 0.03125 0.5015625 0.103125 0.103125
4 0.5875 0.71875 0.06875 0.1234375
4 0.58125 0.6890625 0.075 0.11875
4 0.5484375 0.69375 0.075 0.1140625
4 0.965625 0.74375 0.0234375 0.1234375
4 0.0171875 0.7765625 0.1125 0.0890625
4 0.1265625 0.7578125 0.109375 0.096875
4 0.1765625 0.775 0.1078125 0.096875
4 0.0546875 0.678125 0.08125 0.1140625
4 0.00625 0.665625 0.090625 0.1109375
4 0.19375 0.925 0.1 0.1046875
4 0.409375 0.925 0.096875 0.1
4 0.2953125 0.7796875 0.1140625 0.0875
4 0.55 0.9203125 0.1 0.10625
4 0.6453125 0.9265625 0.1 0.096875
4 0.05625 0.1578125 0.1015625 0.1015625
4 0.0765625 0.2421875 0.078125 0.0796875
4 0.2734375 0.2359375 0.096875 0.1015625
4 0.2421875 0.1546875 0.1046875 0.1
4 0.50625 0.1546875 0.1 0.1015625
4 0.99375 0.078125 0.059375 0.034375
4 0.4046875 0.0578125 0.1265625 0.0625
4 0.515625 0.0046875 0.1 0.0984375
4 0.546875 0.0015625 0.1 0.1
3 0.71875 0.94375 0.0265625 0.025
3 0.7390625 0.4203125 0.0265625 0.025
3 0.759375 0.44375 0.028125 0.0265625
3 0.78125 0.4640625 0.0265625 0.025
3 0.7578125 0.4625 0.03125 0.0328125
3 0.7359375 0.4375 0.028125 0.0265625
3 0.7015625 0.41875 0.0296875 0.028125
3 0.7046875 0.440625 0.0296875 0.0296875
3 0.7234375 0.4640625 0.025 0.025
3 0.6796875 0.3953125 0.025 0.028125
3 0.6671875 0.4015625 0.0265625 0.028125
3 0.684375 0.4203125 0.025 0.025
4 0.9328125 0.5984375 0.1 0.0234375
3 0.7109375 0.390625 0.03125 0.034375
3 0.7 0.3984375 0.0265625 0.0265625
1 0.8546875 0.328125 0.0375 0.04375
4 0.7125 0.25 0.046875 0.04375
3 0.45 0.9140625 0.03125 0.03125
3 0.43125 0.9375 0.0296875 0.028125
3 0.4125 0.95625 0.0328125 0.025
3 0.803125 0.109375 0.0296875 0.0234375
3 0.76875 0.14375 0.028125 0.0265625
3 0.75625 0.1359375 0.0265625 0.0265625
3 0.74375 0.1234375 0.028125 0.0328125
3 0.7484375 0.21875 0.034375 0.03125
3 0.8703125 0.234375 0.028125 0.028125
3 0.896875 0.253125 0.0265625 0.028125
3 0.878125 0.271875 0.0296875 0.028125
3 0.78125 0.2578125 0.0328125 0.028125
3 0.6953125 0.1296875 0.03125 0.028125
3 0.709375 0.1375 0.025 0.0234375
4 0.6734375 0.234375 0.0578125 0.05
4 0.6296875 0.278125 0.0546875 0.0546875
3 0.9609375 0.625 0.03125 0.015625
3 0.98125 0.6421875 0.0390625 0.0171875
3 0.9734375 0.0046875 0.034375 0.025
3 0.99375 0.1140625 0.034375 0.021875
3 0.978125 0.13125 0.034375 0.025
3 0.959375 0.1453125 0.040625 0.0234375
