3 0.7609375 0.31875 0.0359375 0.0390625
10 0.890625 0.50625 0.0734375 0.0828125
10 0.025 0.7390625 0.0890625 0.0796875
10 0.0578125 0.9765625 0.0765625 0.075
10 0.8390625 0.0921875 0.0984375 0.09375
10 0.7484375 0.1859375 0.071875 0.071875
10 0.75625 0.234375 0.0734375 0.0796875
10 0.8078125 0.215625 0.071875 0.075
10 0.7875 0.284375 0.075 0.078125
10 0.9015625 0.40625 0.090625 0.0875
10 0.83125 0.58125 0.0703125 0.078125
10 0.7375 0.7140625 0.0828125 0.078125
10 0.6125 0.790625 0.0796875 0.0765625
10 0.6171875 0.946875 0.090625 0.0859375
3 0.5421875 0.5234375 0.0234375 0.03125
3 0.48125 0.5390625 0.0234375 0.034375
3 0.4953125 0.5328125 0.01875 0.028125
3 0.509375 0.528125 0.0203125 0.028125
3 0.5265625 0.5265625 0.021875 0.0328125
3 0.5546875 0.51875 0.0234375 0.0296875
3 0.4953125 0.453125 0.028125 0.0171875
3 0.4921875 0.4359375 0.034375 0.0203125
3 0.496875 0.40625 0.028125 0.0171875
3 0.5015625 0.390625 0.0328125 0.0203125
3 0.5078125 0.3765625 0.0359375 0.021875
3 0.509375 0.3578125 0.0359375 0.021875
3 0.5109375 0.3265625 0.0296875 0.01875
3 0.5140625 0.3078125 0.03125 0.021875
3 0.5203125 0.29375 0.034375 0.0234375
3 0.3984375 0.915625 0.034375 0.0171875
3 0.4015625 0.896875 0.040625 0.01875
3 0.4015625 0.8625 0.04375 0.0171875
3 0.40625 0.84375 0.0390625 0.0171875
3 0.4109375 0.81875 0.0375 0.0171875
10 0.6015625 0.8703125 0.0546875 0.0671875
3 0.54375 0.2484375 0.034375 0.03125
3 0.0046875 0.078125 0.03125 0.0359375
3 0.1328125 0.4875 0.03125 0.0296875
3 0.128125 0.4609375 0.034375 0.0296875
