4 0.9484375 0.9703125 0.0828125 0.0375
4 0.9265625 0.9171875 0.08125 0.0421875
4 0.3640625 0.728125 0.0984375 0.1046875
4 0.4578125 0.6375 0.1015625 0.1
4 0.5140625 0.728125 0.1 0.1046875
4 0.5828125 0.725 0.0984375 0.1046875
4 0.609375 0.734375 0.0984375 0.1046875
4 0.4046875 0.4734375 0.1015625 0.10625
4 0.3671875 0.4703125 0.096875 0.103125
4 0.3296875 0.46875 0.103125 0.1046875
4 0.290625 0.4671875 0.1 0.10625
4 0.1453125 0.4609375 0.1 0.10625
4 0.08125 0.46875 0.0984375 0.10625
4 0.0515625 0.4734375 0.1 0.10625
4 0.975 0.621875 0.0640625 0.1296875
4 0.959375 0.5875 0.0703125 0.1203125
4 0.8953125 0.4546875 0.065625 0.121875
4 0.7859375 0.4484375 0.071875 0.1203125
4 0.628125 0.9921875 0.1 0.1015625
4 0.5375 0.9 0.10625 0.1046875
4 0.3125 0.890625 0.1078125 0.109375
4 0.3921875 0.9 0.0953125 0.090625
4 0.421875 0.890625 0.1078125 0.1078125
4 0.41875 0.6359375 0.1015625 0.103125
3 0.6671875 0.8859375 0.0296875 0.028125
3 0.6453125 0.86875 0.0265625 0.03125
3 0.1140625 0.540625 0.0375 0.0203125
3 0.4265625 0.4578125 0.034375 0.0296875
3 0.5453125 0.471875 0.03125 0.0296875
3 0.44375 0.7640625 0.0328125 0.0296875
3 0.4703125 0.8671875 0.0328125 0.03125
3 0.5625 0.8890625 0.034375 0.0375
3 0.6 0.890625 0.03125 0.03125
3 0.625 0.8796875 0.0375 0.0390625
4 0.3984375 0.73125 0.1046875 0.1
4 0.3359375 0.7265625 0.096875 0.09375
4 0.3453125 0.6390625 0.1 0.10625
4 0.1671875 0.8859375 0.1 0.1015625
4 0.203125 0.8890625 0.1 0.1
4 0.09375 0.6296875 0.1015625 0.0984375
4 0.203125 0.63125 0.1015625 0.0984375
4 0.1078125 0.7265625 0.1 0.1
4 0.2125 0.7328125 0.1 0.096875
4 0.240625 0.6328125 0.1 0.1046875
4 0.2953125 0.728125 0.0984375 0.1015625
4 0.08125 0.9859375 0.096875 0.103125
4 0.4921875 0.0265625 0.1328125 0.0640625
4 0.509375 0.0625 0.1234375 0.05625
4 0.528125 0.096875 0.1296875 0.0640625
4 0.5609375 0.134375 0.071875 0.0375
4 0.6015625 0.2625 0.128125 0.0578125
4 0.7375 0.55625 0.1296875 0.059375
4 0.75 0.5859375 0.1234375 0.05625
4 0.771875 0.6203125 0.125 0.05625
4 0.8015625 0.7109375 0.103125 0.0484375
4 0.8171875 0.746875 0.11875 0.05625
4 0.8453125 0.809375 0.1328125 0.059375
4 0.4484375 0.990625 0.103125 0.1015625
4 0.3703125 0.98125 0.1 0.103125
4 0.471875 0.903125 0.1 0.103125
4 0.278125 0.8875 0.0984375 0.10625
4 0.5609375 0.996875 0.1 0.1
4 0.271875 0.990625 0.0953125 0.10625
3 0.6265625 0.3796875 0.0265625 0.021875
3 0.721875 0.40625 0.0328125 0.0375
3 0.921875 0.215625 0.0328125 0.0234375
3 0.8453125 0.6484375 0.0265625 0.0296875
3 0.8109375 0.6640625 0.0359375 0.0234375
3 0.7875 0.6796875 0.0421875 0.028125
3 0.8609375 0.846875 0.0390625 0.0234375
3 0.9015625 0.8578125 0.0453125 0.0265625
3 0.909375 0.8796875 0.034375 0.025
3 0.8765625 0.8828125 0.0375 0.0265625
3 0.9421875 0.890625 0.034375 0.021875
3 0.9875 0.1375 0.03125 0.0203125
3 0.95 0.18125 0.0328125 0.0234375
3 0.9375 0.1953125 0.03125 0.0203125
3 0.90625 0.29375 0.0296875 0.0421875
3 0.94375 0.90625 0.0328125 0.0234375
3 0.9625 0.9515625 0.03125 0.021875
