4 0.853125 0.1734375 0.0453125 0.103125
4 0.58125 0.0828125 0.053125 0.0984375
4 0.309375 0.2734375 0.0390625 0.06875
4 0.2765625 0.3375 0.0453125 0.0625
4 0.1671875 0.3140625 0.0453125 0.0640625
3 0.040625 0.1609375 0.025 0.028125
3 0.1109375 0.1625 0.0375 0.0375
3 0.128125 0.1421875 0.0296875 0.0296875
3 0.103125 0.04375 0.0328125 0.034375
3 0.009375 0.0203125 0.03125 0.03125
3 0.1234375 0.028125 0.034375 0.0359375
3 0.1765625 0.015625 0.03125 0.0296875
3 0.1890625 0.0109375 0.0265625 0.0265625
3 0.8953125 0.9609375 0.040625 0.0296875
4 0.0609375 0.1453125 0.084375 0.0921875
4 0.00625 0.0546875 0.0953125 0.1015625
4 0.11875 0.3578125 0.06875 0.1234375
4 0.1125 0.328125 0.075 0.11875
4 0.0796875 0.3328125 0.075 0.1140625
4 0.496875 0.3828125 0.0234375 0.1234375
4 0.08125 0.559375 0.1 0.10625
4 0.1765625 0.565625 0.1 0.096875
3 0.0984375 0.909375 0.0328125 0.01875
3 0.0890625 0.9671875 0.03125 0.021875
3 0.25 0.5828125 0.0265625 0.025
3 0.84375 0.89375 0.0390625 0.015625
3 0.8015625 0.8171875 0.025 0.0125
3 0.8 0.7578125 0.0296875 0.015625
3 0.634375 0.4640625 0.040625 0.015625
3 0.2703125 0.059375 0.0265625 0.025
3 0.290625 0.0828125 0.028125 0.0265625
3 0.3125 0.103125 0.0265625 0.025
3 0.2890625 0.1015625 0.03125 0.0328125
3 0.2671875 0.0765625 0.028125 0.0265625
3 0.2328125 0.0578125 0.0296875 0.028125
3 0.2359375 0.0796875 0.0296875 0.0296875
3 0.2546875 0.103125 0.025 0.025
3 0.2109375 0.034375 0.025 0.028125
3 0.1984375 0.040625 0.0265625 0.028125
3 0.215625 0.059375 0.025 0.025
3 0.2578125 0.7328125 0.015625 0.028125
3 0.99375 0.78125 0.0296875 0.0171875
3 0.4921875 0.734375 0.0140625 0.028125
3 0.75 0.8921875 0.040625 0.025
3 0.74375 0.8734375 0.0375 0.0265625
3 0.7234375 0.8359375 0.03125 0.025
3 0.7078125 0.78125 0.034375 0.021875
3 0.8015625 0.7890625 0.025 0.0109375
3 0.6875 0.75 0.028125 0.015625
3 0.79375 0.715625 0.034375 0.0171875
3 0.803125 0.684375 0.034375 0.015625
3 0.5453125 0.7484375 0.0359375 0.021875
3 0.625 0.8953125 0.0265625 0.03125
1 0.9375 0.8734375 0.040625 0.028125
3 0.9484375 0.7078125 0.0375 0.015625
4 0.4640625 0.2375 0.1 0.0234375
3 0.2421875 0.0296875 0.03125 0.034375
3 0.23125 0.0375 0.0265625 0.0265625
3 0.20625 0.7375 0.0171875 0.028125
3 0.009375 0.8265625 0.01875 0.0296875
3 0.4921875 0.2640625 0.03125 0.015625
3 0.5125 0.28125 0.0390625 0.0171875
3 0.565625 0.278125 0.034375 0.0359375
3 0.6046875 0.29375 0.0265625 0.0265625
3 0.6265625 0.290625 0.0296875 0.028125
3 0.6484375 0.290625 0.028125 0.028125
3 0.7390625 0.2953125 0.03125 0.03125
3 0.7609375 0.29375 0.0265625 0.0265625
3 0.7703125 0.184375 0.015625 0.0265625
3 0.784375 0.178125 0.0203125 0.0328125
3 0.8015625 0.1671875 0.0171875 0.028125
3 0.815625 0.1640625 0.021875 0.03125
3 0.75 0.1796875 0.021875 0.028125
3 0.98125 0.1875 0.0390625 0.015625
4 0.984375 0.0921875 0.028125 0.046875
3 0.9828125 0.053125 0.015625 0.03125
