3 0.7046875 0.9578125 0.0359375 0.0125
3 0.765625 0.9546875 0.0328125 0.015625
10 0.4078125 0.428125 0.0578125 0.046875
10 0.5828125 0.4234375 0.0640625 0.0625
10 0.759375 0.284375 0.0625 0.046875
10 0.8484375 0.2765625 0.0609375 0.0453125
10 0.940625 0.259375 0.075 0.0671875
10 0.853125 0.415625 0.06875 0.053125
10 0.9625 0.4 0.071875 0.059375
10 0.1296875 0.9453125 0.053125 0.065625
10 0.078125 0.8015625 0.0625 0.078125
10 0.0703125 0.946875 0.059375 0.075
10 0.3203125 0.4265625 0.0609375 0.0515625
10 0.496875 0.425 0.059375 0.0390625
3 0.0109375 0.896875 0.015625 0.034375
10 0.40625 0.2875 0.0640625 0.046875
