3 0.1640625 0.8421875 0.0296875 0.0171875
3 0.125 0.825 0.0390625 0.0171875
3 0.5140625 0.75625 0.0359375 0.0125
3 0.575 0.753125 0.0328125 0.015625
10 0.2171875 0.2265625 0.0578125 0.046875
10 0.3921875 0.221875 0.0640625 0.0625
10 0.56875 0.0828125 0.0625 0.046875
10 0.6578125 0.075 0.0609375 0.0453125
10 0.75 0.0578125 0.075 0.0671875
10 0.8421875 0.025 0.0765625 0.071875
10 0.6625 0.2140625 0.06875 0.053125
10 0.771875 0.1984375 0.071875 0.059375
10 0.959375 0.1453125 0.0640625 0.040625
10 0.1296875 0.225 0.0609375 0.0515625
10 0.30625 0.2234375 0.059375 0.0390625
10 0.334375 0.9703125 0.05625 0.0640625
10 0.396875 0.9734375 0.1046875 0.0984375
10 0.44375 0.9671875 0.0921875 0.0828125
10 0.5203125 0.98125 0.0765625 0.06875
10 0.571875 0.9765625 0.065625 0.0546875
10 0.6671875 0.9796875 0.0625 0.046875
10 0.7421875 0.9578125 0.0765625 0.06875
10 0.790625 0.975 0.084375 0.08125
10 0.853125 0.965625 0.1390625 0.1234375
10 0.215625 0.0859375 0.0640625 0.046875
