1 0.1671875 0.6296875 0.015625 0.0109375
1 0.1046875 0.690625 0.0125 0.0078125
1 0.115625 0.60625 0.0140625 0.015625
1 0.1515625 0.45625 0.0140625 0.009375
1 0.146875 0.4734375 0.0125 0.009375
1 0.1453125 0.49375 0.015625 0.0109375
1 0.140625 0.5078125 0.0171875 0.009375
1 0.140625 0.5171875 0.015625 0.0125
1 0.1390625 0.5390625 0.0171875 0.0109375
1 0.1390625 0.546875 0.0234375 0.0140625
1 0.1359375 0.559375 0.015625 0.0125
1 0.1703125 0.61875 0.0140625 0.00625
1 0.096875 0.740625 0.009375 0.0078125
1 0.1703125 0.6125 0.015625 0.0078125
1 0.171875 0.603125 0.0140625 0.0078125
1 0.1734375 0.596875 0.0140625 0.00625
1 0.175 0.575 0.0171875 0.009375
1 0.2046875 0.5328125 0.0140625 0.009375
1 0.2421875 0.4765625 0.015625 0.0109375
1 0.209375 0.425 0.0140625 0.015625
1 0.19375 0.4140625 0.0171875 0.0203125
1 0.215625 0.3578125 0.0171875 0.0171875
1 0.1 0.7109375 0.0140625 0.009375
1 0.0484375 0.703125 0.015625 0.0078125
1 0.0484375 0.7125 0.01875 0.00625
1 0.00625 0.8046875 0.0171875 0.009375
1 0.0390625 0.809375 0.0171875 0.009375
1 0.034375 0.765625 0.0140625 0.0109375
1 0.0171875 0.5984375 0.015625 0.009375
1 0.0453125 0.7421875 0.0171875 0.0125
1 0.0484375 0.728125 0.0140625 0.009375
