10 0.134375 0.046875 0.0640625 0.040625
10 0.2234375 0.0359375 0.0671875 0.0453125
10 0.4 0.040625 0.059375 0.05
10 0.5765625 0.0359375 0.06875 0.0484375
10 0.6640625 0.0375 0.065625 0.0453125
10 0.75 0.034375 0.06875 0.05
10 0.840625 0.034375 0.0671875 0.0484375
10 0.6921875 0.578125 0.0640625 0.0390625
10 0.325 0.9390625 0.06875 0.046875
10 0.46875 0.5828125 0.05625 0.0375
10 0.028125 0.8671875 0.1390625 0.1234375
10 0.2765625 0.7953125 0.0609375 0.0421875
10 0.259375 0.9953125 0.0515625 0.0625
3 0.20625 0.7859375 0.015625 0.0328125
3 0.225 0.7890625 0.0234375 0.0328125
3 0.41875 0.5875 0.0328125 0.0171875
3 0.5234375 0.5859375 0.0359375 0.0140625
3 0.30625 0.3296875 0.0359375 0.01875
3 0.296875 0.2703125 0.0390625 0.0171875
3 0.740625 0.1734375 0.0421875 0.0265625
3 0.84375 0.1765625 0.0375 0.01875
3 0.89375 0.1828125 0.0390625 0.01875
1 0.803125 0.178125 0.04375 0.021875
3 0.8109375 0.66875 0.0359375 0.0171875
3 0.721875 0.8078125 0.0265625 0.015625
3 0.8 0.9171875 0.0375 0.0171875
3 0.9625 0.9203125 0.0328125 0.0140625
3 0.9625 0.9390625 0.0359375 0.021875
