0 0.603125 0.128125 0.015625 0.0109375
0 0.540625 0.1890625 0.0125 0.0078125
0 0.5515625 0.1046875 0.0140625 0.015625
0 0.5765625 0.00625 0.0171875 0.009375
0 0.5765625 0.015625 0.015625 0.0125
0 0.575 0.0375 0.0171875 0.0109375
0 0.575 0.0453125 0.0234375 0.0140625
0 0.571875 0.0578125 0.015625 0.0125
0 0.60625 0.1171875 0.0140625 0.00625
0 0.5328125 0.2390625 0.009375 0.0078125
0 0.60625 0.1109375 0.015625 0.0078125
0 0.6078125 0.1015625 0.0140625 0.0078125
0 0.609375 0.0953125 0.0140625 0.00625
0 0.6109375 0.0734375 0.0171875 0.009375
0 0.640625 0.03125 0.0140625 0.009375
0 0.5359375 0.209375 0.0140625 0.009375
0 0.484375 0.2015625 0.015625 0.0078125
0 0.384375 0.3890625 0.01875 0.0078125
0 0.3640625 0.5 0.0171875 0.0140625
0 0.365625 0.4921875 0.015625 0.009375
0 0.365625 0.484375 0.0140625 0.0109375
0 0.4171875 0.390625 0.0140625 0.009375
0 0.4171875 0.3984375 0.015625 0.0078125
0 0.4171875 0.4078125 0.0171875 0.009375
0 0.415625 0.4140625 0.0171875 0.0078125
0 0.38125 0.409375 0.015625 0.0078125
0 0.3828125 0.403125 0.015625 0.00625
0 0.3828125 0.3953125 0.015625 0.009375
0 0.3484375 0.378125 0.021875 0.009375
0 0.484375 0.2109375 0.01875 0.00625
0 0.3453125 0.3859375 0.0203125 0.0109375
0 0.3484375 0.3984375 0.0265625 0.0109375
0 0.35 0.4234375 0.0171875 0.0078125
0 0.3484375 0.4078125 0.028125 0.009375
0 0.4421875 0.303125 0.0171875 0.009375
0 0.475 0.3078125 0.0171875 0.009375
0 0.4703125 0.2640625 0.0140625 0.0109375
0 0.453125 0.096875 0.015625 0.009375
0 0.48125 0.240625 0.0171875 0.0125
0 0.484375 0.2265625 0.0140625 0.009375
0 0.365625 0.509375 0.015625 0.0125
0 0.38125 0.50625 0.0078125 0.0140625
0 0.409375 0.50625 0.009375 0.01875
0 0.41875 0.4953125 0.009375 0.0171875
0 0.6734375 0.503125 0.0140625 0.0078125
0 0.80625 0.603125 0.0203125 0.0078125
0 0.9171875 0.5671875 0.0171875 0.009375
0 0.846875 0.5078125 0.015625 0.0078125
0 0.4953125 0.946875 0.0109375 0.0171875
0 0.490625 0.8984375 0.0078125 0.0171875
0 0.5390625 0.8421875 0.0109375 0.025
0 0.5515625 0.7359375 0.0125 0.025
0 0.553125 0.70625 0.0109375 0.028125
0 0.6671875 0.5828125 0.015625 0.0078125
0 0.6234375 0.6046875 0.015625 0.0078125
0 0.61875 0.640625 0.0140625 0.00625
0 0.6265625 0.596875 0.0140625 0.0046875
0 0.5171875 0.6203125 0.0046875 0.015625
0 0.5203125 0.6546875 0.0078125 0.0140625
0 0.3265625 0.628125 0.0265625 0.0109375
0 0.3265625 0.6171875 0.025 0.0140625
0 0.328125 0.60625 0.0265625 0.0109375
0 0.528125 0.5328125 0.009375 0.01875
0 0.4609375 0.515625 0.009375 0.0125
