3 0.7984375 0.9140625 0.0140625 0.028125
3 0.5109375 0.8859375 0.0171875 0.0390625
3 0.6109375 0.925 0.015625 0.0328125
3 0.703125 0.8640625 0.028125 0.01875
3 0.7484375 0.784375 0.01875 0.0296875
3 0.6421875 0.5671875 0.0296875 0.0171875
3 0.603125 0.55 0.0390625 0.0171875
3 0.9921875 0.48125 0.0359375 0.0125
3 0.7796875 0.9140625 0.0171875 0.028125
3 0.8140625 0.9140625 0.0171875 0.0296875
3 0.8296875 0.9140625 0.015625 0.03125
3 0.8640625 0.9140625 0.015625 0.03125
3 0.909375 0.9140625 0.015625 0.03125
3 0.9265625 0.915625 0.01875 0.03125
3 0.49375 0.8828125 0.0171875 0.03125
3 0.465625 0.8828125 0.01875 0.0296875
3 0.4390625 0.8875 0.01875 0.034375
3 0.4171875 0.8859375 0.0140625 0.0265625
3 0.06875 0.8703125 0.015625 0.028125
3 0.0859375 0.86875 0.01875 0.0296875
3 0.1015625 0.8609375 0.0140625 0.025
3 0.115625 0.859375 0.0140625 0.028125
3 0.13125 0.8625 0.01875 0.0359375
3 0.146875 0.865625 0.0140625 0.034375
3 0.0640625 0.9765625 0.034375 0.0140625
3 0.0078125 0.7546875 0.025 0.0359375
3 0.08125 0.7203125 0.0328125 0.015625
10 0.4171875 0.46875 0.053125 0.065625
10 0.3703125 0.5375 0.0421875 0.0609375
10 0.365625 0.325 0.0625 0.078125
10 0.3578125 0.4703125 0.059375 0.075
3 0.003125 0.25625 0.0375 0.01875
3 0.0046875 0.3015625 0.0375 0.0203125
3 0.00625 0.3234375 0.0359375 0.01875
3 0.2984375 0.4203125 0.015625 0.034375
3 0.11875 0.5265625 0.0390625 0.015625
3 0.0359375 0.6453125 0.021875 0.040625
3 0.0140625 0.7171875 0.0171875 0.0265625
10 0.428125 0.540625 0.046875 0.0640625
10 0.359375 0.609375 0.075 0.0734375
10 0.4015625 0.603125 0.0734375 0.0640625
10 0.4375 0.603125 0.065625 0.0578125
10 0.36875 0.6875 0.096875 0.0796875
10 0.45 0.665625 0.0859375 0.071875
10 0.7375 0.73125 0.053125 0.0515625
10 0.8125 0.6953125 0.05625 0.0640625
10 0.875 0.6984375 0.1046875 0.0984375
10 0.921875 0.6921875 0.0921875 0.0828125
10 0.9984375 0.70625 0.0765625 0.06875
