3 0.9046875 0.984375 0.040625 0.028125
4 0.465625 0.128125 0.0453125 0.103125
4 0.19375 0.0375 0.053125 0.0984375
3 0.5078125 0.915625 0.040625 0.0296875
4 0.109375 0.3375 0.0234375 0.1234375
3 0.45625 0.8484375 0.0390625 0.015625
3 0.4140625 0.771875 0.025 0.0125
3 0.4125 0.7125 0.0296875 0.015625
3 0.246875 0.41875 0.040625 0.015625
4 0.69375 0.684375 0.0671875 0.0375
1 0.7140625 0.71875 0.0421875 0.0421875
3 0.7984375 0.853125 0.0234375 0.03125
3 0.778125 0.8578125 0.0203125 0.028125
3 0.8078125 0.9328125 0.028125 0.0328125
3 0.825 0.2390625 0.0171875 0.03125
3 0.840625 0.240625 0.015625 0.0265625
3 0.8953125 0.2390625 0.0171875 0.03125
3 0.9265625 0.2375 0.015625 0.034375
3 0.9421875 0.2375 0.0140625 0.03125
3 0.990625 0.1484375 0.0171875 0.028125
3 0.9671875 0.1484375 0.0171875 0.034375
3 0.9515625 0.1484375 0.015625 0.0328125
3 0.9265625 0.1421875 0.0203125 0.0265625
3 0.9109375 0.14375 0.0140625 0.0265625
3 0.89375 0.14375 0.0140625 0.03125
3 0.6515625 0.6921875 0.0296875 0.0375
3 0.60625 0.7359375 0.0296875 0.0171875
3 0.1046875 0.6890625 0.0140625 0.028125
3 0.3625 0.846875 0.040625 0.025
3 0.35625 0.828125 0.0375 0.0265625
3 0.3359375 0.790625 0.03125 0.025
3 0.3203125 0.7359375 0.034375 0.021875
3 0.4140625 0.74375 0.025 0.0109375
3 0.3 0.7046875 0.028125 0.015625
3 0.40625 0.6703125 0.034375 0.0171875
3 0.415625 0.6390625 0.034375 0.015625
3 0.1578125 0.703125 0.0359375 0.021875
3 0.2375 0.85 0.0265625 0.03125
1 0.55 0.828125 0.040625 0.028125
3 0.5609375 0.6625 0.0375 0.015625
4 0.0765625 0.1921875 0.1 0.0234375
3 0.1046875 0.21875 0.03125 0.015625
3 0.125 0.2359375 0.0390625 0.0171875
3 0.178125 0.2328125 0.034375 0.0359375
3 0.2171875 0.2484375 0.0265625 0.0265625
3 0.2390625 0.2453125 0.0296875 0.028125
3 0.2609375 0.2453125 0.028125 0.028125
3 0.3515625 0.25 0.03125 0.03125
3 0.3734375 0.2484375 0.0265625 0.0265625
3 0.3828125 0.1390625 0.015625 0.0265625
3 0.396875 0.1328125 0.0203125 0.0328125
3 0.4140625 0.121875 0.0171875 0.028125
3 0.428125 0.11875 0.021875 0.03125
3 0.3625 0.134375 0.021875 0.028125
3 0.59375 0.1421875 0.0390625 0.015625
4 0.596875 0.046875 0.028125 0.046875
3 0.5953125 0.0078125 0.015625 0.03125
