4 0.746875 0.9171875 0.0828125 0.0421875
4 0.7140625 0.84375 0.0828125 0.0375
4 0.6921875 0.790625 0.08125 0.0421875
4 0.1296875 0.6015625 0.0984375 0.1046875
4 0.2234375 0.5109375 0.1015625 0.1
4 0.2796875 0.6015625 0.1 0.1046875
4 0.3484375 0.5984375 0.0984375 0.1046875
4 0.375 0.6078125 0.0984375 0.1046875
4 0.1703125 0.346875 0.1015625 0.10625
4 0.1328125 0.34375 0.096875 0.103125
4 0.0953125 0.3421875 0.103125 0.1046875
4 0.05625 0.340625 0.1 0.10625
4 0.79375 0.0609375 0.0953125 0.103125
4 0.915625 0.55625 0.1234375 0.0640625
4 0.7875 0.575 0.1265625 0.0640625
4 0.8 0.5078125 0.03125 0.084375
4 0.740625 0.4953125 0.0640625 0.1296875
4 0.725 0.4609375 0.0703125 0.1203125
4 0.6609375 0.328125 0.065625 0.121875
4 0.5515625 0.321875 0.071875 0.1203125
4 0.6078125 0.8984375 0.0265625 0.13125
4 0.39375 0.865625 0.1 0.1015625
4 0.303125 0.7734375 0.10625 0.1046875
4 0.078125 0.7640625 0.1078125 0.109375
4 0.1578125 0.7734375 0.0953125 0.090625
4 0.1875 0.7640625 0.1078125 0.1078125
4 0.184375 0.509375 0.1015625 0.103125
3 0.4140625 0.996875 0.040625 0.0359375
3 0.4328125 0.759375 0.0296875 0.028125
3 0.4109375 0.7421875 0.0265625 0.03125
3 0.1921875 0.33125 0.034375 0.0296875
3 0.3109375 0.3453125 0.03125 0.0296875
3 0.209375 0.6375 0.0328125 0.0296875
3 0.2359375 0.740625 0.0328125 0.03125
3 0.328125 0.7625 0.034375 0.0375
3 0.365625 0.7640625 0.03125 0.03125
3 0.390625 0.753125 0.0375 0.0390625
4 0.1640625 0.6046875 0.1046875 0.1
4 0.1015625 0.6 0.096875 0.09375
4 0.1109375 0.5125 0.1 0.10625
4 0.00625 0.50625 0.1 0.1046875
4 0.0609375 0.6015625 0.0984375 0.1015625
4 0.3265625 0.0078125 0.071875 0.0375
4 0.3671875 0.1359375 0.128125 0.0578125
4 0.503125 0.4296875 0.1296875 0.059375
4 0.515625 0.459375 0.1234375 0.05625
4 0.5375 0.49375 0.125 0.05625
4 0.5671875 0.584375 0.103125 0.0484375
4 0.5828125 0.6203125 0.11875 0.05625
4 0.6109375 0.6828125 0.1328125 0.059375
4 0.7734375 0.946875 0.059375 0.034375
4 0.184375 0.9265625 0.1265625 0.0625
4 0.2953125 0.8734375 0.1 0.0984375
4 0.2140625 0.8640625 0.103125 0.1015625
4 0.1359375 0.8546875 0.1 0.103125
4 0.2375 0.7765625 0.1 0.103125
4 0.04375 0.7609375 0.0984375 0.10625
4 0.3265625 0.8703125 0.1 0.1
4 0.0375 0.8640625 0.0953125 0.10625
4 0.8796875 0.43125 0.03125 0.0171875
4 0.903125 0.45625 0.0375 0.01875
4 0.91875 0.4671875 0.03125 0.01875
4 0.9625 0.5 0.0328125 0.01875
4 0.9375 0.271875 0.025 0.0265625
3 0.3921875 0.253125 0.0265625 0.021875
3 0.953125 0.928125 0.03125 0.028125
4 0.9203125 0.94375 0.0453125 0.03125
3 0.4875 0.2796875 0.0328125 0.0375
3 0.6875 0.0890625 0.0328125 0.0234375
3 0.6109375 0.521875 0.0265625 0.0296875
3 0.5765625 0.5375 0.0359375 0.0234375
3 0.553125 0.553125 0.0421875 0.028125
3 0.6265625 0.7203125 0.0390625 0.0234375
3 0.6671875 0.73125 0.0453125 0.0265625
3 0.675 0.753125 0.034375 0.025
3 0.6421875 0.75625 0.0375 0.0265625
3 0.7078125 0.7640625 0.034375 0.021875
3 0.5828125 0.978125 0.0296875 0.0234375
3 0.5234375 0.9921875 0.028125 0.0328125
3 0.475 0.9984375 0.03125 0.028125
3 0.753125 0.0109375 0.03125 0.0203125
3 0.715625 0.0546875 0.0328125 0.0234375
3 0.703125 0.06875 0.03125 0.0203125
3 0.671875 0.1671875 0.0296875 0.0421875
3 0.79375 0.7015625 0.028125 0.0296875
3 0.83125 0.6953125 0.0359375 0.0203125
3 0.8390625 0.7078125 0.0359375 0.021875
3 0.8265625 0.7625 0.0359375 0.0234375
3 0.85625 0.7515625 0.0359375 0.025
3 0.84375 0.7890625 0.0328125 0.0203125
3 0.709375 0.7796875 0.0328125 0.0234375
3 0.728125 0.825 0.03125 0.021875
3 0.753125 0.8734375 0.034375 0.025
3 0.8734375 0.7765625 0.0296875 0.025
3 0.8515625 0.8046875 0.034375 0.0234375
3 0.8609375 0.8171875 0.034375 0.021875
3 0.88125 0.790625 0.0328125 0.0234375
3 0.890625 0.80625 0.03125 0.021875
3 0.8921875 0.896875 0.034375 0.0265625
3 0.9015625 0.9125 0.0390625 0.0296875
3 0.959375 0.9453125 0.0296875 0.025
3 0.9234375 0.88125 0.0359375 0.0265625
3 0.9421875 0.9140625 0.03125 0.025
3 0.9046875 0.83125 0.0328125 0.021875
3 0.928125 0.959375 0.03125 0.0234375
3 0.7921875 0.971875 0.03125 0.021875
3 0.7734375 0.9828125 0.034375 0.021875
