0 0.99375 0.0984375 0.05 0.0390625
0 0.98125 0.0828125 0.0484375 0.0375
0 0.9703125 0.0671875 0.0484375 0.0359375
0 0.959375 0.046875 0.0421875 0.0328125
0 0.8125 0.0609375 0.0296875 0.028125
0 0.9046875 0.2078125 0.04375 0.034375
0 0.8921875 0.19375 0.0375 0.028125
0 0.884375 0.1796875 0.04375 0.0328125
0 0.865625 0.153125 0.0265625 0.0234375
0 0.8515625 0.1421875 0.0328125 0.03125
0 0.840625 0.109375 0.040625 0.0328125
0 0.796875 0.05625 0.0296875 0.0265625
0 0.9375 0.0125 0.0484375 0.0390625
0 0.775 0.0390625 0.0296875 0.028125
0 0.7671875 0.028125 0.028125 0.028125
0 0.946875 0.03125 0.0484375 0.0421875
0 0.5484375 0.33125 0.0390625 0.01875
0 0.4015625 0.528125 0.0421875 0.021875
0 0.2546875 0.3390625 0.0171875 0.040625
0 0.278125 0.29375 0.021875 0.04375
0 0.2453125 0.075 0.071875 0.0375
0 0.25 0.0421875 0.0765625 0.0375
0 0.175 0.046875 0.0484375 0.021875
0 0.553125 0.04375 0.059375 0.0703125
0 0.5828125 0.0640625 0.04375 0.0515625
0 0.6796875 0.1625 0.0546875 0.021875
0 0.4859375 0.2390625 0.021875 0.0375
0 0.5296875 0.2109375 0.040625 0.01875
0 0.528125 0.2265625 0.046875 0.0203125
0 0.525 0.240625 0.040625 0.01875
0 0.521875 0.259375 0.0390625 0.01875
0 0.628125 0.3265625 0.0375 0.021875
0 0.6265625 0.35625 0.0234375 0.0328125
0 0.609375 0.925 0.04375 0.021875
0 0.5984375 0.990625 0.0453125 0.0203125
0 0.596875 0.971875 0.05 0.0265625
0 0.5953125 0.95625 0.0453125 0.021875
0 0.6015625 0.9421875 0.0515625 0.025
0 0.609375 0.8984375 0.040625 0.0203125
0 0.0203125 0.7453125 0.0375 0.0640625
0 0.6265625 0.8140625 0.03125 0.0453125
0 0.5796875 0.8296875 0.0296875 0.08125
0 0.5359375 0.8171875 0.040625 0.0734375
0 0.5140625 0.809375 0.0265625 0.05625
0 0.4859375 0.809375 0.0375 0.0671875
0 0.4515625 0.8 0.0421875 0.0640625
0 0.4296875 0.7953125 0.0265625 0.0484375
0 0.365625 0.784375 0.0421875 0.059375
0 0.2671875 0.8046875 0.021875 0.0421875
0 0.2390625 0.778125 0.028125 0.046875
0 0.1390625 0.79375 0.028125 0.0625
0 0.1078125 0.75625 0.034375 0.0671875
0 0.0484375 0.7546875 0.040625 0.078125
0 0.296875 0.996875 0.0296875 0.0546875
0 0.2671875 0.996875 0.021875 0.0515625
0 0.2421875 0.99375 0.0171875 0.0453125
0 0.1828125 0.9859375 0.025 0.046875
0 0.1640625 0.98125 0.025 0.0453125
0 0.1359375 0.984375 0.0203125 0.046875
0 0.1015625 0.98125 0.025 0.046875
0 0.071875 0.9734375 0.021875 0.05625
0 0.0171875 0.9578125 0.0265625 0.0640625
0 0.9875 0.334375 0.028125 0.0359375
0 0.721875 0.334375 0.05 0.0234375
0 0.2625 0.671875 0.0390625 0.034375
