9 0.478125 0.4953125 2.0421875 0.3125
9 0.01875 0.6234375 1.0203125 0.175
3 0.7828125 0.4484375 0.0171875 0.0078125
3 0.2765625 0.5203125 0.01875 0.0109375
3 0.371875 0.503125 0.015625 0.009375
3 0.375 0.5140625 0.0140625 0.0109375
3 0.584375 0.475 0.0125 0.009375
3 0.4640625 0.575 0.0140625 0.009375
3 0.6546875 0.55 0.021875 0.009375
3 0.2875 0.6 0.0140625 0.009375
3 0.809375 0.525 0.015625 0.0078125
3 0.7734375 0.459375 0.015625 0.00625
3 0.96875 0.5 0.015625 0.0109375
3 0.196875 0.6 0.015625 0.00625
3 0.0421875 0.628125 0.0140625 0.0078125
3 0.021875 0.61875 0.015625 0.00625
