9 0.7203125 0.6234375 2.0421875 0.3125
9 0.2609375 0.7515625 1.0203125 0.175
3 0.51875 0.6484375 0.01875 0.0109375
3 0.6140625 0.63125 0.015625 0.009375
3 0.6171875 0.6421875 0.0140625 0.0109375
3 0.8265625 0.603125 0.0125 0.009375
3 0.003125 0.775 0.01875 0.009375
3 0.071875 0.76875 0.0140625 0.0078125
3 0.1453125 0.7609375 0.0140625 0.0078125
3 0.70625 0.703125 0.0140625 0.009375
3 0.896875 0.678125 0.021875 0.009375
3 0.1703125 0.771875 0.0140625 0.009375
3 0.5296875 0.728125 0.0140625 0.009375
3 0.4390625 0.728125 0.015625 0.00625
3 0.284375 0.75625 0.0140625 0.0078125
3 0.2640625 0.746875 0.015625 0.00625
