1 0.9953125 0.396875 0.071875 0.05625
1 0.99375 0.690625 0.0296875 0.028125
1 0.9859375 0.6796875 0.028125 0.028125
1 0.9203125 0.6140625 0.040625 0.0359375
1 0.9046875 0.5828125 0.0421875 0.046875
1 0.8921875 0.571875 0.046875 0.05
1 0.8578125 0.559375 0.034375 0.040625
1 0.846875 0.5453125 0.0390625 0.0453125
1 0.821875 0.525 0.0375 0.046875
1 0.95 0.3484375 0.0703125 0.0421875
1 0.94375 0.3265625 0.0796875 0.0453125
1 0.7796875 0.3515625 0.0484375 0.0359375
1 0.7703125 0.365625 0.05 0.0390625
1 0.759375 0.3765625 0.0390625 0.0359375
1 0.75 0.4109375 0.040625 0.0359375
1 0.6890625 0.4359375 0.028125 0.04375
1 0.6734375 0.428125 0.028125 0.040625
1 0.65625 0.4234375 0.028125 0.0453125
1 0.6421875 0.4140625 0.03125 0.046875
1 0.6265625 0.409375 0.0265625 0.040625
1 0.6140625 0.396875 0.0296875 0.0484375
1 0.59375 0.3953125 0.0265625 0.05625
1 0.7671875 0.9828125 0.0390625 0.01875
1 0.20625 0.49375 0.01875 0.0421875
1 0.171875 0.4890625 0.0234375 0.0375
1 0.1390625 0.4890625 0.0203125 0.046875
1 0.071875 0.4953125 0.0265625 0.053125
1 0.0359375 0.4921875 0.0171875 0.04375
1 0.4734375 0.990625 0.0171875 0.040625
1 0.496875 0.9453125 0.021875 0.04375
1 0.4640625 0.7265625 0.071875 0.0375
1 0.46875 0.69375 0.0765625 0.0375
1 0.39375 0.6984375 0.0484375 0.021875
1 0.3984375 0.64375 0.053125 0.0265625
1 0.4609375 0.6171875 0.04375 0.0234375
1 0.3625 0.603125 0.046875 0.021875
1 0.771875 0.6953125 0.059375 0.0703125
1 0.8015625 0.715625 0.04375 0.0515625
1 0.8984375 0.8140625 0.0546875 0.021875
1 0.7046875 0.890625 0.021875 0.0375
1 0.7484375 0.8625 0.040625 0.01875
1 0.746875 0.878125 0.046875 0.0203125
1 0.74375 0.8921875 0.040625 0.01875
1 0.740625 0.9109375 0.0390625 0.01875
1 0.846875 0.978125 0.0375 0.021875
1 0.6515625 0.2375 0.0203125 0.0375
1 0.6359375 0.2390625 0.015625 0.03125
1 0.6203125 0.246875 0.0203125 0.040625
1 0.66875 0.234375 0.01875 0.0375
1 0.68125 0.2296875 0.0171875 0.0390625
1 0.7015625 0.2328125 0.0140625 0.0359375
1 0.71875 0.2390625 0.015625 0.0375
1 0.9328125 0.2046875 0.0234375 0.04375
1 0.9484375 0.203125 0.025 0.0515625
1 0.9140625 0.203125 0.0203125 0.040625
1 0.884375 0.2171875 0.0125 0.03125
1 0.865625 0.215625 0.021875 0.05625
1 0.83125 0.209375 0.01875 0.0421875
1 0.7828125 0.2171875 0.025 0.053125
1 0.8171875 0.2171875 0.021875 0.046875
1 0.7515625 0.2296875 0.0171875 0.04375
1 0.734375 0.234375 0.015625 0.0390625
3 0.5625 0.5484375 0.009375 0.0234375
3 0.3734375 0.965625 0.03125 0.0171875
3 0.33125 0.9015625 0.0328125 0.0140625
3 0.175 0.8046875 0.0109375 0.0265625
3 0.1984375 0.8109375 0.015625 0.034375
3 0.3828125 0.8625 0.0296875 0.0171875
3 0.3375 0.8328125 0.021875 0.0140625
3 0.390625 0.8 0.0296875 0.01875
3 0.3359375 0.771875 0.025 0.015625
3 0.3984375 0.721875 0.028125 0.01875
3 0.50625 0.625 0.0296875 0.0140625
3 0.4109375 0.60625 0.0296875 0.01875
3 0.346875 0.634375 0.028125 0.0140625
3 0.6078125 0.5625 0.0109375 0.0234375
3 0.590625 0.55625 0.0109375 0.025
3 0.20625 0.5359375 0.0125 0.03125
3 0.0390625 0.7796875 0.0109375 0.028125
3 0.0578125 0.7828125 0.0109375 0.021875
3 0.15 0.8046875 0.0140625 0.0296875
3 0.0796875 0.746875 0.009375 0.0265625
3 0.0015625 0.6609375 0.009375 0.0296875
3 0.0203125 0.6609375 0.0109375 0.025
3 0.0359375 0.5421875 0.0109375 0.03125
3 0.071875 0.55 0.0203125 0.0328125
3 0.1375 0.5421875 0.0125 0.0375
3 0.16875 0.5359375 0.0125 0.03125
3 0.228125 0.5359375 0.009375 0.03125
3 0.5765625 0.5515625 0.009375 0.028125
3 0.5453125 0.5359375 0.0109375 0.0234375
3 0.3015625 0.44375 0.0296875 0.0140625
3 0.778125 0.915625 0.0140625 0.028125
3 0.79375 0.9171875 0.0109375 0.025
3 0.8078125 0.915625 0.0140625 0.025
3 0.8203125 0.915625 0.009375 0.021875
3 0.8359375 0.9125 0.0109375 0.0234375
3 0.8515625 0.915625 0.0140625 0.028125
3 0.884375 0.9203125 0.015625 0.025
3 0.8875 0.98125 0.028125 0.0140625
3 0.925 0.925 0.0109375 0.0265625
3 0.9421875 0.9265625 0.0109375 0.0203125
3 0.9578125 0.93125 0.0125 0.021875
3 0.9734375 0.9296875 0.0125 0.028125
3 0.990625 0.9859375 0.0328125 0.021875
3 0.696875 0.93125 0.0109375 0.0296875
3 0.9296875 0.4375 0.0328125 0.025
3 0.9109375 0.3953125 0.0328125 0.0203125
3 0.8984375 0.3703125 0.028125 0.021875
3 0.4140625 0.3859375 0.0140625 0.021875
3 0.428125 0.3921875 0.015625 0.0265625
3 0.44375 0.396875 0.0171875 0.028125
3 0.459375 0.403125 0.0171875 0.025
3 0.484375 0.4125 0.0140625 0.028125
3 0.5078125 0.28125 0.0140625 0.025
3 0.58125 0.25625 0.0078125 0.0328125
3 0.5328125 0.2625 0.0140625 0.0265625
3 0.8 0.4546875 0.028125 0.03125
3 0.653125 0.896875 0.0109375 0.01875
3 0.6578125 0.859375 0.0109375 0.0234375
3 0.684375 0.6640625 0.0171875 0.028125
3 0.596875 0.4546875 0.0125 0.0296875
3 0.621875 0.4640625 0.0078125 0.025
3 0.6390625 0.475 0.009375 0.025
3 0.665625 0.484375 0.0140625 0.0265625
3 0.003125 0.78125 0.0078125 0.021875
1 0.971875 0.365625 0.065625 0.046875
1 0.940625 0.9859375 0.05 0.0234375
3 0.0171875 0.834375 0.0109375 0.0265625
3 0.3625 0.9984375 0.028125 0.0109375
