0 0.4375 0.5296875 0.065625 0.025
0 0.4421875 0.5 0.0671875 0.0359375
0 0.209375 0.871875 0.0328125 0.0828125
0 0.25625 0.85625 0.0453125 0.10625
0 0.3 0.8546875 0.0421875 0.0984375
0 0.3421875 0.8484375 0.0375 0.0890625
0 0.840625 0.6203125 0.015625 0.0546875
0 0.8328125 0.546875 0.0234375 0.0671875
0 0.121875 0.8921875 0.034375 0.078125
0 0.0765625 0.89375 0.0296875 0.0703125
0 0.01875 0.8171875 0.096875 0.0734375
0 0.003125 0.76875 0.078125 0.0359375
0 0.0078125 0.6578125 0.0984375 0.040625
0 0.9671875 0.2265625 0.1265625 0.04375
