0 0.215625 0.1546875 0.0359375 0.05
0 0.3515625 0.0765625 0.0359375 0.0171875
0 0.0921875 0.2171875 0.0140625 0.0234375
0 0.10625 0.215625 0.009375 0.025
0 0.11875 0.215625 0.0234375 0.03125
0 0.1046875 0.18125 0.0125 0.021875
0 0.3328125 0.059375 0.059375 0.0203125
0 0.340625 0.0375 0.0515625 0.025
0 0.321875 0.0203125 0.028125 0.0140625
0 0.33125 0.003125 0.0578125 0.01875
0 0.1171875 0.1765625 0.0125 0.028125
0 0.271875 0.0328125 0.034375 0.015625
0 0.271875 0.0484375 0.034375 0.015625
0 0.2734375 0.0640625 0.0375 0.015625
0 0.2546875 0.10625 0.046875 0.03125
0 0.2546875 0.125 0.040625 0.028125
0 0.2515625 0.1453125 0.04375 0.0390625
0 0.1375 0.1609375 0.0140625 0.0328125
0 0.9953125 0.75625 0.034375 0.0828125
0 0.96875 0.7484375 0.0265625 0.071875
0 0.4390625 0.6828125 0.034375 0.05625
0 0.9140625 0.7375 0.028125 0.0609375
0 0.8484375 0.7359375 0.046875 0.06875
0 0.8203125 0.7234375 0.040625 0.0640625
0 0.7625 0.725 0.03125 0.0703125
0 0.7328125 0.71875 0.0375 0.0671875
0 0.703125 0.71875 0.04375 0.071875
0 0.675 0.709375 0.0421875 0.065625
0 0.646875 0.7109375 0.0375 0.0640625
0 0.61875 0.7015625 0.034375 0.0546875
0 0.5890625 0.7015625 0.0375 0.06875
0 0.559375 0.6953125 0.03125 0.0625
0 0.4953125 0.6328125 0.0234375 0.0484375
0 0.521875 0.63125 0.0203125 0.0484375
0 0.4109375 0.66875 0.03125 0.0453125
0 0.384375 0.6703125 0.0234375 0.0515625
0 0.35625 0.66875 0.025 0.0546875
0 0.325 0.675 0.0328125 0.0625
0 0.296875 0.6671875 0.0390625 0.06875
0 0.2234375 0.646875 0.0265625 0.0625
0 0.1875 0.65625 0.0265625 0.0671875
0 0.1078125 0.6765625 0.0296875 0.0625
0 0.0734375 0.6875 0.0234375 0.0625
0 0.0015625 0.690625 0.0234375 0.0578125
0 0.5296875 0.984375 0.0328125 0.0609375
0 0.590625 0.909375 0.025 0.0578125
0 0.6140625 0.915625 0.025 0.053125
0 0.640625 0.9140625 0.03125 0.0640625
0 0.6703125 0.9203125 0.0265625 0.0640625
0 0.6953125 0.928125 0.028125 0.053125
0 0.7421875 0.934375 0.028125 0.05
0 0.778125 0.928125 0.0375 0.0671875
0 0.615625 0.996875 0.0421875 0.0703125
0 0.5953125 0.9859375 0.0265625 0.0453125
0 0.565625 0.996875 0.0375 0.065625
0 0.5046875 0.984375 0.0390625 0.0671875
0 0.5125 0.9 0.028125 0.053125
0 0.4515625 0.96875 0.0203125 0.0453125
0 0.415625 0.9734375 0.028125 0.059375
0 0.3140625 0.96875 0.0265625 0.065625
0 0.2765625 0.978125 0.05 0.075
0 0.240625 0.98125 0.0359375 0.0671875
0 0.215625 0.9859375 0.034375 0.06875
0 0.1828125 0.9875 0.03125 0.05625
0 0.140625 0.9953125 0.034375 0.06875
0 0.5375 0.903125 0.028125 0.053125
0 0.48125 0.9015625 0.028125 0.065625
0 0.99375 0.9609375 0.021875 0.0515625
0 0.453125 0.89375 0.0203125 0.059375
0 0.0109375 0.9359375 0.0234375 0.0453125
0 0.028125 0.921875 0.0359375 0.065625
0 0.0609375 0.91875 0.0390625 0.075
0 0.0859375 0.9171875 0.0390625 0.059375
0 0.1296875 0.90625 0.028125 0.075
0 0.1578125 0.9015625 0.021875 0.0546875
0 0.25 0.9 0.0234375 0.05
0 0.31875 0.8796875 0.0296875 0.0671875
0 0.346875 0.88125 0.0265625 0.0625
0 0.38125 0.88125 0.034375 0.0640625
0 0.4265625 0.884375 0.034375 0.06875
