1 0.953125 0.35625 0.0359375 0.05
1 0.8296875 0.41875 0.0140625 0.0234375
1 0.84375 0.4171875 0.009375 0.025
1 0.85625 0.4171875 0.0234375 0.03125
1 0.8421875 0.3828125 0.0125 0.021875
1 0.996875 0.0828125 0.0390625 0.015625
1 0.9953125 0.0640625 0.0515625 0.021875
1 0.9984375 0.1 0.04375 0.0171875
1 0.8546875 0.378125 0.0125 0.028125
1 0.996875 0.1171875 0.0421875 0.0140625
1 0.9921875 0.3078125 0.046875 0.03125
1 0.9921875 0.3265625 0.040625 0.028125
1 0.9890625 0.346875 0.04375 0.0390625
1 0.875 0.3625 0.0140625 0.0328125
1 0.9609375 0.8484375 0.0265625 0.0625
1 0.925 0.8578125 0.0265625 0.0671875
1 0.8453125 0.878125 0.0296875 0.0625
1 0.8109375 0.8890625 0.0234375 0.0625
1 0.7390625 0.8921875 0.0234375 0.0578125
1 0.709375 0.89375 0.025 0.0625
1 0.6734375 0.8953125 0.028125 0.059375
1 0.6140625 0.8828125 0.059375 0.021875
3 0.809375 0.665625 0.009375 0.0265625
3 0.8390625 0.6640625 0.0171875 0.034375
3 0.865625 0.696875 0.0140625 0.0265625
3 0.8609375 0.6625 0.0125 0.0265625
3 0.85 0.609375 0.034375 0.0140625
3 0.8078125 0.5765625 0.0109375 0.025
3 0.8796875 0.5734375 0.0140625 0.025
3 0.7546875 0.81875 0.015625 0.03125
3 0.840625 0.78125 0.0171875 0.03125
3 0.8796875 0.7796875 0.025 0.0171875
3 0.8828125 0.6609375 0.0125 0.025
3 0.921875 0.6453125 0.0125 0.025
3 0.8390625 0.70625 0.009375 0.025
3 0.8234375 0.7046875 0.0109375 0.0234375
3 0.75625 0.7140625 0.0109375 0.0234375
3 0.740625 0.7171875 0.009375 0.0203125
3 0.7609375 0.5875 0.0140625 0.0265625
3 0.640625 0.746875 0.0125 0.0296875
3 0.6578125 0.7328125 0.0171875 0.028125
3 0.6875 0.7203125 0.0140625 0.025
3 0.70625 0.721875 0.009375 0.028125
3 0.725 0.71875 0.015625 0.025
3 0.9171875 0.76875 0.0125 0.0296875
3 0.93125 0.7671875 0.0171875 0.03125
3 0.946875 0.7703125 0.015625 0.028125
1 0.484375 0.909375 0.1265625 0.04375
