0 0.3953125 0.2359375 0.065625 0.025
0 0.4 0.20625 0.0671875 0.0359375
0 0.1671875 0.578125 0.0328125 0.0828125
0 0.2140625 0.5625 0.0453125 0.10625
0 0.2578125 0.5609375 0.0421875 0.0984375
0 0.3 0.5546875 0.0375 0.0890625
0 0.7984375 0.3265625 0.015625 0.0546875
0 0.790625 0.253125 0.0234375 0.0671875
0 0.9734375 0.1328125 0.06875 0.0453125
0 0.9796875 0.1734375 0.0671875 0.0421875
0 0.996875 0.2734375 0.0546875 0.034375
0 0.0796875 0.5984375 0.034375 0.078125
0 0.034375 0.6 0.0296875 0.0703125
