0 0.290625 0.6078125 0.046875 0.021875
0 0.3234375 0.4109375 0.04375 0.075
0 0.084375 0.1984375 0.015625 0.0546875
0 0.0765625 0.125 0.0234375 0.0671875
0 0.259375 0.0046875 0.06875 0.0453125
0 0.265625 0.0453125 0.0671875 0.0421875
0 0.2875 0.1171875 0.0703125 0.028125
0 0.2828125 0.1453125 0.0546875 0.034375
0 0.2890625 0.2484375 0.0484375 0.021875
0 0.2984375 0.275 0.0546875 0.0296875
0 0.3 0.303125 0.0453125 0.0265625
0 0.38125 0.3796875 0.0390625 0.0921875
0 0.9671875 0.29375 0.0296875 0.0828125
0 0.41875 0.38125 0.0359375 0.078125
0 0.459375 0.3609375 0.0453125 0.0953125
0 0.4953125 0.3546875 0.04375 0.0828125
0 0.5328125 0.34375 0.0484375 0.090625
0 0.5734375 0.34375 0.0359375 0.0640625
0 0.603125 0.3265625 0.053125 0.075
0 0.6875 0.3109375 0.0390625 0.065625
0 0.765625 0.2890625 0.034375 0.0796875
0 0.8375 0.2828125 0.0234375 0.078125
0 0.8703125 0.1796875 0.01875 0.04375
0 0.9015625 0.1671875 0.0171875 0.0375
0 0.9 0.2796875 0.0421875 0.090625
0 0.9296875 0.2890625 0.028125 0.08125
0 0.99375 0.08125 0.0328125 0.0609375
0 0.96875 0.08125 0.0390625 0.0671875
0 0.915625 0.065625 0.0203125 0.0453125
0 0.8796875 0.0703125 0.028125 0.059375
0 0.778125 0.065625 0.0265625 0.065625
0 0.740625 0.075 0.05 0.075
0 0.7046875 0.078125 0.0359375 0.0671875
0 0.6796875 0.0828125 0.034375 0.06875
0 0.646875 0.084375 0.03125 0.05625
0 0.6046875 0.0921875 0.034375 0.06875
0 0.5390625 0.103125 0.0328125 0.0640625
0 0.5046875 0.1171875 0.0328125 0.0578125
0 0.4578125 0.11875 0.0265625 0.059375
0 0.446875 0.03125 0.0375 0.059375
0 0.475 0.0328125 0.0234375 0.0453125
0 0.4921875 0.01875 0.0359375 0.065625
0 0.525 0.015625 0.0390625 0.075
0 0.55 0.0140625 0.0390625 0.059375
0 0.59375 0.003125 0.028125 0.075
