3 0.128125 0.9953125 0.01875 0.0078125
3 0.25625 0.9703125 0.0171875 0.0125
3 0.396875 0.9484375 0.0171875 0.0078125
3 0.428125 0.95625 0.0171875 0.0109375
2 0.08125 0.3 0.1234375 0.03125
2 0.1390625 0.3953125 0.128125 0.0625
2 0.065625 0.64375 0.0921875 0.0203125
2 0.0046875 0.7421875 0.128125 0.01875
3 0.503125 0.9359375 0.0140625 0.0078125
3 0.6890625 0.9140625 0.015625 0.00625
3 0.7203125 0.971875 0.0171875 0.0109375
3 0.8125 0.965625 0.015625 0.009375
3 0.5078125 0.946875 0.0203125 0.009375
3 0.89375 0.9671875 0.021875 0.009375
3 0.975 0.8796875 0.021875 0.0078125
