0 0.725 0.190625 0.065625 0.025
0 0.7296875 0.1609375 0.0671875 0.0359375
0 0.253125 0.18125 0.0796875 0.05
0 0.26875 0.1265625 0.0984375 0.046875
0 0.25 0.1 0.053125 0.0296875
0 0.2484375 0.059375 0.084375 0.03125
0 0.496875 0.5328125 0.0328125 0.0828125
0 0.54375 0.5171875 0.0453125 0.10625
0 0.5875 0.515625 0.0421875 0.0984375
0 0.6296875 0.509375 0.0375 0.0890625
0 0.409375 0.553125 0.034375 0.078125
0 0.3640625 0.5546875 0.0296875 0.0703125
0 0.30625 0.478125 0.096875 0.0734375
0 0.290625 0.4296875 0.078125 0.0359375
0 0.2953125 0.31875 0.0984375 0.040625
0 0.284375 0.3796875 0.071875 0.034375
