9 0.778125 0.6265625 2.0421875 0.3125
9 0.31875 0.7546875 1.0203125 0.175
3 0.5765625 0.6515625 0.01875 0.0109375
3 0.671875 0.634375 0.015625 0.009375
3 0.675 0.6453125 0.0140625 0.0109375
3 0.884375 0.60625 0.0125 0.009375
3 0.0609375 0.778125 0.01875 0.009375
3 0.1296875 0.771875 0.0140625 0.0078125
3 0.203125 0.7640625 0.0140625 0.0078125
3 0.7640625 0.70625 0.0140625 0.009375
3 0.9546875 0.68125 0.021875 0.009375
3 0.228125 0.775 0.0140625 0.009375
3 0.5875 0.73125 0.0140625 0.009375
3 0.496875 0.73125 0.015625 0.00625
3 0.3421875 0.759375 0.0140625 0.0078125
3 0.321875 0.75 0.015625 0.00625
