0 0.6796875 0.6484375 0.0296875 0.071875
0 0.715625 0.64375 0.0421875 0.0890625
0 0.7453125 0.6546875 0.0375 0.075
0 0.778125 0.6546875 0.0296875 0.0890625
0 0.8203125 0.6515625 0.0390625 0.0875
0 0.8859375 0.6625 0.0328125 0.0734375
0 0.98125 0.684375 0.034375 0.065625
0 0.6375 0.6359375 0.0265625 0.08125
0 0.6109375 0.6359375 0.0328125 0.075
0 0.5375 0.6265625 0.0296875 0.084375
0 0.5046875 0.621875 0.0296875 0.0828125
0 0.0328125 0.6828125 0.04375 0.0828125
0 0.0703125 0.671875 0.0484375 0.090625
0 0.1109375 0.671875 0.0359375 0.0640625
0 0.140625 0.6546875 0.053125 0.075
0 0.225 0.6390625 0.0390625 0.065625
0 0.303125 0.6171875 0.034375 0.0796875
0 0.375 0.6109375 0.0234375 0.078125
0 0.4078125 0.5078125 0.01875 0.04375
0 0.4390625 0.4953125 0.0171875 0.0375
0 0.4375 0.6078125 0.0421875 0.090625
0 0.4671875 0.6171875 0.028125 0.08125
0 0.996875 0.18125 0.034375 0.0828125
0 0.9703125 0.1734375 0.0265625 0.071875
0 0.440625 0.1078125 0.034375 0.05625
0 0.915625 0.1625 0.028125 0.0609375
0 0.85 0.1609375 0.046875 0.06875
0 0.821875 0.1484375 0.040625 0.0640625
0 0.7640625 0.15 0.03125 0.0703125
0 0.734375 0.14375 0.0375 0.0671875
0 0.7046875 0.14375 0.04375 0.071875
0 0.6765625 0.134375 0.0421875 0.065625
0 0.6484375 0.1359375 0.0375 0.0640625
0 0.6203125 0.1265625 0.034375 0.0546875
0 0.590625 0.1265625 0.0375 0.06875
0 0.5609375 0.1203125 0.03125 0.0625
0 0.496875 0.0578125 0.0234375 0.0484375
0 0.5234375 0.05625 0.0203125 0.0484375
0 0.4125 0.09375 0.03125 0.0453125
0 0.3859375 0.0953125 0.0234375 0.0515625
0 0.3578125 0.09375 0.025 0.0546875
0 0.3265625 0.1 0.0328125 0.0625
0 0.2984375 0.0921875 0.0390625 0.06875
0 0.225 0.071875 0.0265625 0.0625
0 0.1890625 0.08125 0.0265625 0.0671875
0 0.109375 0.1015625 0.0296875 0.0625
0 0.075 0.1125 0.0234375 0.0625
0 0.003125 0.115625 0.0234375 0.0578125
0 0.53125 0.409375 0.0328125 0.0609375
0 0.5921875 0.334375 0.025 0.0578125
0 0.615625 0.340625 0.025 0.053125
0 0.6421875 0.3390625 0.03125 0.0640625
0 0.671875 0.3453125 0.0265625 0.0640625
0 0.696875 0.353125 0.028125 0.053125
0 0.74375 0.359375 0.028125 0.05
0 0.7796875 0.353125 0.0375 0.0671875
0 0.70625 0.4265625 0.0296875 0.059375
0 0.6796875 0.4296875 0.0203125 0.0578125
0 0.653125 0.425 0.0375 0.059375
0 0.6171875 0.421875 0.0421875 0.0703125
0 0.596875 0.4109375 0.0265625 0.0453125
0 0.5671875 0.421875 0.0375 0.065625
0 0.50625 0.409375 0.0390625 0.0671875
0 0.5140625 0.325 0.028125 0.053125
0 0.453125 0.39375 0.0203125 0.0453125
0 0.4171875 0.3984375 0.028125 0.059375
0 0.315625 0.39375 0.0265625 0.065625
0 0.278125 0.403125 0.05 0.075
0 0.2421875 0.40625 0.0359375 0.0671875
0 0.2171875 0.4109375 0.034375 0.06875
0 0.184375 0.4125 0.03125 0.05625
0 0.1421875 0.4203125 0.034375 0.06875
0 0.0765625 0.43125 0.0328125 0.0640625
0 0.0421875 0.4453125 0.0328125 0.0578125
0 0.5390625 0.328125 0.028125 0.053125
0 0.4828125 0.3265625 0.028125 0.065625
0 0.9796875 0.4578125 0.0296875 0.0515625
0 0.9953125 0.3859375 0.021875 0.0515625
0 0.4546875 0.31875 0.0203125 0.059375
0 0.0125 0.3609375 0.0234375 0.0453125
0 0.0296875 0.346875 0.0359375 0.065625
0 0.0625 0.34375 0.0390625 0.075
0 0.0875 0.3421875 0.0390625 0.059375
0 0.13125 0.33125 0.028125 0.075
0 0.159375 0.3265625 0.021875 0.0546875
0 0.2515625 0.325 0.0234375 0.05
0 0.3203125 0.3046875 0.0296875 0.0671875
0 0.3484375 0.30625 0.0265625 0.0625
0 0.3828125 0.30625 0.034375 0.0640625
0 0.428125 0.309375 0.034375 0.06875
