1 0.56875 0.825 0.0234375 0.0203125
2 0.5828125 0.790625 0.2640625 0.309375
2 0.496875 0.6703125 0.3515625 0.4109375
1 0.60625 0.7265625 0.021875 0.0203125
1 0.63125 0.74375 0.01875 0.015625
1 0.5140625 0.8453125 0.0203125 0.01875
0 0.140625 0.0484375 0.0265625 0.0296875
1 0.5234375 0.88125 0.0265625 0.0203125
1 0.5140625 0.8890625 0.015625 0.0125
1 0.4984375 0.8765625 0.015625 0.0125
1 0.4890625 0.8796875 0.0203125 0.01875
1 0.478125 0.65625 0.01875 0.0171875
0 0.2 0.0015625 0.01875 0.01875
0 0.1765625 0.021875 0.0203125 0.021875
2 0.7734375 0.7640625 0.4421875 0.51875
