1 0.553125 0.8578125 0.0234375 0.0203125
2 0.5671875 0.8234375 0.2640625 0.309375
2 0.48125 0.703125 0.3515625 0.4109375
1 0.590625 0.759375 0.021875 0.0203125
1 0.615625 0.7765625 0.01875 0.015625
1 0.4984375 0.878125 0.0203125 0.01875
0 0.125 0.08125 0.0265625 0.0296875
1 0.5078125 0.9140625 0.0265625 0.0203125
1 0.4984375 0.921875 0.015625 0.0125
1 0.4828125 0.909375 0.015625 0.0125
1 0.4734375 0.9125 0.0203125 0.01875
1 0.4625 0.6890625 0.01875 0.0171875
0 0.184375 0.034375 0.01875 0.01875
0 0.1609375 0.0546875 0.0203125 0.021875
2 0.7578125 0.796875 0.4421875 0.51875
