1 0.353125 0.8765625 0.025 0.0421875
1 0.1875 0.46875 0.04375 0.065625
1 0.2765625 0.8390625 0.0296875 0.046875
1 0.328125 0.9140625 0.096875 0.159375
1 0.225 0.59375 0.08125 0.10625
1 0.0984375 0.6375 0.08125 0.121875
1 0.0234375 0.68125 0.09375 0.1421875
1 0.08125 0.528125 0.0578125 0.0875
1 0.1421875 0.4796875 0.0765625 0.1046875
1 0.5234375 0.5453125 0.115625 0.1671875
1 0.3046875 0.9859375 0.0875 0.1359375
1 0.228125 0.8703125 0.06875 0.1
1 0.19375 0.8875 0.06875 0.1
1 0.1640625 0.909375 0.059375 0.0828125
1 0.13125 0.9078125 0.0453125 0.0578125
1 0.065625 0.940625 0.059375 0.084375
1 0.0296875 0.9609375 0.065625 0.0859375
