1 0.346875 0.8375 0.025 0.0421875
1 0.18125 0.4296875 0.04375 0.065625
1 0.2703125 0.8 0.0296875 0.046875
1 0.321875 0.875 0.096875 0.159375
1 0.21875 0.5546875 0.08125 0.10625
1 0.0921875 0.5984375 0.08125 0.121875
1 0.0171875 0.6421875 0.09375 0.1421875
1 0.075 0.4890625 0.0578125 0.0875
1 0.1359375 0.440625 0.0765625 0.1046875
1 0.5171875 0.50625 0.115625 0.1671875
1 0.2984375 0.946875 0.0875 0.1359375
1 0.221875 0.9703125 0.0734375 0.11875
1 0.221875 0.83125 0.06875 0.1
1 0.1875 0.8484375 0.06875 0.1
1 0.1578125 0.8703125 0.059375 0.0828125
1 0.125 0.86875 0.0453125 0.0578125
1 0.059375 0.9015625 0.059375 0.084375
1 0.0234375 0.921875 0.065625 0.0859375
