1 0.446875 0.6875 0.04375 0.065625
1 0.484375 0.8125 0.08125 0.10625
1 0.3578125 0.85625 0.08125 0.121875
1 0.2828125 0.9 0.09375 0.1421875
1 0.203125 0.921875 0.0828125 0.1203125
1 0.1296875 0.953125 0.0875 0.134375
1 0.0875 0.975 0.0765625 0.125
1 0.04375 0.975 0.071875 0.1125
1 0.0078125 0.865625 0.08125 0.096875
1 0.084375 0.83125 0.0625 0.09375
1 0.1984375 0.796875 0.0765625 0.0875
1 0.340625 0.746875 0.0578125 0.0875
1 0.4015625 0.6984375 0.0765625 0.1046875
1 0.7828125 0.7640625 0.115625 0.1671875
2 0.0859375 0.9125 0.9515625 0.578125
