3 0.0421875 0.9828125 0.0234375 0.0234375
3 0.05 0.9953125 0.0234375 0.021875
1 0.390625 0.603125 0.075 0.1296875
1 0.578125 0.9484375 0.075 0.1125
1 0.921875 0.8 0.0828125 0.1203125
1 0.8484375 0.83125 0.0875 0.134375
1 0.80625 0.853125 0.0765625 0.125
1 0.7625 0.853125 0.071875 0.1125
1 0.6515625 0.88125 0.0609375 0.0765625
1 0.5296875 0.934375 0.053125 0.0921875
1 0.5453125 0.8046875 0.065625 0.0859375
1 0.578125 0.5484375 0.1796875 0.203125
1 0.7265625 0.74375 0.08125 0.096875
1 0.803125 0.709375 0.0625 0.09375
1 0.9171875 0.675 0.0765625 0.0875
3 0.0046875 0.9421875 0.0234375 0.0234375
3 0.334375 0.0078125 0.04375 0.01875
2 0.8046875 0.790625 0.9515625 0.578125
