0 0.840625 0.70625 0.025 0.0421875
0 0.675 0.2984375 0.04375 0.065625
0 0.7640625 0.66875 0.0296875 0.046875
0 0.0875 0.68125 0.075 0.1125
0 0.815625 0.74375 0.096875 0.159375
0 0.7125 0.4234375 0.08125 0.10625
0 0.5859375 0.4671875 0.08125 0.121875
0 0.5109375 0.5109375 0.09375 0.1421875
0 0.43125 0.5328125 0.0828125 0.1203125
0 0.3578125 0.5640625 0.0875 0.134375
0 0.315625 0.5859375 0.0765625 0.125
0 0.271875 0.5859375 0.071875 0.1125
0 0.1609375 0.6140625 0.0609375 0.0765625
0 0.0390625 0.6671875 0.053125 0.0921875
0 0.0546875 0.5375 0.065625 0.0859375
0 0.0875 0.28125 0.1796875 0.203125
0 0.2359375 0.4765625 0.08125 0.096875
0 0.3125 0.4421875 0.0625 0.09375
0 0.4265625 0.4078125 0.0765625 0.0875
0 0.56875 0.3578125 0.0578125 0.0875
0 0.6296875 0.309375 0.0765625 0.1046875
0 0.7921875 0.815625 0.0875 0.1359375
0 0.715625 0.8390625 0.0734375 0.11875
0 0.521875 0.9171875 0.078125 0.125
0 0.4828125 0.925 0.06875 0.1125
0 0.715625 0.7 0.06875 0.1
0 0.68125 0.7171875 0.06875 0.1
0 0.6515625 0.7390625 0.059375 0.0828125
0 0.61875 0.7375 0.0453125 0.0578125
0 0.553125 0.7703125 0.059375 0.084375
0 0.5171875 0.790625 0.065625 0.0859375
0 0.4546875 0.8109375 0.0640625 0.084375
0 0.415625 0.815625 0.071875 0.10625
0 0.3859375 0.840625 0.05 0.078125
0 0.35625 0.8515625 0.0625 0.090625
0 0.2546875 0.8859375 0.0671875 0.0984375
0 0.221875 0.896875 0.0640625 0.1
0 0.190625 0.9203125 0.05625 0.078125
0 0.1578125 0.9265625 0.05625 0.0859375
0 0.0921875 0.95 0.059375 0.0953125
0 0.3296875 0.9984375 0.0734375 0.1296875
0 0.365625 0.9796875 0.0765625 0.125
0 0.4046875 0.9625 0.078125 0.1328125
0 0.446875 0.9515625 0.0828125 0.13125
