0 0.784375 0.4625 0.084375 0.0921875
0 0.7046875 0.553125 0.0734375 0.08125
0 0.7484375 0.6203125 0.0453125 0.046875
0 0.79375 0.6375 0.0609375 0.0703125
0 0.8234375 0.6578125 0.071875 0.078125
0 0.8546875 0.6796875 0.06875 0.0765625
0 0.90625 0.7375 0.0546875 0.059375
0 0.9375 0.753125 0.075 0.08125
0 0.9703125 0.7734375 0.0796875 0.0859375
0 0.4203125 0.0203125 0.0453125 0.040625
0 0.4046875 0.0453125 0.05 0.04375
0 0.3328125 0.125 0.059375 0.0546875
0 0.26875 0.2375 0.065625 0.05625
0 0.6953125 0.1828125 0.0859375 0.09375
0 0.7234375 0.0484375 0.06875 0.075
0 0.7421875 0.0640625 0.0671875 0.078125
0 0.771875 0.0890625 0.06875 0.075
0 0.8046875 0.115625 0.071875 0.0796875
0 0.8359375 0.1359375 0.075 0.084375
0 0.86875 0.1609375 0.08125 0.0984375
0 0.6046875 0.065625 0.0640625 0.0703125
0 0.6171875 0.1171875 0.0953125 0.1046875
0 0.671875 0.153125 0.0828125 0.0890625
0 0.7453125 0.196875 0.0578125 0.0671875
0 0.759375 0.23125 0.078125 0.0859375
0 0.79375 0.2546875 0.0890625 0.096875
0 0.8296875 0.2703125 0.0765625 0.078125
0 0.99375 0.2703125 0.0734375 0.08125
0 0.934375 0.3421875 0.0640625 0.06875
0 0.9484375 0.3796875 0.08125 0.090625
0 0.9828125 0.415625 0.103125 0.1125
