0 0.6515625 0.9796875 0.08125 0.096875
0 0.59375 0.3515625 0.071875 0.0828125
0 0.6109375 0.3671875 0.0796875 0.084375
0 0.665625 0.40625 0.0796875 0.084375
0 0.803125 0.5453125 0.0734375 0.0734375
0 0.83125 0.59375 0.10625 0.121875
0 0.8859375 0.5765625 0.0625 0.075
0 0.96875 0.659375 0.0890625 0.0953125
0 0.840625 0.984375 0.075 0.0890625
0 0.815625 0.95625 0.0859375 0.096875
0 0.784375 0.934375 0.08125 0.0953125
0 0.7515625 0.9125 0.075 0.0875
0 0.7234375 0.8890625 0.05625 0.0625
0 0.7 0.85625 0.0984375 0.109375
0 0.653125 0.8546875 0.0515625 0.0609375
0 0.6375 0.80625 0.059375 0.06875
0 0.609375 0.78125 0.0640625 0.0703125
0 0.5109375 0.7171875 0.0734375 0.078125
0 0.48125 0.69375 0.078125 0.090625
0 0.45625 0.6640625 0.0890625 0.096875
0 0.33125 0.7421875 0.10625 0.121875
0 0.3734375 0.76875 0.1 0.1125
0 0.40625 0.7890625 0.084375 0.09375
0 0.4703125 0.8296875 0.08125 0.0890625
0 0.4953125 0.8546875 0.0671875 0.071875
0 0.521875 0.8875 0.0640625 0.06875
0 0.5515625 0.9109375 0.0625 0.06875
0 0.984375 0.1578125 0.06875 0.0734375
0 0.7953125 0.0109375 0.0859375 0.090625
0 0.8515625 0.071875 0.09375 0.1015625
0 0.9546875 0.1375 0.078125 0.08125
0 0.68125 0.2546875 0.090625 0.1109375
0 0.7359375 0.3203125 0.0703125 0.0765625
0 0.8296875 0.384375 0.084375 0.1
0 0.921875 0.4734375 0.084375 0.0890625
0 0.9859375 0.515625 0.0875 0.103125
0 0.615625 0.9625 0.096875 0.109375
0 0.1421875 0.9265625 0.06875 0.075
0 0.1609375 0.9421875 0.0671875 0.078125
0 0.190625 0.9671875 0.06875 0.075
0 0.2234375 0.99375 0.071875 0.0796875
0 0.0234375 0.94375 0.0640625 0.0703125
0 0.0359375 0.9953125 0.0953125 0.1046875
