0 0.03125 0.996875 0.0796875 0.071875
0 0.128125 0.940625 0.103125 0.0921875
0 0.134375 0.8125 0.1 0.0875
0 0.2328125 0.2671875 0.10625 0.096875
0 0.1578125 0.0296875 0.0875 0.103125
0 0.884375 0.2578125 0.0328125 0.078125
0 0.8078125 0.25 0.0328125 0.096875
0 0.771875 0.25 0.03125 0.0921875
0 0.728125 0.246875 0.0328125 0.096875
0 0.6921875 0.2453125 0.034375 0.096875
0 0.64375 0.2453125 0.0296875 0.096875
0 0.928125 0.2453125 0.034375 0.1140625
0 0.0015625 0.8828125 0.04375 0.034375
0 0.1515625 0.6890625 0.075 0.0578125
