0 0.1 0.6484375 0.071875 0.0828125
0 0.1171875 0.6640625 0.0796875 0.084375
0 0.171875 0.703125 0.0796875 0.084375
0 0.309375 0.8421875 0.0734375 0.0734375
0 0.3375 0.890625 0.10625 0.121875
0 0.3921875 0.8734375 0.0625 0.075
0 0.475 0.95625 0.0890625 0.0953125
0 0.5171875 0.9703125 0.0375 0.0421875
0 0.6765625 0.95625 0.10625 0.1203125
0 0.6453125 0.9203125 0.0984375 0.1140625
0 0.5953125 0.921875 0.0640625 0.071875
0 0.490625 0.4546875 0.06875 0.0734375
0 0.6453125 0.4265625 0.0828125 0.0921875
0 0.6875 0.4703125 0.0671875 0.08125
0 0.2890625 0.2578125 0.1203125 0.1234375
0 0.3015625 0.3078125 0.0859375 0.090625
0 0.3578125 0.36875 0.09375 0.1015625
0 0.8703125 0.6359375 0.0953125 0.10625
0 0.4609375 0.434375 0.078125 0.08125
0 0.5109375 0.4953125 0.0984375 0.103125
0 0.5640625 0.903125 0.0578125 0.0625
0 0.553125 0.50625 0.06875 0.078125
0 0.559375 0.5546875 0.0828125 0.0828125
0 0.5953125 0.5859375 0.1046875 0.1125
0 0.6625 0.61875 0.0921875 0.0953125
0 0.70625 0.6375 0.078125 0.0828125
0 0.759375 0.696875 0.090625 0.0984375
0 0.784375 0.7328125 0.1 0.115625
0 0.1875 0.5515625 0.090625 0.1109375
0 0.2421875 0.6171875 0.0703125 0.0765625
0 0.3359375 0.68125 0.084375 0.1
0 0.428125 0.7703125 0.084375 0.0890625
0 0.4921875 0.8125 0.0875 0.103125
0 0.5109375 0.8515625 0.0640625 0.0671875
