0 0.65625 0.69375 0.04375 0.065625
0 0.69375 0.81875 0.08125 0.10625
0 0.5671875 0.8625 0.08125 0.121875
0 0.4921875 0.90625 0.09375 0.1421875
0 0.4125 0.928125 0.0828125 0.1203125
0 0.3390625 0.959375 0.0875 0.134375
0 0.296875 0.98125 0.0765625 0.125
0 0.253125 0.98125 0.071875 0.1125
0 0.0359375 0.9328125 0.065625 0.0859375
0 0.06875 0.6765625 0.1796875 0.203125
0 0.2171875 0.871875 0.08125 0.096875
0 0.29375 0.8375 0.0625 0.09375
0 0.4078125 0.803125 0.0765625 0.0875
0 0.55 0.753125 0.0578125 0.0875
0 0.6109375 0.7046875 0.0765625 0.1046875
0 0.9921875 0.7703125 0.115625 0.1671875
