0 0.428125 0.721875 0.0390625 0.0375
0 0.4 0.7296875 0.0671875 0.05625
0 0.3640625 0.7703125 0.0671875 0.065625
0 0.3 0.7171875 0.0796875 0.071875
0 0.071875 0.334375 0.05625 0.0625
0 0.0890625 0.3640625 0.0328125 0.0390625
0 0.396875 0.6609375 0.103125 0.0921875
0 0.403125 0.5328125 0.1 0.0875
0 0.15 0.015625 0.0625 0.078125
0 0.10625 0.3734375 0.0390625 0.04375
0 0.0375 0.3359375 0.040625 0.04375
0 0.1921875 0.7015625 0.0328125 0.05
0 0.2578125 0.61875 0.0421875 0.0375
0 0.2703125 0.603125 0.04375 0.034375
0 0.4203125 0.409375 0.075 0.0578125
