0 0.26875 0.00625 0.08125 0.096875
0 0.5234375 0.05 0.0921875 0.1125
0 0.4578125 0.0109375 0.075 0.0890625
0 0.29375 0.0296875 0.08125 0.09375
0 0.3328125 0.0484375 0.0578125 0.0640625
0 0.00625 0.678125 0.0796875 0.0859375
0 0.0890625 0.7390625 0.05625 0.0625
0 0.10625 0.76875 0.0328125 0.0390625
0 0.4203125 0.9375 0.1 0.0875
0 0.51875 0.3921875 0.10625 0.096875
0 0.3546875 0.078125 0.0796875 0.0953125
0 0.390625 0.1015625 0.075 0.0828125
0 0.415625 0.1234375 0.075 0.084375
0 0.44375 0.1546875 0.0875 0.103125
0 0.1671875 0.4203125 0.0625 0.078125
0 0.0296875 0.175 0.0734375 0.08125
0 0.1234375 0.24375 0.084375 0.09375
0 0.178125 0.3015625 0.0671875 0.0765625
0 0.2234375 0.3375 0.0625 0.071875
0 0.01875 0.3203125 0.103125 0.1125
0 0.0484375 0.34375 0.1015625 0.1125
0 0.0859375 0.3578125 0.0859375 0.084375
0 0.1125 0.3921875 0.0984375 0.109375
0 0.828125 0.0625 0.028125 0.0921875
0 0.1234375 0.778125 0.0390625 0.04375
0 0.0546875 0.740625 0.040625 0.04375
0 0.978125 0.3703125 0.034375 0.096875
0 0.9296875 0.3703125 0.0296875 0.096875
0 0.9828125 0.1125 0.0328125 0.0921875
0 0.990625 0.0 0.0359375 0.090625
0 0.8671875 0.1140625 0.028125 0.0953125
0 0.4375 0.8140625 0.075 0.0578125
