0 0.7703125 0.0109375 0.0671875 0.021875
0 0.765625 0.021875 0.065625 0.01875
0 0.7640625 0.0328125 0.0609375 0.0234375
0 0.75625 0.0453125 0.0578125 0.01875
0 0.7609375 0.0609375 0.053125 0.015625
0 0.7625 0.071875 0.065625 0.015625
0 0.7609375 0.084375 0.0625 0.009375
0 0.71875 0.0625 0.0140625 0.059375
0 0.75625 0.096875 0.0625 0.0109375
0 0.665625 0.4015625 0.0578125 0.040625
0 0.5953125 0.5125 0.040625 0.0546875
0 0.38125 0.6765625 0.0390625 0.059375
0 0.75 0.20625 0.01875 0.046875
0 0.340625 0.6109375 0.06875 0.0453125
0 0.334375 0.61875 0.0640625 0.0421875
0 0.315625 0.621875 0.0609375 0.0390625
0 0.309375 0.628125 0.0578125 0.034375
0 0.303125 0.6359375 0.0625 0.0390625
0 0.3 0.646875 0.0640625 0.040625
0 0.2953125 0.65625 0.059375 0.0375
0 0.296875 0.6703125 0.0640625 0.0421875
0 0.290625 0.6796875 0.0609375 0.040625
0 0.26875 0.8984375 0.0515625 0.0515625
0 0.2796875 0.909375 0.05 0.053125
0 0.7734375 0.0 0.065625 0.0203125
