0 0.653125 0.7140625 0.0390625 0.059375
0 0.4421875 0.878125 0.0359375 0.0546875
0 0.81875 0.2046875 0.0671875 0.021875
0 0.8140625 0.215625 0.065625 0.01875
0 0.8125 0.2265625 0.0609375 0.0234375
0 0.8046875 0.2390625 0.0578125 0.01875
0 0.809375 0.2546875 0.053125 0.015625
0 0.8109375 0.265625 0.065625 0.015625
0 0.809375 0.278125 0.0625 0.009375
0 0.7671875 0.25625 0.0140625 0.059375
0 0.8046875 0.290625 0.0625 0.0109375
0 0.7140625 0.5953125 0.0578125 0.040625
0 0.64375 0.70625 0.040625 0.0546875
0 0.4296875 0.8703125 0.0390625 0.059375
0 0.7984375 0.4 0.01875 0.046875
0 0.3890625 0.8046875 0.06875 0.0453125
0 0.3828125 0.8125 0.0640625 0.0421875
0 0.3640625 0.815625 0.0609375 0.0390625
0 0.3578125 0.821875 0.0578125 0.034375
0 0.3515625 0.8296875 0.0625 0.0390625
0 0.3484375 0.840625 0.0640625 0.040625
0 0.34375 0.85 0.059375 0.0375
0 0.3453125 0.8640625 0.0640625 0.0421875
0 0.3390625 0.8734375 0.0609375 0.040625
0 0.821875 0.19375 0.065625 0.0203125
