0 0.8203125 0.0578125 0.0671875 0.021875
0 0.815625 0.06875 0.065625 0.01875
0 0.8140625 0.0796875 0.0609375 0.0234375
0 0.80625 0.0921875 0.0578125 0.01875
0 0.8109375 0.1078125 0.053125 0.015625
0 0.8125 0.11875 0.065625 0.015625
0 0.8109375 0.13125 0.0625 0.009375
0 0.76875 0.109375 0.0140625 0.059375
0 0.80625 0.14375 0.0625 0.0109375
0 0.715625 0.4484375 0.0578125 0.040625
0 0.6453125 0.559375 0.040625 0.0546875
0 0.43125 0.7234375 0.0390625 0.059375
0 0.8 0.253125 0.01875 0.046875
0 0.390625 0.6578125 0.06875 0.0453125
0 0.384375 0.665625 0.0640625 0.0421875
0 0.365625 0.66875 0.0609375 0.0390625
0 0.359375 0.675 0.0578125 0.034375
0 0.353125 0.6828125 0.0625 0.0390625
0 0.35 0.69375 0.0640625 0.040625
0 0.3453125 0.703125 0.059375 0.0375
0 0.346875 0.7171875 0.0640625 0.0421875
0 0.340625 0.7265625 0.0609375 0.040625
0 0.31875 0.9453125 0.0515625 0.0515625
0 0.3296875 0.95625 0.05 0.053125
0 0.8234375 0.046875 0.065625 0.0203125
