1 0.5734375 0.634375 0.0390625 0.059375
1 0.3625 0.7984375 0.0359375 0.0546875
1 0.7390625 0.125 0.0671875 0.021875
1 0.734375 0.1359375 0.065625 0.01875
1 0.7328125 0.146875 0.0609375 0.0234375
1 0.725 0.159375 0.0578125 0.01875
1 0.7296875 0.175 0.053125 0.015625
1 0.73125 0.1859375 0.065625 0.015625
1 0.7296875 0.1984375 0.0625 0.009375
1 0.6875 0.1765625 0.0140625 0.059375
1 0.725 0.2109375 0.0625 0.0109375
1 0.634375 0.515625 0.0578125 0.040625
1 0.5640625 0.6265625 0.040625 0.0546875
1 0.35 0.790625 0.0390625 0.059375
1 0.71875 0.3203125 0.01875 0.046875
1 0.309375 0.725 0.06875 0.0453125
1 0.303125 0.7328125 0.0640625 0.0421875
1 0.284375 0.7359375 0.0609375 0.0390625
1 0.278125 0.7421875 0.0578125 0.034375
1 0.271875 0.75 0.0625 0.0390625
1 0.26875 0.7609375 0.0640625 0.040625
1 0.2640625 0.7703125 0.059375 0.0375
1 0.265625 0.784375 0.0640625 0.0421875
1 0.259375 0.79375 0.0609375 0.040625
1 0.7421875 0.1140625 0.065625 0.0203125
