0 0.5671875 0.465625 0.0390625 0.059375
0 0.35625 0.6296875 0.0359375 0.0546875
0 0.7234375 0.00625 0.053125 0.015625
0 0.725 0.0171875 0.065625 0.015625
0 0.7234375 0.0296875 0.0625 0.009375
0 0.68125 0.0078125 0.0140625 0.059375
0 0.71875 0.0421875 0.0625 0.0109375
0 0.628125 0.346875 0.0578125 0.040625
0 0.5578125 0.4578125 0.040625 0.0546875
0 0.34375 0.621875 0.0390625 0.059375
0 0.7125 0.1515625 0.01875 0.046875
0 0.303125 0.55625 0.06875 0.0453125
0 0.296875 0.5640625 0.0640625 0.0421875
0 0.278125 0.5671875 0.0609375 0.0390625
0 0.271875 0.5734375 0.0578125 0.034375
0 0.265625 0.58125 0.0625 0.0390625
0 0.2625 0.5921875 0.0640625 0.040625
0 0.2578125 0.6015625 0.059375 0.0375
0 0.259375 0.615625 0.0640625 0.0421875
0 0.253125 0.625 0.0609375 0.040625
0 0.23125 0.84375 0.0515625 0.0515625
0 0.2421875 0.8546875 0.05 0.053125
