0 0.8265625 0.209375 0.0671875 0.021875
0 0.821875 0.2203125 0.065625 0.01875
0 0.8203125 0.23125 0.0609375 0.0234375
0 0.8125 0.24375 0.0578125 0.01875
0 0.8171875 0.259375 0.053125 0.015625
0 0.81875 0.2703125 0.065625 0.015625
0 0.8171875 0.2828125 0.0625 0.009375
0 0.775 0.2609375 0.0140625 0.059375
0 0.8125 0.2953125 0.0625 0.0109375
0 0.721875 0.6 0.0578125 0.040625
0 0.6515625 0.7109375 0.040625 0.0546875
0 0.4375 0.875 0.0390625 0.059375
0 0.80625 0.4046875 0.01875 0.046875
0 0.396875 0.809375 0.06875 0.0453125
0 0.390625 0.8171875 0.0640625 0.0421875
0 0.371875 0.8203125 0.0609375 0.0390625
0 0.365625 0.8265625 0.0578125 0.034375
0 0.359375 0.834375 0.0625 0.0390625
0 0.35625 0.8453125 0.0640625 0.040625
0 0.3515625 0.8546875 0.059375 0.0375
0 0.353125 0.86875 0.0640625 0.0421875
0 0.346875 0.878125 0.0609375 0.040625
0 0.8296875 0.1984375 0.065625 0.0203125
