0 0.8359375 0.015625 0.0671875 0.021875
0 0.83125 0.0265625 0.065625 0.01875
0 0.8296875 0.0375 0.0609375 0.0234375
0 0.821875 0.05 0.0578125 0.01875
0 0.8265625 0.065625 0.053125 0.015625
0 0.828125 0.0765625 0.065625 0.015625
0 0.8265625 0.0890625 0.0625 0.009375
0 0.784375 0.0671875 0.0140625 0.059375
0 0.821875 0.1015625 0.0625 0.0109375
0 0.73125 0.40625 0.0578125 0.040625
0 0.6609375 0.5171875 0.040625 0.0546875
0 0.446875 0.68125 0.0390625 0.059375
0 0.815625 0.2109375 0.01875 0.046875
0 0.40625 0.615625 0.06875 0.0453125
0 0.4 0.6234375 0.0640625 0.0421875
0 0.38125 0.6265625 0.0609375 0.0390625
0 0.375 0.6328125 0.0578125 0.034375
0 0.36875 0.640625 0.0625 0.0390625
0 0.365625 0.6515625 0.0640625 0.040625
0 0.3609375 0.6609375 0.059375 0.0375
0 0.3625 0.675 0.0640625 0.0421875
0 0.35625 0.684375 0.0609375 0.040625
0 0.334375 0.903125 0.0515625 0.0515625
0 0.3453125 0.9140625 0.05 0.053125
0 0.8390625 0.0046875 0.065625 0.0203125
