0 0.625 0.5875 0.0390625 0.059375
0 0.4140625 0.7515625 0.0359375 0.0546875
0 0.790625 0.078125 0.0671875 0.021875
0 0.7859375 0.0890625 0.065625 0.01875
0 0.784375 0.1 0.0609375 0.0234375
0 0.7765625 0.1125 0.0578125 0.01875
0 0.78125 0.128125 0.053125 0.015625
0 0.7828125 0.1390625 0.065625 0.015625
0 0.78125 0.1515625 0.0625 0.009375
0 0.7390625 0.1296875 0.0140625 0.059375
0 0.7765625 0.1640625 0.0625 0.0109375
0 0.6859375 0.46875 0.0578125 0.040625
0 0.615625 0.5796875 0.040625 0.0546875
0 0.4015625 0.74375 0.0390625 0.059375
0 0.7703125 0.2734375 0.01875 0.046875
0 0.3609375 0.678125 0.06875 0.0453125
0 0.3546875 0.6859375 0.0640625 0.0421875
0 0.3359375 0.6890625 0.0609375 0.0390625
0 0.3296875 0.6953125 0.0578125 0.034375
0 0.3234375 0.703125 0.0625 0.0390625
0 0.3203125 0.7140625 0.0640625 0.040625
0 0.315625 0.7234375 0.059375 0.0375
0 0.3171875 0.7375 0.0640625 0.0421875
0 0.3109375 0.746875 0.0609375 0.040625
0 0.2890625 0.965625 0.0515625 0.0515625
0 0.3 0.9765625 0.05 0.053125
0 0.79375 0.0671875 0.065625 0.0203125
