0 0.6296875 0.4796875 0.0390625 0.059375
0 0.41875 0.64375 0.0359375 0.0546875
0 0.78125 0.0046875 0.0578125 0.01875
0 0.7859375 0.0203125 0.053125 0.015625
0 0.7875 0.03125 0.065625 0.015625
0 0.7859375 0.04375 0.0625 0.009375
0 0.74375 0.021875 0.0140625 0.059375
0 0.78125 0.05625 0.0625 0.0109375
0 0.690625 0.3609375 0.0578125 0.040625
0 0.6203125 0.471875 0.040625 0.0546875
0 0.40625 0.6359375 0.0390625 0.059375
0 0.775 0.165625 0.01875 0.046875
0 0.365625 0.5703125 0.06875 0.0453125
0 0.359375 0.578125 0.0640625 0.0421875
0 0.340625 0.58125 0.0609375 0.0390625
0 0.334375 0.5875 0.0578125 0.034375
0 0.328125 0.5953125 0.0625 0.0390625
0 0.325 0.60625 0.0640625 0.040625
0 0.3203125 0.615625 0.059375 0.0375
0 0.321875 0.6296875 0.0640625 0.0421875
0 0.315625 0.6390625 0.0609375 0.040625
0 0.29375 0.8578125 0.0515625 0.0515625
0 0.3046875 0.86875 0.05 0.053125
