0 0.625 0.5125 0.0390625 0.059375
0 0.4140625 0.6765625 0.0359375 0.0546875
0 0.790625 0.003125 0.0671875 0.021875
0 0.7859375 0.0140625 0.065625 0.01875
0 0.784375 0.025 0.0609375 0.0234375
0 0.7765625 0.0375 0.0578125 0.01875
0 0.78125 0.053125 0.053125 0.015625
0 0.7828125 0.0640625 0.065625 0.015625
0 0.78125 0.0765625 0.0625 0.009375
0 0.7390625 0.0546875 0.0140625 0.059375
0 0.7765625 0.0890625 0.0625 0.0109375
0 0.6859375 0.39375 0.0578125 0.040625
0 0.615625 0.5046875 0.040625 0.0546875
0 0.4015625 0.66875 0.0390625 0.059375
0 0.7703125 0.1984375 0.01875 0.046875
0 0.3609375 0.603125 0.06875 0.0453125
0 0.3546875 0.6109375 0.0640625 0.0421875
0 0.3359375 0.6140625 0.0609375 0.0390625
0 0.3296875 0.6203125 0.0578125 0.034375
0 0.3234375 0.628125 0.0625 0.0390625
0 0.3203125 0.6390625 0.0640625 0.040625
0 0.315625 0.6484375 0.059375 0.0375
0 0.3171875 0.6625 0.0640625 0.0421875
0 0.3109375 0.671875 0.0609375 0.040625
0 0.2890625 0.890625 0.0515625 0.0515625
0 0.3 0.9015625 0.05 0.053125
