3 0.8765625 0.9546875 0.01875 0.0171875
3 0.6234375 0.75625 0.01875 0.0171875
3 0.0125 0.9953125 0.0140625 0.0125
3 0.0015625 0.9828125 0.015625 0.015625
3 0.0171875 0.9703125 0.0140625 0.0171875
3 0.0296875 0.9875 0.015625 0.0171875
3 0.0359375 0.9796875 0.015625 0.015625
3 0.025 0.9640625 0.015625 0.0171875
3 0.03125 0.9546875 0.0140625 0.01875
3 0.0375 0.9609375 0.0171875 0.01875
3 0.0421875 0.9671875 0.015625 0.015625
3 0.046875 0.971875 0.0171875 0.015625
3 0.2890625 0.00625 0.015625 0.015625
3 0.1109375 0.0015625 0.0171875 0.015625
3 0.1015625 0.00625 0.01875 0.015625
4 0.2765625 0.2484375 0.0375 0.04375
4 0.2828125 0.1828125 0.0421875 0.0515625
4 0.309375 0.203125 0.040625 0.053125
3 0.3046875 0.0265625 0.0203125 0.0203125
3 0.2984375 0.0359375 0.01875 0.0171875
3 0.290625 0.0421875 0.0171875 0.0140625
3 0.6296875 0.2 0.0203125 0.01875
3 0.6734375 0.23125 0.0171875 0.0171875
3 0.6140625 0.23125 0.0171875 0.0140625
3 0.6203125 0.2234375 0.015625 0.0140625
3 0.625 0.2171875 0.0171875 0.015625
3 0.6046875 0.2140625 0.015625 0.0140625
3 0.6109375 0.2078125 0.015625 0.015625
3 0.6125 0.1875 0.015625 0.015625
3 0.59375 0.1828125 0.01875 0.0171875
3 0.5875 0.1890625 0.01875 0.0140625
3 0.45625 0.1328125 0.015625 0.0171875
3 0.44375 0.146875 0.0140625 0.0171875
3 0.43125 0.1640625 0.0140625 0.0171875
3 0.3734375 0.24375 0.0171875 0.0171875
3 0.6875 0.240625 0.015625 0.0140625
3 0.7015625 0.2515625 0.0140625 0.0125
3 0.6171875 0.3046875 0.015625 0.01875
3 0.6328125 0.321875 0.0171875 0.01875
3 0.6578125 0.3375 0.015625 0.01875
3 0.7015625 0.36875 0.01875 0.0203125
3 0.725 0.5265625 0.0171875 0.0140625
3 0.7296875 0.5171875 0.015625 0.0109375
4 0.80625 0.475 0.0453125 0.05
4 0.4921875 0.671875 0.0453125 0.0390625
4 0.51875 0.9171875 0.05 0.0453125
4 0.584375 0.9671875 0.0546875 0.0421875
3 0.053125 0.978125 0.015625 0.015625
3 0.0578125 0.9859375 0.0171875 0.015625
3 0.065625 0.9921875 0.0171875 0.0171875
3 0.071875 0.9984375 0.015625 0.0171875
3 0.2515625 0.81875 0.0140625 0.015625
3 0.003125 0.7234375 0.0140625 0.0140625
3 0.0265625 0.70625 0.0140625 0.0125
3 0.0 0.69375 0.0140625 0.015625
3 0.0078125 0.6875 0.01875 0.01875
3 0.0125 0.6796875 0.0140625 0.0171875
3 0.2578125 0.8234375 0.0125 0.015625
3 0.246875 0.8125 0.015625 0.0171875
3 0.225 0.9328125 0.0171875 0.015625
3 0.259375 0.9078125 0.015625 0.01875
3 0.25 0.9140625 0.015625 0.015625
3 0.2421875 0.91875 0.015625 0.0171875
4 0.1265625 0.896875 0.0296875 0.0265625
4 0.1 0.903125 0.01875 0.01875
4 0.1015625 0.91875 0.0265625 0.025
3 0.2109375 0.95 0.01875 0.01875
3 0.2421875 0.8078125 0.015625 0.015625
3 0.19375 0.9625 0.015625 0.0171875
3 0.171875 0.95 0.015625 0.0171875
3 0.159375 0.9609375 0.015625 0.015625
3 0.1359375 0.95 0.0171875 0.01875
3 0.128125 0.946875 0.0140625 0.015625
3 0.265625 0.9015625 0.0140625 0.015625
3 0.2703125 0.8953125 0.015625 0.015625
3 0.196875 0.834375 0.0171875 0.015625
3 0.209375 0.8453125 0.01875 0.015625
3 0.2234375 0.853125 0.0140625 0.0140625
3 0.2171875 0.85625 0.0140625 0.0140625
3 0.228125 0.86875 0.015625 0.015625
3 0.234375 0.865625 0.015625 0.015625
3 0.2390625 0.859375 0.0140625 0.0140625
3 0.2390625 0.8484375 0.015625 0.0140625
3 0.246875 0.84375 0.015625 0.0140625
3 0.2578125 0.8578125 0.01875 0.0171875
3 0.253125 0.8640625 0.015625 0.015625
3 0.246875 0.871875 0.0140625 0.015625
3 0.24375 0.875 0.0140625 0.015625
3 0.2296875 0.8296875 0.0171875 0.0171875
3 0.2359375 0.803125 0.015625 0.0171875
3 0.0734375 0.5640625 0.015625 0.015625
3 0.06875 0.6234375 0.015625 0.0140625
3 0.059375 0.6265625 0.0140625 0.0171875
3 0.096875 0.5421875 0.0171875 0.0203125
3 0.090625 0.546875 0.015625 0.0171875
3 0.084375 0.5515625 0.0171875 0.0171875
3 0.078125 0.559375 0.015625 0.015625
3 0.065625 0.5671875 0.0171875 0.0171875
3 0.059375 0.575 0.0171875 0.015625
3 0.0484375 0.5875 0.0171875 0.0171875
3 0.0359375 0.6 0.0171875 0.0171875
3 0.03125 0.60625 0.01875 0.0171875
3 0.0234375 0.6109375 0.0140625 0.0171875
3 0.0765625 0.6140625 0.015625 0.0171875
3 0.0953125 0.5984375 0.0203125 0.01875
3 0.0546875 0.653125 0.015625 0.0171875
3 0.0609375 0.6453125 0.015625 0.01875
3 0.0703125 0.640625 0.015625 0.015625
3 0.0828125 0.634375 0.015625 0.015625
3 0.090625 0.6296875 0.0171875 0.01875
3 0.096875 0.6234375 0.0171875 0.01875
3 0.103125 0.6171875 0.01875 0.01875
3 0.1140625 0.6078125 0.0171875 0.01875
3 0.1203125 0.6015625 0.01875 0.01875
3 0.1234375 0.5875 0.0171875 0.015625
3 0.096875 0.646875 0.015625 0.015625
3 0.109375 0.634375 0.0171875 0.0140625
3 0.1421875 0.6140625 0.015625 0.0171875
3 0.353125 0.571875 0.0203125 0.01875
3 0.99375 0.396875 0.0171875 0.01875
4 0.70625 0.0890625 0.021875 0.01875
4 0.7328125 0.1328125 0.0296875 0.0296875
