11 0.7328125 0.7625 0.13125 0.1359375
3 0.078125 0.6984375 0.015625 0.015625
3 0.090625 0.7078125 0.0109375 0.01875
3 0.015625 0.7046875 0.0125 0.0171875
3 0.0015625 0.71875 0.0125 0.0171875
3 0.0140625 0.7265625 0.015625 0.01875
3 0.984375 0.79375 0.0078125 0.0171875
3 0.9953125 0.9671875 0.0078125 0.01875
3 0.99375 0.9828125 0.0109375 0.0171875
3 0.9453125 0.8890625 0.015625 0.009375
3 0.9484375 0.8734375 0.0171875 0.0109375
3 0.978125 0.9234375 0.009375 0.0171875
3 0.9953125 0.9265625 0.009375 0.015625
3 0.7296875 0.0328125 0.0109375 0.0171875
3 0.5890625 0.115625 0.0125 0.0171875
3 0.5984375 0.1140625 0.0140625 0.01875
3 0.6109375 0.109375 0.0171875 0.0171875
3 0.6203125 0.134375 0.0203125 0.0109375
3 0.6203125 0.14375 0.01875 0.0078125
3 0.3328125 0.35 0.0171875 0.0125
3 0.440625 0.421875 0.021875 0.015625
3 0.5 0.4421875 0.01875 0.0140625
3 0.7921875 0.56875 0.0078125 0.015625
3 0.7671875 0.65 0.009375 0.01875
3 0.7953125 0.7453125 0.0125 0.021875
3 0.5421875 0.7375 0.015625 0.009375
3 0.6109375 0.8546875 0.0171875 0.0078125
3 0.5875 0.996875 0.01875 0.009375
4 0.2390625 0.625 0.040625 0.053125
4 0.8078125 0.478125 0.0546875 0.021875
4 0.3984375 0.05625 0.034375 0.05625
4 0.4421875 0.0625 0.0265625 0.0578125
4 0.4703125 0.040625 0.034375 0.05625
