3 0.203125 0.4921875 0.0203125 0.01875
3 0.590625 0.596875 0.0140625 0.01875
3 0.6015625 0.58125 0.015625 0.015625
3 0.584375 0.54375 0.0171875 0.0203125
3 0.246875 0.515625 0.0171875 0.015625
3 0.1859375 0.5140625 0.015625 0.015625
3 0.24375 0.525 0.0171875 0.015625
3 0.215625 0.4765625 0.01875 0.0171875
3 0.475 0.6359375 0.015625 0.0140625
3 0.3265625 0.3578125 0.015625 0.0171875
3 0.321875 0.365625 0.0171875 0.015625
4 0.41875 0.4421875 0.0390625 0.053125
4 0.403125 0.425 0.0359375 0.046875
4 0.390625 0.4140625 0.0390625 0.04375
4 0.803125 0.1359375 0.028125 0.0296875
3 0.578125 0.6109375 0.0171875 0.0171875
3 0.4875 0.6515625 0.015625 0.0140625
3 0.2859375 0.6625 0.0203125 0.0125
3 0.515625 0.7125 0.0171875 0.015625
3 0.5109375 0.7203125 0.015625 0.015625
3 0.3328125 0.715625 0.0171875 0.015625
3 0.3234375 0.7203125 0.01875 0.015625
3 0.3859375 0.634375 0.01875 0.015625
3 0.325 0.68125 0.015625 0.0171875
3 0.3296875 0.671875 0.0171875 0.0171875
3 0.5640625 0.7046875 0.01875 0.015625
3 0.34375 0.6546875 0.0125 0.0171875
3 0.421875 0.603125 0.015625 0.0171875
4 0.4984375 0.9625 0.0375 0.04375
4 0.5046875 0.896875 0.0421875 0.0515625
4 0.53125 0.9171875 0.040625 0.053125
4 0.2578125 0.5640625 0.04375 0.05
4 0.646875 0.175 0.025 0.0609375
4 0.584375 0.1359375 0.046875 0.0546875
4 0.5828125 0.0984375 0.046875 0.0484375
3 0.646875 0.0171875 0.015625 0.0140625
3 0.6921875 0.01875 0.0171875 0.0140625
3 0.696875 0.0109375 0.015625 0.0125
3 0.659375 0.003125 0.01875 0.015625
3 0.653125 0.009375 0.01875 0.0171875
3 0.6390625 0.0234375 0.015625 0.0140625
3 0.70625 0.096875 0.0171875 0.0140625
3 0.634375 0.03125 0.0140625 0.0140625
3 0.6296875 0.0375 0.0140625 0.0125
3 0.6171875 0.003125 0.0171875 0.0140625
3 0.6125 0.009375 0.015625 0.0140625
3 0.6875 0.025 0.0171875 0.015625
3 0.68125 0.03125 0.0171875 0.015625
3 0.675 0.0453125 0.01875 0.0171875
3 0.6703125 0.0515625 0.0171875 0.0140625
3 0.6578125 0.0609375 0.0140625 0.015625
3 0.6765625 0.071875 0.0171875 0.015625
3 0.6859375 0.0625 0.0171875 0.0140625
3 0.690625 0.0546875 0.0171875 0.0140625
3 0.7015625 0.0484375 0.015625 0.015625
3 0.7078125 0.040625 0.015625 0.0140625
3 0.7078125 0.0640625 0.0125 0.015625
3 0.7203125 0.0484375 0.0140625 0.015625
3 0.7296875 0.065625 0.015625 0.015625
3 0.734375 0.05625 0.0171875 0.015625
3 0.725 0.078125 0.015625 0.015625
3 0.71875 0.084375 0.015625 0.0140625
3 0.7109375 0.090625 0.0171875 0.0140625
3 0.521875 0.7046875 0.0171875 0.0171875
3 0.5265625 0.740625 0.0203125 0.0203125
3 0.5203125 0.75 0.01875 0.0171875
3 0.9953125 0.5046875 0.0171875 0.0140625
3 0.9328125 0.0171875 0.0078125 0.0171875
3 0.5125 0.75625 0.0171875 0.0140625
3 0.8515625 0.9140625 0.0203125 0.01875
3 0.8953125 0.9453125 0.0171875 0.0171875
3 0.8359375 0.9453125 0.0171875 0.0140625
3 0.8421875 0.9375 0.015625 0.0140625
3 0.846875 0.93125 0.0171875 0.015625
3 0.8265625 0.928125 0.015625 0.0140625
3 0.8328125 0.921875 0.015625 0.015625
3 0.834375 0.9015625 0.015625 0.015625
3 0.815625 0.896875 0.01875 0.0171875
3 0.809375 0.903125 0.01875 0.0140625
3 0.678125 0.846875 0.015625 0.0171875
3 0.665625 0.8609375 0.0140625 0.0171875
3 0.653125 0.878125 0.0140625 0.0171875
3 0.5953125 0.9578125 0.0171875 0.0171875
3 0.909375 0.9546875 0.015625 0.0140625
3 0.9234375 0.965625 0.0140625 0.0125
4 0.928125 0.803125 0.021875 0.01875
4 0.9546875 0.846875 0.0296875 0.0296875
3 0.6046875 0.0171875 0.0171875 0.0140625
