3 0.3140625 0.5140625 0.0171875 0.0078125
3 0.140625 0.0859375 0.015625 0.0171875
3 0.1625 0.1 0.015625 0.0171875
3 0.171875 0.1046875 0.015625 0.01875
3 0.340625 0.1875 0.0078125 0.015625
3 0.315625 0.50625 0.01875 0.009375
3 0.3359375 0.5234375 0.0171875 0.009375
3 0.1625 0.0390625 0.0140625 0.0171875
3 0.3140625 0.525 0.0171875 0.0109375
3 0.334375 0.5328125 0.0171875 0.009375
3 0.315625 0.534375 0.015625 0.0078125
3 0.3109375 0.54375 0.01875 0.0078125
3 0.33125 0.546875 0.015625 0.0078125
3 0.3109375 0.553125 0.0140625 0.009375
3 0.0734375 0.0640625 0.0171875 0.01875
3 0.1546875 0.03125 0.0125 0.015625
3 0.140625 0.0203125 0.0140625 0.0171875
3 0.0140625 0.0 0.01875 0.01875
3 0.0390625 0.0296875 0.01875 0.01875
3 0.115625 0.003125 0.015625 0.015625
3 0.125 0.009375 0.0171875 0.01875
3 0.134375 0.015625 0.015625 0.01875
3 0.309375 0.5609375 0.015625 0.0078125
3 0.3109375 0.5703125 0.015625 0.009375
3 0.30625 0.5796875 0.015625 0.0078125
3 0.2015625 0.5890625 0.015625 0.009375
3 0.184375 0.56875 0.0171875 0.009375
3 0.1859375 0.55 0.01875 0.0109375
3 0.2078125 0.5515625 0.01875 0.0109375
3 0.20625 0.559375 0.0171875 0.009375
3 0.20625 0.5703125 0.01875 0.0109375
3 0.203125 0.5796875 0.015625 0.00625
3 0.2 0.6 0.0171875 0.009375
3 0.271875 0.5234375 0.015625 0.009375
3 0.1421875 0.575 0.0171875 0.009375
3 0.1796875 0.61875 0.015625 0.009375
3 0.2640625 0.5921875 0.015625 0.0078125
3 0.24375 0.5984375 0.0203125 0.0109375
3 0.24375 0.6078125 0.015625 0.009375
3 0.2625 0.6125 0.0171875 0.009375
3 0.1859375 0.5765625 0.015625 0.0078125
3 0.1421875 0.5640625 0.0171875 0.009375
3 0.1390625 0.5546875 0.01875 0.009375
3 0.140625 0.54375 0.0203125 0.0078125
3 0.2453125 0.5828125 0.0140625 0.0078125
3 0.246875 0.5703125 0.0171875 0.0078125
3 0.2484375 0.5625 0.0171875 0.0078125
3 0.2484375 0.553125 0.0171875 0.009375
3 0.26875 0.5546875 0.015625 0.009375
3 0.2671875 0.5640625 0.015625 0.0078125
3 0.265625 0.5734375 0.0171875 0.009375
3 0.2640625 0.5828125 0.0171875 0.009375
3 0.3046875 0.5890625 0.0171875 0.0078125
3 0.2515625 0.54375 0.015625 0.009375
3 0.2703125 0.540625 0.0171875 0.0109375
3 0.2515625 0.534375 0.015625 0.009375
3 0.271875 0.53125 0.0171875 0.009375
3 0.2625 0.621875 0.01875 0.009375
3 0.2609375 0.6296875 0.021875 0.009375
3 0.2375 0.6390625 0.0171875 0.009375
4 0.6859375 0.9421875 0.0546875 0.04375
3 0.2375 0.653125 0.015625 0.0078125
3 0.29375 0.70625 0.0171875 0.00625
3 0.3640625 0.63125 0.0171875 0.009375
3 0.3015625 0.6328125 0.01875 0.0109375
3 0.3234375 0.634375 0.015625 0.0078125
3 0.321875 0.640625 0.015625 0.0078125
3 0.303125 0.6515625 0.01875 0.0078125
3 0.2921875 0.7328125 0.01875 0.009375
3 0.3609375 0.69375 0.0171875 0.009375
3 0.15 0.8359375 0.0109375 0.0171875
4 0.396875 0.2203125 0.0421875 0.0515625
4 0.4171875 0.7078125 0.0328125 0.0578125
3 0.365625 0.621875 0.015625 0.0078125
3 0.3671875 0.6109375 0.01875 0.009375
3 0.36875 0.5890625 0.0203125 0.009375
3 0.36875 0.58125 0.0171875 0.009375
3 0.3734375 0.571875 0.01875 0.009375
3 0.375 0.5640625 0.01875 0.0109375
3 0.375 0.546875 0.01875 0.0109375
3 0.3234375 0.625 0.01875 0.0109375
3 0.3046875 0.621875 0.0140625 0.009375
3 0.325 0.609375 0.0171875 0.0078125
3 0.3265625 0.6 0.0171875 0.009375
3 0.328125 0.590625 0.01875 0.009375
3 0.3265625 0.5828125 0.01875 0.009375
3 0.3296875 0.5703125 0.0171875 0.0078125
3 0.33125 0.559375 0.01875 0.0109375
3 0.1921875 0.6796875 0.0171875 0.0078125
3 0.196875 0.65 0.01875 0.009375
3 0.009375 0.91875 0.0125 0.0171875
3 0.01875 0.9171875 0.0140625 0.01875
3 0.03125 0.9125 0.0171875 0.0171875
3 0.040625 0.9375 0.0203125 0.0109375
3 0.040625 0.946875 0.01875 0.0078125
4 0.03125 0.7671875 0.0265625 0.05625
