3 0.3765625 0.5203125 0.0140625 0.015625
3 0.0296875 0.871875 0.0203125 0.015625
3 0.04375 0.8625 0.0109375 0.015625
3 0.0375 0.878125 0.015625 0.0109375
3 0.390625 0.4640625 0.015625 0.0078125
3 0.3578125 0.4890625 0.015625 0.0078125
3 0.390625 0.45 0.015625 0.0078125
3 0.271875 0.425 0.009375 0.0171875
3 0.0125 0.475 0.0125 0.0109375
3 0.2453125 0.434375 0.009375 0.015625
3 0.253125 0.43125 0.0109375 0.0125
3 0.2625 0.428125 0.0078125 0.0140625
3 0.8703125 0.9125 0.0140625 0.009375
3 0.696875 0.9546875 0.015625 0.0125
3 0.84375 0.9609375 0.0109375 0.0125
3 0.8921875 0.9140625 0.015625 0.009375
3 0.8265625 0.903125 0.0171875 0.0140625
3 0.771875 0.89375 0.0140625 0.015625
3 0.834375 0.8328125 0.0125 0.015625
11 0.7984375 0.9453125 0.0875 0.0859375
3 0.9234375 0.73125 0.0125 0.0140625
3 0.0734375 0.9796875 0.0171875 0.009375
3 0.0671875 0.99375 0.015625 0.009375
3 0.2328125 0.9921875 0.0171875 0.009375
3 0.4453125 0.9765625 0.015625 0.009375
3 0.45625 0.959375 0.0109375 0.015625
3 0.9890625 0.659375 0.0140625 0.015625
