3 0.29375 0.471875 0.0140625 0.015625
3 0.3078125 0.415625 0.015625 0.0078125
3 0.275 0.440625 0.015625 0.0078125
3 0.3078125 0.4015625 0.015625 0.0078125
3 0.1890625 0.3765625 0.009375 0.0171875
3 0.1625 0.3859375 0.009375 0.015625
3 0.1703125 0.3828125 0.0109375 0.0125
3 0.1796875 0.3796875 0.0078125 0.0140625
3 0.7875 0.8640625 0.0140625 0.009375
3 0.6140625 0.90625 0.015625 0.0125
3 0.7609375 0.9125 0.0109375 0.0125
3 0.809375 0.865625 0.015625 0.009375
3 0.74375 0.8546875 0.0171875 0.0140625
3 0.6890625 0.8453125 0.0140625 0.015625
3 0.7515625 0.784375 0.0125 0.015625
3 0.996875 0.9578125 0.0109375 0.015625
11 0.715625 0.896875 0.0875 0.0859375
3 0.840625 0.6828125 0.0125 0.0140625
3 0.9484375 0.546875 0.0171875 0.01875
3 0.15 0.94375 0.0171875 0.009375
3 0.2640625 0.9640625 0.0125 0.0078125
3 0.3625 0.928125 0.015625 0.009375
3 0.3734375 0.9109375 0.0109375 0.015625
4 0.165625 0.9703125 0.0125 0.028125
3 0.90625 0.6109375 0.0140625 0.015625
