3 0.3625 0.5125 0.0203125 0.009375
3 0.5484375 0.4953125 0.0234375 0.01875
3 0.546875 0.5046875 0.0234375 0.0171875
3 0.5421875 0.521875 0.0203125 0.0109375
3 0.3296875 0.4640625 0.01875 0.009375
3 0.33125 0.4859375 0.0203125 0.0078125
3 0.3375 0.49375 0.01875 0.0078125
3 0.3609375 0.484375 0.028125 0.009375
3 0.3625 0.49375 0.0234375 0.009375
3 0.3640625 0.5015625 0.0234375 0.0078125
3 0.3390625 0.5125 0.0171875 0.009375
3 0.571875 0.490625 0.0171875 0.0109375
3 0.3890625 0.5109375 0.0203125 0.0078125
3 0.3859375 0.5203125 0.01875 0.009375
3 0.3640625 0.53125 0.021875 0.0109375
3 0.3890625 0.5296875 0.021875 0.009375
3 0.4296875 0.5359375 0.01875 0.0171875
3 0.4421875 0.534375 0.0171875 0.0171875
3 0.453125 0.534375 0.015625 0.015625
3 0.465625 0.534375 0.015625 0.0171875
3 0.4765625 0.5328125 0.0140625 0.015625
3 0.559375 0.471875 0.0140625 0.009375
3 0.5515625 0.484375 0.01875 0.015625
3 0.528125 0.4859375 0.009375 0.0171875
3 0.4703125 0.4109375 0.0140625 0.01875
3 0.528125 0.56875 0.0140625 0.0234375
3 0.515625 0.5734375 0.015625 0.025
3 0.6234375 0.55625 0.0109375 0.0125
3 0.60625 0.571875 0.015625 0.0125
3 0.2890625 0.4421875 0.0078125 0.0140625
3 0.3171875 0.4203125 0.0234375 0.0109375
3 0.3625 0.41875 0.021875 0.0078125
3 0.446875 0.4109375 0.015625 0.025
3 0.4578125 0.4109375 0.0140625 0.0234375
3 0.4875 0.409375 0.0140625 0.0171875
3 0.5375 0.46875 0.01875 0.0140625
3 0.496875 0.4125 0.0140625 0.0171875
3 0.5546875 0.4609375 0.0171875 0.0125
3 0.30625 0.44375 0.0109375 0.0203125
3 0.315625 0.4421875 0.0078125 0.0234375
3 0.325 0.4390625 0.0109375 0.0203125
3 0.334375 0.440625 0.0078125 0.0171875
3 0.3453125 0.4421875 0.009375 0.0203125
3 0.35625 0.4359375 0.009375 0.0203125
3 0.3671875 0.446875 0.0109375 0.0171875
3 0.4875 0.534375 0.0171875 0.0171875
3 0.528125 0.509375 0.009375 0.0171875
3 0.5375 0.565625 0.0140625 0.0203125
3 0.2859375 0.5 0.021875 0.0140625
3 0.3359375 0.76875 0.0140625 0.015625
3 0.28125 0.490625 0.021875 0.0140625
3 0.2890625 0.5078125 0.025 0.0125
3 0.2921875 0.515625 0.0203125 0.0109375
3 0.29375 0.525 0.01875 0.0109375
3 0.2984375 0.53125 0.0234375 0.0125
3 0.303125 0.540625 0.028125 0.015625
3 0.3015625 0.5484375 0.0265625 0.0125
0 0.2328125 0.634375 0.0296875 0.01875
0 0.271875 0.6875 0.015625 0.0171875
3 0.303125 0.96875 0.01875 0.0109375
3 0.546875 0.5609375 0.009375 0.0125
3 0.5515625 0.553125 0.015625 0.0203125
3 0.3625 0.3078125 0.0140625 0.009375
3 0.240625 0.3765625 0.01875 0.0109375
3 0.2453125 0.328125 0.0125 0.0234375
3 0.2546875 0.3234375 0.0140625 0.025
3 0.2640625 0.321875 0.0109375 0.021875
3 0.278125 0.3171875 0.0203125 0.0109375
3 0.2984375 0.315625 0.01875 0.0078125
3 0.309375 0.3046875 0.0171875 0.009375
3 0.3203125 0.3125 0.0171875 0.009375
3 0.3390625 0.309375 0.01875 0.0109375
3 0.378125 0.29375 0.0171875 0.0125
3 0.23125 0.3625 0.0203125 0.0109375
3 0.384375 0.3046875 0.01875 0.0109375
3 0.4046875 0.3015625 0.0171875 0.0109375
3 0.315625 0.3390625 0.01875 0.009375
3 0.3375 0.3390625 0.0203125 0.009375
3 0.340625 0.328125 0.0234375 0.0109375
3 0.365625 0.325 0.01875 0.0109375
3 0.3875 0.321875 0.0171875 0.0109375
3 0.4109375 0.3203125 0.0171875 0.0125
3 0.4359375 0.3171875 0.01875 0.0109375
3 0.2328125 0.371875 0.0203125 0.0109375
3 0.225 0.353125 0.0203125 0.0109375
3 0.4609375 0.3234375 0.0203125 0.0109375
3 0.246875 0.4046875 0.0203125 0.0125
3 0.0359375 0.309375 0.0109375 0.0171875
3 0.2046875 0.3375 0.0203125 0.0125
3 0.2046875 0.346875 0.0234375 0.0125
3 0.2046875 0.35625 0.021875 0.0109375
3 0.2078125 0.3734375 0.0203125 0.009375
3 0.2140625 0.38125 0.0234375 0.0109375
3 0.215625 0.390625 0.021875 0.0109375
3 0.2171875 0.3984375 0.0203125 0.0078125
3 0.2421875 0.3953125 0.0234375 0.0125
3 0.221875 0.409375 0.0265625 0.009375
3 0.13125 0.5234375 0.0140625 0.0078125
3 0.2203125 0.41875 0.021875 0.009375
3 0.2234375 0.4265625 0.0203125 0.0109375
3 0.246875 0.4234375 0.025 0.009375
3 0.25 0.43125 0.0234375 0.0125
3 0.253125 0.4390625 0.01875 0.0109375
3 0.25625 0.446875 0.021875 0.0109375
3 0.259375 0.4625 0.0203125 0.0109375
3 0.2625 0.4703125 0.01875 0.0125
3 0.2640625 0.4765625 0.0171875 0.0125
3 0.4578125 0.3140625 0.0203125 0.009375
3 0.4375 0.3265625 0.021875 0.009375
3 0.5625 0.55 0.0171875 0.0203125
3 0.5015625 0.3578125 0.0109375 0.015625
3 0.434375 0.3796875 0.0234375 0.009375
3 0.440625 0.3703125 0.01875 0.009375
3 0.4640625 0.3671875 0.01875 0.0078125
3 0.4625 0.3765625 0.021875 0.0109375
3 0.4875 0.303125 0.0109375 0.0234375
3 0.496875 0.3125 0.009375 0.0171875
3 0.5 0.3328125 0.009375 0.0171875
3 0.490625 0.3296875 0.009375 0.0203125
3 0.4921875 0.3546875 0.0109375 0.015625
3 0.571875 0.365625 0.01875 0.021875
3 0.415625 0.371875 0.0140625 0.0078125
3 0.5703125 0.415625 0.0234375 0.015625
3 0.59375 0.4421875 0.0234375 0.01875
3 0.6109375 0.46875 0.0234375 0.0171875
3 0.6296875 0.4828125 0.0203125 0.0203125
3 0.6375 0.4984375 0.0203125 0.0140625
3 0.64375 0.5234375 0.0109375 0.0140625
3 0.6 0.5203125 0.01875 0.01875
3 0.5921875 0.5296875 0.0203125 0.01875
3 0.5828125 0.5359375 0.0171875 0.0171875
3 0.4078125 0.3828125 0.0234375 0.0109375
3 0.378125 0.3859375 0.0203125 0.0078125
3 0.4140625 0.33125 0.015625 0.0078125
3 0.4421875 0.3546875 0.0203125 0.009375
3 0.3875 0.3328125 0.01875 0.009375
3 0.3625 0.334375 0.01875 0.0078125
3 0.3390625 0.3546875 0.0171875 0.009375
3 0.3640625 0.3515625 0.015625 0.009375
3 0.3890625 0.346875 0.01875 0.0109375
3 0.4140625 0.3453125 0.0171875 0.009375
3 0.4375 0.3421875 0.0125 0.009375
3 0.459375 0.340625 0.0171875 0.009375
3 0.4640625 0.3515625 0.0203125 0.009375
3 0.4171875 0.35625 0.0203125 0.0109375
3 0.3921875 0.375 0.0171875 0.009375
3 0.390625 0.359375 0.0234375 0.0109375
3 0.365625 0.3609375 0.0234375 0.0109375
3 0.34375 0.3640625 0.01875 0.009375
3 0.325 0.365625 0.021875 0.0109375
3 0.3 0.3828125 0.021875 0.03125
3 0.2875 0.3875 0.0203125 0.0265625
3 0.3296875 0.3921875 0.021875 0.0125
3 0.3546875 0.3890625 0.0203125 0.0109375
3 0.3703125 0.3765625 0.0171875 0.009375
