3 0.2984375 0.253125 0.0140625 0.0078125
3 0.4765625 0.23125 0.015625 0.00625
3 0.4609375 0.2484375 0.0140625 0.015625
3 0.9859375 0.2234375 0.01875 0.00625
3 0.409375 0.4484375 0.0125 0.015625
3 0.3171875 0.540625 0.015625 0.0140625
3 0.1 0.68125 0.009375 0.0140625
3 0.1140625 0.5796875 0.009375 0.015625
3 0.103125 0.5453125 0.0125 0.0140625
3 0.159375 0.5078125 0.0109375 0.015625
3 0.1984375 0.546875 0.0140625 0.0109375
3 0.2328125 0.5546875 0.0140625 0.0078125
3 0.1609375 0.3484375 0.0109375 0.0171875
3 0.1484375 0.3875 0.0109375 0.015625
3 0.19375 0.2578125 0.0125 0.0203125
3 0.21875 0.190625 0.0140625 0.0203125
3 0.0578125 0.040625 0.0140625 0.015625
