3 0.8265625 0.2453125 0.0625 0.0515625
3 0.8015625 0.16875 0.0609375 0.0375
4 0.3546875 0.3265625 0.0859375 0.05
4 0.5796875 0.2828125 0.06875 0.0609375
3 0.0578125 0.165625 0.0609375 0.0359375
3 0.046875 0.140625 0.046875 0.034375
3 0.33125 0.2171875 0.0453125 0.0578125
3 0.4125 0.23125 0.0484375 0.0453125
3 0.6890625 0.1359375 0.0453125 0.0546875
3 0.865625 0.1546875 0.053125 0.034375
3 0.934375 0.115625 0.0484375 0.0546875
3 0.3296875 0.9890625 0.0359375 0.059375
3 0.134375 0.915625 0.0328125 0.05
3 0.3125 0.9203125 0.0421875 0.06875
3 0.115625 0.4828125 0.0578125 0.0390625
3 0.125 0.5125 0.05625 0.0359375
3 0.2234375 0.95 0.0453125 0.0296875
3 0.13125 0.540625 0.053125 0.0359375
3 0.1359375 0.5703125 0.0546875 0.0359375
3 0.15 0.5953125 0.0609375 0.04375
3 0.1578125 0.640625 0.0609375 0.040625
3 0.06875 0.6296875 0.034375 0.0609375
3 0.090625 0.7171875 0.0328125 0.05625
3 0.1890625 0.753125 0.0640625 0.0390625
3 0.2078125 0.8625 0.053125 0.034375
3 0.2078125 0.8921875 0.0609375 0.0359375
3 0.2140625 0.9234375 0.0640625 0.0390625
