4 0.515625 0.8 0.0953125 0.0484375
4 0.525 0.746875 0.0953125 0.0453125
4 0.2359375 0.64375 0.1015625 0.0328125
4 0.3203125 0.69375 0.0890625 0.0671875
1 0.590625 0.009375 0.075 0.090625
1 0.534375 0.10625 0.08125 0.103125
1 0.5359375 0.2015625 0.1140625 0.06875
1 0.6421875 0.23125 0.1078125 0.0734375
1 0.753125 0.2640625 0.115625 0.0796875
1 0.8703125 0.1421875 0.0765625 0.11875
1 0.8421875 0.2421875 0.0625 0.0953125
1 0.73125 0.759375 0.05625 0.0875
3 0.1234375 0.8109375 0.021875 0.034375
3 0.0875 0.890625 0.0234375 0.034375
3 0.475 0.95625 0.021875 0.040625
3 0.3609375 0.9578125 0.0171875 0.0359375
3 0.3875 0.9546875 0.025 0.05
3 0.1078125 0.3921875 0.0375 0.021875
3 0.20625 0.025 0.0296875 0.0265625
3 0.40625 0.015625 0.025 0.040625
3 0.38125 0.0734375 0.0296875 0.040625
3 0.353125 0.184375 0.0265625 0.0390625
3 0.2484375 0.15 0.0375 0.01875
3 0.2171875 0.0796875 0.034375 0.021875
3 0.1078125 0.0296875 0.04375 0.0328125
3 0.09375 0.0890625 0.015625 0.034375
3 0.49375 0.05 0.0265625 0.0359375
3 0.515625 0.0125 0.0203125 0.0359375
3 0.4484375 0.1703125 0.028125 0.034375
3 0.4390625 0.1578125 0.0265625 0.0328125
3 0.4734375 0.084375 0.0328125 0.0375
3 0.265625 0.4046875 0.028125 0.0390625
3 0.20625 0.4890625 0.0265625 0.046875
3 0.2328125 0.5 0.03125 0.04375
3 0.140625 0.66875 0.028125 0.040625
3 0.00625 0.9390625 0.034375 0.04375
3 0.0609375 0.946875 0.034375 0.0390625
3 0.0078125 0.996875 0.040625 0.0328125
4 0.315625 0.1296875 0.065625 0.05
