0 0.4390625 0.3234375 0.0296875 0.0703125
0 0.684375 0.1265625 0.09375 0.0296875
0 0.7859375 0.0171875 0.078125 0.0296875
0 0.796875 0.04375 0.0953125 0.034375
0 0.778125 0.0734375 0.0671875 0.028125
0 0.7890625 0.1015625 0.075 0.0296875
0 0.6921875 0.0 0.078125 0.028125
0 0.6890625 0.0265625 0.08125 0.025
0 0.6875 0.0515625 0.0859375 0.025
0 0.6859375 0.0765625 0.0875 0.025
0 0.68125 0.1046875 0.0953125 0.0296875
0 0.7953125 0.1296875 0.0734375 0.0265625
0 0.990625 0.015625 0.1 0.04375
0 0.953125 0.0875 0.05625 0.0953125
0 0.2578125 0.06875 0.040625 0.1109375
0 0.3171875 0.125 0.1125 0.0390625
0 0.4984375 0.015625 0.0921875 0.0296875
0 0.409375 0.0015625 0.05 0.0265625
0 0.403125 0.0265625 0.0578125 0.0265625
0 0.3984375 0.0546875 0.06875 0.0296875
0 0.490625 0.04375 0.071875 0.025
0 0.490625 0.075 0.071875 0.028125
0 0.490625 0.1015625 0.071875 0.0296875
0 0.503125 0.1296875 0.0953125 0.025
0 0.3984375 0.1296875 0.0640625 0.0265625
0 0.4046875 0.078125 0.0625 0.0234375
0 0.4015625 0.103125 0.0625 0.025
0 0.309375 0.3140625 0.025 0.05625
0 0.259375 0.3125 0.021875 0.0546875
0 0.63125 0.30625 0.0203125 0.0484375
