4 0.384375 0.521875 0.0953125 0.0484375
4 0.39375 0.46875 0.0953125 0.0453125
4 0.1046875 0.365625 0.1015625 0.0328125
4 0.1890625 0.415625 0.0890625 0.0671875
1 0.6 0.48125 0.05625 0.0875
1 0.971875 0.8109375 0.1015625 0.1828125
1 0.8625 0.9265625 0.096875 0.0671875
1 0.7796875 0.94375 0.075 0.0328125
1 0.5953125 0.9578125 0.0953125 0.0390625
1 0.4984375 0.959375 0.1 0.0421875
1 0.3953125 0.9578125 0.0921875 0.0359375
1 0.2890625 0.959375 0.1078125 0.040625
1 0.1703125 0.9578125 0.1109375 0.0609375
1 0.078125 0.9515625 0.059375 0.025
1 0.0359375 0.984375 0.0390625 0.0890625
3 0.2671875 0.7953125 0.01875 0.034375
3 0.34375 0.678125 0.021875 0.040625
3 0.2296875 0.6796875 0.0171875 0.0359375
3 0.25625 0.6765625 0.025 0.05
3 0.134375 0.1265625 0.028125 0.0390625
3 0.075 0.2109375 0.0265625 0.046875
3 0.1015625 0.221875 0.03125 0.04375
3 0.009375 0.390625 0.028125 0.040625
