4 0.95625 0.3921875 0.0859375 0.05
3 0.5640625 0.215625 0.0359375 0.05625
3 0.659375 0.23125 0.0609375 0.0359375
3 0.6484375 0.20625 0.046875 0.034375
3 0.9328125 0.2828125 0.0453125 0.0578125
3 0.7359375 0.98125 0.0328125 0.05
3 0.9140625 0.9859375 0.0421875 0.06875
3 0.7171875 0.5484375 0.0578125 0.0390625
3 0.7265625 0.578125 0.05625 0.0359375
3 0.7328125 0.60625 0.053125 0.0359375
3 0.7375 0.6359375 0.0546875 0.0359375
3 0.7515625 0.6609375 0.0609375 0.04375
3 0.759375 0.70625 0.0609375 0.040625
3 0.6703125 0.6953125 0.034375 0.0609375
3 0.6921875 0.7828125 0.0328125 0.05625
3 0.790625 0.81875 0.0640625 0.0390625
3 0.5453125 0.8625 0.0625 0.0390625
3 0.559375 0.91875 0.05625 0.034375
3 0.5671875 0.946875 0.0578125 0.04375
3 0.809375 0.928125 0.053125 0.034375
3 0.809375 0.9578125 0.0609375 0.0359375
3 0.815625 0.9890625 0.0640625 0.0390625
4 0.546875 0.15625 0.0390625 0.0625
