4 0.31875 0.55625 0.0359375 0.0578125
3 0.4 0.1046875 0.0359375 0.059375
3 0.3046875 0.4859375 0.028125 0.053125
3 0.3375 0.7734375 0.0375 0.05625
3 0.15625 0.6703125 0.0625 0.0421875
3 0.1453125 0.628125 0.0625 0.0453125
3 0.1328125 0.58125 0.046875 0.0328125
3 0.0890625 0.434375 0.059375 0.0390625
3 0.071875 0.30625 0.0515625 0.0328125
3 0.065625 0.2796875 0.0484375 0.0359375
3 0.3140625 0.1578125 0.059375 0.0375
3 0.0859375 0.3671875 0.053125 0.03125
3 0.0921875 0.396875 0.0578125 0.0375
3 0.0515625 0.9390625 0.0609375 0.0390625
3 0.2046875 0.03125 0.0328125 0.05
3 0.6703125 0.75 0.0484375 0.0640625
3 0.3828125 0.0359375 0.0421875 0.06875
3 0.325 0.215625 0.053125 0.0375
3 0.3109375 0.1234375 0.05625 0.040625
3 0.29375 0.065625 0.0453125 0.0296875
3 0.278125 0.0078125 0.0609375 0.0359375
3 0.284375 0.0390625 0.0640625 0.0390625
