0 0.940625 0.2828125 0.115625 0.0421875
0 0.8890625 0.1921875 0.03125 0.0703125
0 0.715625 0.2140625 0.0359375 0.0671875
0 0.815625 0.296875 0.11875 0.05
0 0.759375 0.196875 0.0328125 0.0859375
0 0.8328125 0.2015625 0.0328125 0.059375
0 0.9578125 0.1890625 0.0296875 0.0578125
0 0.646875 0.2296875 0.0265625 0.0390625
0 0.40625 0.2546875 0.059375 0.1078125
0 0.2265625 0.99375 0.1015625 0.1828125
0 0.9484375 0.1234375 0.0265625 0.0546875
0 0.9921875 0.0421875 0.040625 0.0734375
0 0.9390625 0.0515625 0.0421875 0.078125
