9 0.5984375 0.8234375 0.1125 0.040625
1 0.259375 0.975 0.040625 0.0734375
1 0.20625 0.984375 0.0421875 0.078125
1 0.6234375 0.5984375 0.0390625 0.0625
1 0.51875 0.753125 0.0265625 0.0453125
1 0.2484375 0.890625 0.0359375 0.05625
1 0.053125 0.471875 0.03125 0.0703125
1 0.034375 0.7 0.028125 0.05
1 0.159375 0.8296875 0.05625 0.040625
1 0.196875 0.9 0.0421875 0.059375
1 0.2390625 0.8171875 0.0421875 0.0703125
3 0.6984375 0.0203125 0.0421875 0.01875
3 0.025 0.3421875 0.040625 0.01875
3 0.4421875 0.18125 0.03125 0.0140625
3 0.753125 0.096875 0.0203125 0.034375
3 0.5203125 0.1375 0.0203125 0.0359375
3 0.446875 0.2015625 0.0390625 0.0125
3 0.9109375 0.146875 0.0171875 0.0296875
3 0.9328125 0.1546875 0.015625 0.0296875
3 0.9890625 0.1734375 0.0203125 0.034375
3 0.9609375 0.253125 0.0203125 0.0375
3 0.5328125 0.45 0.0375 0.021875
3 0.5203125 0.471875 0.0390625 0.0234375
3 0.353125 0.453125 0.0359375 0.0453125
3 0.0875 0.6890625 0.040625 0.0421875
3 0.046875 0.66875 0.03125 0.0296875
3 0.0015625 0.66875 0.03125 0.021875
