0 0.9234375 0.215625 0.05625 0.0875
0 0.91875 0.6921875 0.0953125 0.0390625
0 0.821875 0.69375 0.1 0.0421875
0 0.71875 0.6921875 0.0921875 0.0359375
0 0.890625 0.89375 0.071875 0.0296875
0 0.8890625 0.9546875 0.078125 0.0296875
0 0.9 0.98125 0.0953125 0.034375
0 0.8 0.853125 0.065625 0.0265625
0 0.7984375 0.88125 0.06875 0.0296875
0 0.8015625 0.9078125 0.059375 0.0265625
0 0.7953125 0.9375 0.078125 0.028125
0 0.7921875 0.9640625 0.08125 0.025
0 0.790625 0.9890625 0.0859375 0.025
0 0.903125 0.828125 0.096875 0.0328125
0 0.8984375 0.8640625 0.0890625 0.034375
0 0.8875 0.7984375 0.0796875 0.0265625
0 0.6125 0.69375 0.1078125 0.040625
0 0.5875 0.8609375 0.0828125 0.028125
0 0.49375 0.6921875 0.1109375 0.0609375
0 0.4015625 0.6859375 0.059375 0.025
0 0.359375 0.71875 0.0390625 0.0890625
0 0.3546875 0.796875 0.0328125 0.0625
0 0.3625 0.9015625 0.0515625 0.1109375
0 0.271875 0.8453125 0.0546875 0.034375
0 0.50625 0.7984375 0.0609375 0.0234375
0 0.5015625 0.825 0.0625 0.021875
0 0.5015625 0.8453125 0.065625 0.0234375
0 0.5921875 0.8 0.084375 0.0296875
0 0.6046875 0.834375 0.103125 0.03125
0 0.6 0.8890625 0.0875 0.0328125
0 0.8 0.8015625 0.0640625 0.025
0 0.6 0.925 0.09375 0.0296875
0 0.6015625 0.953125 0.0921875 0.0296875
0 0.50625 0.86875 0.06875 0.0328125
0 0.50625 0.915625 0.0609375 0.021875
0 0.5125 0.9390625 0.05 0.0265625
0 0.50625 0.9640625 0.0578125 0.0265625
0 0.5015625 0.9921875 0.06875 0.0296875
0 0.59375 0.98125 0.071875 0.025
