4 0.1 0.1828125 0.0640625 0.0359375
3 0.04375 0.0421875 0.0125 0.0203125
4 0.10625 0.365625 0.0359375 0.0640625
4 0.009375 0.328125 0.03125 0.0140625
4 0.0140625 0.375 0.0328125 0.0203125
4 0.0171875 0.396875 0.034375 0.0140625
4 0.0171875 0.409375 0.034375 0.021875
3 0.034375 0.04375 0.0125 0.025
3 0.053125 0.0421875 0.0140625 0.021875
3 0.0640625 0.0390625 0.0140625 0.0171875
3 0.0734375 0.0328125 0.0140625 0.021875
3 0.0828125 0.0578125 0.0140625 0.0171875
3 0.0625 0.0640625 0.0125 0.0171875
3 0.0546875 0.071875 0.0140625 0.021875
3 0.0453125 0.075 0.0140625 0.0203125
3 0.034375 0.0765625 0.0109375 0.0171875
3 0.0734375 0.3125 0.015625 0.0265625
3 0.4859375 0.928125 0.0140625 0.0171875
3 0.5234375 0.9171875 0.0125 0.0203125
3 0.5140625 0.9203125 0.0125 0.015625
3 0.5046875 0.921875 0.0125 0.01875
3 0.4953125 0.925 0.0125 0.0171875
3 0.4765625 0.93125 0.0125 0.0171875
3 0.4296875 0.946875 0.0125 0.0171875
3 0.4203125 0.953125 0.015625 0.01875
3 0.9296875 0.809375 0.015625 0.0203125
3 0.9421875 0.809375 0.0140625 0.0171875
3 0.925 0.78125 0.0125 0.021875
3 0.9421875 0.771875 0.009375 0.0171875
3 0.95625 0.7671875 0.0203125 0.0171875
3 0.9703125 0.7609375 0.01875 0.0140625
3 0.121875 0.996875 0.015625 0.021875
3 0.13125 0.99375 0.0125 0.01875
3 0.140625 0.9921875 0.015625 0.0203125
3 0.15 0.9890625 0.0140625 0.021875
3 0.1578125 0.9875 0.0125 0.01875
3 0.1671875 0.9828125 0.0125 0.01875
3 0.1765625 0.978125 0.0140625 0.021875
3 0.1859375 0.9765625 0.015625 0.01875
3 0.1953125 0.975 0.015625 0.021875
3 0.2046875 0.9703125 0.0125 0.0171875
3 0.1875 0.9984375 0.0234375 0.025
3 0.3890625 0.9671875 0.015625 0.021875
3 0.3703125 0.9703125 0.0125 0.0234375
3 0.3 0.8734375 0.0125 0.0203125
3 0.309375 0.86875 0.015625 0.021875
3 0.328125 0.8625 0.0140625 0.0203125
3 0.3375 0.8609375 0.0125 0.0203125
3 0.3546875 0.8546875 0.0140625 0.0203125
3 0.353125 0.878125 0.015625 0.0203125
3 0.2671875 0.6875 0.0140625 0.0203125
3 0.246875 0.7109375 0.0140625 0.0234375
3 0.2734375 0.7984375 0.0140625 0.021875
3 0.2828125 0.7953125 0.015625 0.0203125
