3 0.10625 0.125 0.0125 0.0203125
3 0.115625 0.1234375 0.0140625 0.0203125
3 0.109375 0.10625 0.0125 0.0171875
3 0.0984375 0.1078125 0.0109375 0.01875
3 0.09375 0.090625 0.0109375 0.0171875
3 0.078125 0.0046875 0.0078125 0.0171875
3 0.06875 0.00625 0.0140625 0.0171875
3 0.075 0.0234375 0.0125 0.0203125
3 0.0859375 0.034375 0.0140625 0.0203125
3 0.078125 0.0421875 0.0140625 0.0203125
3 0.09375 0.053125 0.0125 0.01875
3 0.0859375 0.0578125 0.0125 0.015625
3 0.0890625 0.071875 0.0125 0.01875
3 0.0984375 0.0734375 0.0125 0.0203125
3 0.1046875 0.0890625 0.0125 0.01875
4 0.4265625 0.0625 0.0390625 0.0546875
4 0.45 0.0484375 0.0421875 0.06875
4 0.325 0.078125 0.0328125 0.04375
4 0.3421875 0.071875 0.0265625 0.04375
3 0.053125 0.125 0.0140625 0.021875
3 0.046875 0.10625 0.0125 0.0171875
3 0.0546875 0.1 0.0125 0.01875
3 0.0640625 0.1 0.0125 0.0203125
3 0.071875 0.1171875 0.0125 0.01875
3 0.078125 0.1359375 0.0125 0.0171875
3 0.0703125 0.1390625 0.0109375 0.0171875
3 0.0625 0.1203125 0.0125 0.01875
3 0.0609375 0.1421875 0.0109375 0.0203125
3 0.0125 0.090625 0.0125 0.021875
3 0.003125 0.0625 0.0140625 0.01875
3 0.0109375 0.0609375 0.0140625 0.0171875
3 0.025 0.0671875 0.0140625 0.01875
3 0.0296875 0.084375 0.0140625 0.0234375
3 0.0421875 0.0890625 0.0109375 0.0171875
3 0.053125 0.084375 0.0125 0.015625
3 0.046875 0.0671875 0.0109375 0.0171875
3 0.0375 0.0703125 0.0125 0.0171875
3 0.0203125 0.053125 0.0125 0.015625
3 0.0578125 0.0453125 0.015625 0.0171875
3 0.0734375 0.0609375 0.0125 0.0171875
3 0.08125 0.078125 0.0125 0.015625
3 0.0859375 0.0953125 0.0140625 0.01875
3 0.090625 0.1109375 0.0140625 0.0171875
3 0.096875 0.128125 0.0125 0.0171875
3 0.0625 0.0625 0.0140625 0.021875
3 0.06875 0.0796875 0.0140625 0.0203125
3 0.075 0.0984375 0.0140625 0.0171875
3 0.08125 0.1140625 0.0109375 0.0171875
3 0.0859375 0.13125 0.0140625 0.0203125
3 0.0484375 0.05 0.0140625 0.021875
3 0.040625 0.0515625 0.015625 0.021875
3 0.0328125 0.05625 0.0125 0.015625
3 0.0 0.0859375 0.0140625 0.0203125
3 0.025 0.1 0.0140625 0.01875
3 0.2921875 0.0109375 0.0140625 0.0203125
3 0.134375 0.00625 0.0125 0.015625
3 0.140625 0.0234375 0.0125 0.0203125
3 0.14375 0.040625 0.0140625 0.021875
3 0.15 0.05625 0.015625 0.0171875
3 0.1578125 0.0734375 0.015625 0.025
3 0.1640625 0.090625 0.015625 0.0203125
3 0.16875 0.1109375 0.0140625 0.021875
3 0.034375 0.1015625 0.0125 0.015625
3 0.01875 0.109375 0.0125 0.0140625
3 0.0078125 0.1046875 0.0125 0.01875
3 0.0125 0.1234375 0.015625 0.0171875
3 0.009375 0.1359375 0.015625 0.0203125
3 0.0203125 0.14375 0.0109375 0.01875
3 0.0296875 0.1421875 0.0125 0.0203125
3 0.021875 0.1234375 0.0125 0.0171875
3 0.034375 0.128125 0.0171875 0.021875
3 0.040625 0.1484375 0.0140625 0.0234375
3 0.0359375 0.159375 0.015625 0.01875
3 0.025 0.159375 0.0140625 0.0171875
3 0.040625 0.1171875 0.0171875 0.0234375
3 0.046875 0.1359375 0.0125 0.01875
3 0.0140625 0.034375 0.015625 0.0234375
3 0.0078125 0.04375 0.0140625 0.01875
3 0.0015625 0.171875 0.0125 0.01875
3 0.009375 0.16875 0.0140625 0.01875
3 0.01875 0.165625 0.0140625 0.0171875
3 0.0046875 0.15 0.0109375 0.021875
3 0.00625 0.0140625 0.0109375 0.015625
3 0.01875 0.021875 0.0109375 0.01875
3 0.0265625 0.0390625 0.0125 0.0203125
3 0.0015625 0.0296875 0.0125 0.0140625
3 0.015625 0.0046875 0.0125 0.0171875
3 0.04375 0.0109375 0.0140625 0.0203125
3 0.0328125 0.015625 0.015625 0.0203125
3 0.034375 0.0328125 0.0125 0.0203125
3 0.9234375 0.1734375 0.0265625 0.01875
