3 0.2171875 0.9109375 0.03125 0.04375
3 0.3375 0.9125 0.034375 0.0453125
3 0.1265625 0.940625 0.028125 0.040625
3 0.296875 0.9234375 0.03125 0.040625
3 0.1953125 0.9625 0.0328125 0.0421875
3 0.3203125 0.7515625 0.0375 0.04375
3 0.121875 0.690625 0.034375 0.046875
3 0.4015625 0.765625 0.0328125 0.04375
3 0.190625 0.8375 0.0296875 0.046875
3 0.1703125 0.7203125 0.0359375 0.0484375
3 0.14375 0.684375 0.0328125 0.0484375
3 0.2671875 0.8921875 0.034375 0.04375
3 0.25 0.9 0.0359375 0.05
3 0.1828125 0.9265625 0.03125 0.0390625
3 0.44375 0.7125 0.0359375 0.0390625
3 0.434375 0.753125 0.03125 0.0453125
3 0.2140625 0.7875 0.03125 0.0453125
3 0.3046875 0.88125 0.0359375 0.0453125
3 0.321875 0.875 0.03125 0.0390625
3 0.1609375 0.80625 0.040625 0.05
3 0.2078125 0.83125 0.0375 0.04375
3 0.15625 0.8484375 0.034375 0.04375
3 0.3546875 0.8609375 0.0328125 0.040625
3 0.1328125 0.7328125 0.028125 0.0390625
3 0.15 0.725 0.01875 0.0359375
3 0.228125 0.7828125 0.01875 0.034375
3 0.2453125 0.778125 0.025 0.040625
3 0.2625 0.7703125 0.021875 0.034375
3 0.49375 0.8125 0.028125 0.034375
3 0.4921875 0.6875 0.0234375 0.0359375
3 0.61875 0.8953125 0.0234375 0.0375
3 0.44375 0.834375 0.0265625 0.040625
3 0.4546875 0.7453125 0.025 0.040625
3 0.234375 0.903125 0.0171875 0.034375
3 0.3421875 0.9953125 0.0265625 0.04375
3 0.3921875 0.975 0.028125 0.04375
3 0.3859375 0.7265625 0.021875 0.034375
3 0.3296875 0.7890625 0.025 0.0375
3 0.225 0.696875 0.028125 0.0421875
3 0.259375 0.8125 0.0265625 0.0375
3 0.1765625 0.66875 0.021875 0.0390625
3 0.159375 0.6765625 0.0171875 0.0359375
3 0.159375 0.928125 0.0234375 0.0375
3 0.175 0.9671875 0.025 0.03125
3 0.203125 0.70625 0.0265625 0.0390625
3 0.096875 0.7390625 0.01875 0.0328125
3 0.19375 0.7921875 0.0265625 0.040625
3 0.3109375 0.79375 0.01875 0.0359375
3 0.35 0.778125 0.021875 0.0390625
3 0.459375 0.70625 0.028125 0.034375
3 0.425 0.840625 0.01875 0.0328125
3 0.40625 0.85 0.028125 0.040625
3 0.371875 0.85625 0.0203125 0.03125
3 0.2765625 0.928125 0.025 0.0328125
