4 0.246875 0.715625 0.0734375 0.0359375
4 0.271875 0.4109375 0.03125 0.0515625
4 0.2015625 0.2875 0.0296875 0.0546875
4 0.1828125 0.2921875 0.040625 0.0609375
3 0.50625 0.4140625 0.021875 0.015625
3 0.48125 0.421875 0.0171875 0.015625
3 0.4578125 0.4296875 0.01875 0.0109375
3 0.4453125 0.4359375 0.021875 0.0109375
3 0.259375 0.91875 0.009375 0.0203125
3 0.178125 0.909375 0.0203125 0.015625
3 0.5203125 0.4078125 0.0234375 0.0140625
3 0.4296875 0.4390625 0.021875 0.01875
3 0.4109375 0.4375 0.0203125 0.0140625
3 0.3671875 0.3921875 0.021875 0.0140625
3 0.1625 0.5140625 0.0125 0.021875
3 0.16875 0.509375 0.0140625 0.0203125
3 0.1796875 0.50625 0.0140625 0.0203125
3 0.1875 0.503125 0.0109375 0.01875
3 0.19375 0.5015625 0.0125 0.01875
3 0.203125 0.4984375 0.015625 0.0203125
3 0.215625 0.496875 0.0109375 0.0171875
3 0.225 0.4921875 0.009375 0.0171875
3 0.271875 0.4703125 0.0140625 0.0171875
3 0.2265625 0.4546875 0.015625 0.0078125
3 0.225 0.4453125 0.0171875 0.0109375
3 0.221875 0.4359375 0.0203125 0.0109375
3 0.40625 0.378125 0.01875 0.0140625
3 0.39375 0.384375 0.0234375 0.0171875
3 0.3796875 0.3890625 0.01875 0.0125
3 0.2015625 0.3625 0.015625 0.021875
3 0.209375 0.2171875 0.0125 0.0140625
3 0.221875 0.259375 0.015625 0.025
3 0.2546875 0.3609375 0.025 0.015625
4 0.209375 0.2609375 0.0359375 0.0640625
4 0.221875 0.3390625 0.0171875 0.028125
4 0.209375 0.353125 0.0203125 0.03125
4 0.2546875 0.3734375 0.0296875 0.015625
4 0.1453125 0.2015625 0.025 0.015625
4 0.2015625 0.196875 0.0171875 0.0234375
4 0.1546875 0.5203125 0.0203125 0.0296875
4 0.0734375 0.553125 0.05625 0.0171875
3 0.1921875 0.5828125 0.0234375 0.0140625
3 0.1375 0.525 0.0171875 0.0234375
3 0.10625 0.534375 0.0140625 0.021875
3 0.1953125 0.3734375 0.015625 0.01875
3 0.8046875 0.04375 0.0203125 0.015625
3 0.7953125 0.0296875 0.015625 0.0140625
3 0.1765625 0.140625 0.0171875 0.015625
3 0.7953125 0.0171875 0.01875 0.0125
