1 0.2375 0.421875 0.06875 0.128125
1 0.16875 0.796875 0.04375 0.0796875
1 0.534375 0.9328125 0.075 0.1421875
1 0.68125 0.5640625 0.0359375 0.0703125
1 0.7578125 0.3484375 0.078125 0.1578125
1 0.884375 0.259375 0.1265625 0.0671875
8 0.1171875 0.13125 0.028125 0.0296875
8 0.16875 0.159375 0.0375 0.0359375
8 0.2203125 0.184375 0.0359375 0.0359375
8 0.0984375 0.1734375 0.028125 0.028125
8 0.1484375 0.2078125 0.034375 0.0359375
8 0.1984375 0.234375 0.034375 0.034375
8 0.0796875 0.2140625 0.028125 0.028125
8 0.1234375 0.2390625 0.015625 0.015625
8 0.30625 0.059375 0.015625 0.015625
