1 0.09375 0.3296875 0.0296875 0.0203125
1 0.5921875 0.6015625 0.1328125 0.0390625
1 0.05 0.309375 0.0421875 0.025
1 0.315625 0.959375 0.0703125 0.0796875
1 0.1125 0.5328125 0.065625 0.0546875
2 0.234375 0.46875 0.0390625 0.0765625
2 0.2921875 0.5828125 0.0703125 0.021875
1 0.175 0.5640625 0.0328125 0.0234375
1 0.56875 0.91875 0.053125 0.0953125
8 0.9609375 0.3796875 0.01875 0.0203125
8 0.9515625 0.30625 0.0203125 0.0171875
8 0.971875 0.303125 0.0171875 0.0171875
8 0.9765625 0.321875 0.01875 0.0171875
8 0.9546875 0.3234375 0.0171875 0.0171875
8 0.9578125 0.3421875 0.015625 0.015625
8 0.9765625 0.340625 0.0203125 0.0171875
8 0.959375 0.3609375 0.0171875 0.0171875
