8 0.06875 0.090625 0.0171875 0.0203125
8 0.0390625 0.090625 0.01875 0.0203125
8 0.0296875 0.0609375 0.021875 0.0234375
8 0.0578125 0.0578125 0.03125 0.03125
8 0.1265625 0.025 0.01875 0.01875
8 0.096875 0.028125 0.03125 0.03125
8 0.0578125 0.028125 0.0203125 0.0234375
8 0.0296875 0.0328125 0.0296875 0.03125
8 0.0546875 0.0046875 0.01875 0.0203125
8 0.034375 0.0078125 0.0140625 0.0171875
3 0.0203125 0.23125 0.0171875 0.015625
3 0.0171875 0.225 0.0140625 0.0140625
3 0.0125 0.21875 0.0171875 0.015625
3 0.0078125 0.2125 0.0171875 0.015625
3 0.003125 0.20625 0.0140625 0.0140625
