8 0.59375 0.5234375 0.03125 0.0328125
8 0.6203125 0.759375 0.028125 0.028125
8 0.571875 0.8921875 0.0328125 0.0328125
8 0.76875 0.76875 0.025 0.0234375
8 0.7703125 0.7421875 0.025 0.025
8 0.740625 0.76875 0.0234375 0.025
8 0.740625 0.7390625 0.0234375 0.0265625
8 0.7109375 0.765625 0.0265625 0.0265625
8 0.7125 0.7390625 0.0234375 0.025
8 0.6671875 0.74375 0.04375 0.04375
8 0.58125 0.7578125 0.0234375 0.0265625
8 0.6203125 0.721875 0.0265625 0.0265625
8 0.584375 0.721875 0.0265625 0.028125
8 0.6546875 0.671875 0.028125 0.0296875
8 0.6 0.665625 0.0234375 0.0234375
8 0.653125 0.615625 0.028125 0.03125
8 0.5984375 0.6203125 0.0234375 0.025
8 0.5953125 0.5734375 0.03125 0.028125
8 0.790625 0.6234375 0.015625 0.0171875
8 0.6 0.853125 0.03125 0.0328125
8 0.6109375 0.8890625 0.0234375 0.0234375
8 0.665625 0.8515625 0.0609375 0.0625
8 0.75 0.85625 0.0421875 0.0421875
8 0.775 0.9984375 0.0328125 0.03125
8 0.74375 0.99375 0.0234375 0.0265625
8 0.7140625 0.990625 0.025 0.0265625
8 0.6125 0.9296875 0.03125 0.0328125
8 0.7421875 0.9421875 0.065625 0.0671875
8 0.675 0.921875 0.065625 0.0640625
8 0.65625 0.559375 0.04375 0.046875
8 0.6390625 0.4984375 0.0375 0.040625
8 0.55 0.1890625 0.028125 0.0328125
8 0.5515625 0.159375 0.021875 0.0234375
8 0.5265625 0.1328125 0.0328125 0.0328125
8 0.5671875 0.115625 0.021875 0.025
8 0.56875 0.0796875 0.03125 0.0328125
8 0.53125 0.09375 0.0328125 0.0328125
8 0.428125 0.153125 0.0484375 0.0484375
8 0.525 0.0 0.0359375 0.0375
8 0.484375 0.003125 0.025 0.028125
8 0.5921875 0.48125 0.0296875 0.03125
4 0.9984375 0.478125 0.059375 0.078125
4 0.9609375 0.240625 0.0125 0.0390625
4 0.978125 0.15 0.0328125 0.0484375
8 0.571875 0.2109375 0.0203125 0.0234375
8 0.4609375 0.2859375 0.046875 0.046875
8 0.76875 0.09375 0.0265625 0.028125
8 0.73125 0.16875 0.034375 0.034375
8 0.6140625 0.19375 0.0296875 0.03125
8 0.5890625 0.171875 0.0203125 0.021875
8 0.5890625 0.1359375 0.0296875 0.0296875
8 0.7984375 0.134375 0.0359375 0.034375
8 0.7546875 0.1296875 0.034375 0.0359375
8 0.7109375 0.1296875 0.0328125 0.0328125
8 0.803125 0.09375 0.0296875 0.0296875
8 0.7328125 0.0921875 0.0265625 0.028125
8 0.7 0.090625 0.028125 0.03125
8 0.659375 0.0875 0.0234375 0.0265625
8 0.7203125 0.0125 0.0234375 0.028125
8 0.6875 0.009375 0.025 0.0265625
8 0.65625 0.009375 0.025 0.025
8 0.6234375 0.0078125 0.0265625 0.025
8 0.5859375 0.0015625 0.0328125 0.0328125
8 0.775 0.171875 0.0359375 0.0359375
8 0.7515625 0.2078125 0.0328125 0.034375
8 0.7953125 0.209375 0.0328125 0.0359375
8 0.75 0.2515625 0.0328125 0.0328125
8 0.765625 0.434375 0.0296875 0.03125
8 0.7203125 0.44375 0.0265625 0.028125
8 0.6421875 0.4421875 0.0375 0.0375
8 0.590625 0.4328125 0.03125 0.03125
8 0.7828125 0.390625 0.03125 0.034375
8 0.73125 0.396875 0.0359375 0.0375
8 0.6765625 0.39375 0.0234375 0.0265625
8 0.6296875 0.39375 0.025 0.028125
8 0.5828125 0.3859375 0.01875 0.0171875
8 0.609375 0.3046875 0.0203125 0.0203125
8 0.653125 0.303125 0.034375 0.034375
8 0.5734375 0.2453125 0.03125 0.0328125
8 0.6359375 0.2484375 0.03125 0.0328125
8 0.7921875 0.2984375 0.0359375 0.034375
8 0.75 0.2953125 0.03125 0.034375
8 0.6109375 0.2265625 0.021875 0.021875
8 0.79375 0.253125 0.0328125 0.0359375
3 0.4828125 0.4078125 0.015625 0.00625
3 0.8515625 0.4109375 0.0078125 0.015625
3 0.8609375 0.1828125 0.0109375 0.0171875
3 0.5953125 0.0390625 0.0171875 0.0078125
3 0.4828125 0.4828125 0.0140625 0.0203125
3 0.4796875 0.4015625 0.0140625 0.00625
3 0.4796875 0.39375 0.015625 0.00625
3 0.946875 0.490625 0.0109375 0.0203125
3 0.9625 0.565625 0.0078125 0.0171875
3 0.9296875 0.6046875 0.009375 0.01875
3 0.3734375 0.6359375 0.0109375 0.0203125
3 0.8359375 0.7703125 0.0078125 0.021875
3 0.8375 0.728125 0.0109375 0.0234375
3 0.84375 0.578125 0.0109375 0.0171875
3 0.4796875 0.3859375 0.0171875 0.009375
