0 0.865625 0.7125 0.1578125 0.0890625
0 0.73125 0.6640625 0.0953125 0.0515625
0 0.740625 0.6453125 0.1015625 0.0484375
0 0.63125 0.5515625 0.1453125 0.0765625
0 0.6234375 0.58125 0.1734375 0.084375
0 0.609375 0.6046875 0.1671875 0.08125
0 0.365625 0.54375 0.1546875 0.0796875
0 0.378125 0.5171875 0.15625 0.0828125
0 0.3859375 0.4890625 0.153125 0.0828125
0 0.384375 0.4578125 0.1703125 0.0984375
0 0.178125 0.4859375 0.16875 0.08125
0 0.0265625 0.3609375 0.1421875 0.071875
0 0.0390625 0.3328125 0.1640625 0.0890625
