0 0.290625 0.78125 0.115625 0.059375
0 0.1671875 0.6671875 0.1484375 0.078125
0 0.1640625 0.703125 0.2125 0.109375
0 0.828125 0.8421875 0.0921875 0.06875
0 0.834375 0.80625 0.071875 0.0515625
0 0.8296875 0.81875 0.059375 0.040625
0 0.671875 0.778125 0.0671875 0.05
0 0.996875 0.840625 0.1328125 0.084375
0 0.9859375 0.8609375 0.125 0.078125
0 0.9734375 0.884375 0.1484375 0.0984375
0 0.9625 0.9140625 0.159375 0.1046875
0 0.9578125 0.9453125 0.125 0.0875
0 0.5640625 0.86875 0.14375 0.1015625
0 0.6640625 0.80625 0.0609375 0.0421875
0 0.665625 0.7921875 0.0546875 0.040625
