8 0.9796875 0.14375 0.015625 0.01875
1 0.9703125 0.7640625 0.06875 0.128125
8 0.9984375 0.1515625 0.0171875 0.01875
8 0.971875 0.1609375 0.015625 0.0171875
8 0.990625 0.16875 0.015625 0.0171875
8 0.85 0.4734375 0.028125 0.0296875
8 0.9015625 0.5015625 0.0375 0.0359375
8 0.953125 0.5265625 0.0359375 0.0359375
8 0.83125 0.515625 0.028125 0.028125
8 0.88125 0.55 0.034375 0.0359375
8 0.93125 0.5765625 0.034375 0.034375
8 0.8125 0.55625 0.028125 0.028125
8 0.85625 0.58125 0.015625 0.015625
8 0.9609375 0.221875 0.0140625 0.015625
8 0.98125 0.23125 0.015625 0.015625
8 0.7171875 0.815625 0.03125 0.03125
8 0.6984375 0.8484375 0.025 0.0265625
8 0.6390625 0.8875 0.015625 0.0171875
8 0.6328125 0.915625 0.025 0.0265625
8 0.6859375 0.8921875 0.03125 0.03125
8 0.7234375 0.90625 0.03125 0.0328125
8 0.671875 0.9296875 0.0328125 0.034375
8 0.709375 0.9453125 0.03125 0.03125
