8 0.2890625 0.3609375 0.0171875 0.0203125
8 0.259375 0.3609375 0.01875 0.0203125
8 0.2109375 0.0015625 0.028125 0.028125
8 0.1625 0.134375 0.0328125 0.0328125
8 0.359375 0.0109375 0.025 0.0234375
8 0.33125 0.0109375 0.0234375 0.025
8 0.3015625 0.0078125 0.0265625 0.0265625
8 0.171875 0.0 0.0234375 0.0265625
8 0.25 0.33125 0.021875 0.0234375
8 0.190625 0.0953125 0.03125 0.0328125
8 0.2015625 0.13125 0.0234375 0.0234375
8 0.25625 0.09375 0.0609375 0.0625
8 0.340625 0.0984375 0.0421875 0.0421875
8 0.278125 0.328125 0.03125 0.03125
8 0.346875 0.2953125 0.01875 0.01875
8 0.3171875 0.2984375 0.03125 0.03125
8 0.278125 0.2984375 0.0203125 0.0234375
8 0.25 0.303125 0.0296875 0.03125
8 0.275 0.275 0.01875 0.0203125
8 0.2546875 0.278125 0.0140625 0.0171875
8 0.2359375 0.26875 0.021875 0.021875
8 0.346875 0.26875 0.0328125 0.03125
8 0.3125 0.2640625 0.03125 0.03125
8 0.365625 0.240625 0.0328125 0.03125
8 0.334375 0.2359375 0.0234375 0.0265625
8 0.3046875 0.2328125 0.025 0.0265625
8 0.2609375 0.24375 0.04375 0.0421875
8 0.203125 0.171875 0.03125 0.0328125
8 0.3328125 0.184375 0.065625 0.0671875
8 0.265625 0.1640625 0.065625 0.0640625
3 0.240625 0.5015625 0.0171875 0.015625
3 0.2375 0.4953125 0.0140625 0.0140625
3 0.2328125 0.4890625 0.0171875 0.015625
3 0.228125 0.4828125 0.0171875 0.015625
3 0.2234375 0.4765625 0.0140625 0.0140625
3 0.2140625 0.465625 0.0171875 0.015625
3 0.4265625 0.0125 0.0078125 0.021875
