0 0.6125 0.225 0.121875 0.0859375
0 0.0640625 0.021875 0.0921875 0.06875
0 0.6 0.2515625 0.14375 0.1
0 0.584375 0.2765625 0.14375 0.1
0 0.5625 0.3 0.15 0.10625
0 0.5484375 0.325 0.1203125 0.0890625
0 0.528125 0.3453125 0.14375 0.10625
0 0.50625 0.3640625 0.1265625 0.0921875
0 0.4859375 0.3859375 0.13125 0.1046875
0 0.4609375 0.409375 0.1234375 0.1015625
0 0.45 0.44375 0.134375 0.1046875
0 0.3328125 0.35 0.1578125 0.1328125
0 0.3671875 0.31875 0.1265625 0.0921875
0 0.3671875 0.2859375 0.15 0.1046875
0 0.384375 0.2578125 0.1578125 0.1140625
0 0.39375 0.228125 0.125 0.0859375
0 0.4078125 0.20625 0.1234375 0.0875
0 0.4140625 0.175 0.1421875 0.1046875
0 0.2328125 0.0203125 0.1328125 0.084375
0 0.221875 0.040625 0.125 0.078125
0 0.209375 0.0640625 0.1484375 0.0984375
0 0.1984375 0.09375 0.159375 0.1046875
0 0.19375 0.125 0.125 0.0875
