8 0.10625 0.7671875 0.0171875 0.0203125
8 0.0765625 0.7671875 0.01875 0.0203125
8 0.0015625 0.171875 0.03125 0.0328125
8 0.028125 0.4078125 0.028125 0.028125
8 0.1765625 0.4171875 0.025 0.0234375
8 0.178125 0.390625 0.025 0.025
8 0.1484375 0.4171875 0.0234375 0.025
8 0.1484375 0.3875 0.0234375 0.0265625
8 0.11875 0.4140625 0.0265625 0.0265625
8 0.1203125 0.3875 0.0234375 0.025
8 0.075 0.3921875 0.04375 0.04375
8 0.0671875 0.7375 0.021875 0.0234375
8 0.028125 0.3703125 0.0265625 0.0265625
8 0.0625 0.3203125 0.028125 0.0296875
8 0.0078125 0.3140625 0.0234375 0.0234375
8 0.0609375 0.2640625 0.028125 0.03125
8 0.00625 0.26875 0.0234375 0.025
8 0.003125 0.221875 0.03125 0.028125
8 0.1984375 0.271875 0.015625 0.0171875
8 0.0078125 0.5015625 0.03125 0.0328125
8 0.01875 0.5375 0.0234375 0.0234375
8 0.0734375 0.5 0.0609375 0.0625
8 0.1578125 0.5046875 0.0421875 0.0421875
8 0.0953125 0.734375 0.03125 0.03125
8 0.1640625 0.7015625 0.01875 0.01875
8 0.134375 0.7046875 0.03125 0.03125
8 0.0953125 0.7046875 0.0203125 0.0234375
8 0.0671875 0.709375 0.0296875 0.03125
8 0.0921875 0.68125 0.01875 0.0203125
8 0.071875 0.684375 0.0140625 0.0171875
8 0.053125 0.675 0.021875 0.021875
8 0.1640625 0.675 0.0328125 0.03125
8 0.1296875 0.6703125 0.03125 0.03125
8 0.1828125 0.646875 0.0328125 0.03125
8 0.1515625 0.6421875 0.0234375 0.0265625
8 0.121875 0.6390625 0.025 0.0265625
8 0.078125 0.65 0.04375 0.0421875
8 0.0203125 0.578125 0.03125 0.0328125
8 0.15 0.590625 0.065625 0.0671875
8 0.0828125 0.5703125 0.065625 0.0640625
8 0.0640625 0.2078125 0.04375 0.046875
8 0.046875 0.146875 0.0375 0.040625
8 0.0 0.1296875 0.0296875 0.03125
4 0.4109375 0.1921875 0.0359375 0.0453125
4 0.40625 0.1265625 0.059375 0.078125
4 0.409375 0.0859375 0.059375 0.075
4 0.4171875 0.0375 0.034375 0.04375
8 0.1734375 0.0828125 0.0296875 0.03125
8 0.128125 0.0921875 0.0265625 0.028125
8 0.05 0.090625 0.0375 0.0375
8 0.190625 0.0390625 0.03125 0.034375
8 0.1390625 0.0453125 0.0359375 0.0375
8 0.084375 0.0421875 0.0234375 0.0265625
8 0.0375 0.0421875 0.025 0.028125
3 0.259375 0.059375 0.0078125 0.015625
3 0.3546875 0.1390625 0.0109375 0.0203125
3 0.3703125 0.2140625 0.0078125 0.0171875
3 0.3375 0.253125 0.009375 0.01875
3 0.0578125 0.9078125 0.0171875 0.015625
3 0.0546875 0.9015625 0.0140625 0.0140625
3 0.05 0.8953125 0.0171875 0.015625
3 0.0453125 0.8890625 0.0171875 0.015625
3 0.040625 0.8828125 0.0140625 0.0140625
3 0.03125 0.871875 0.0171875 0.015625
3 0.24375 0.41875 0.0078125 0.021875
3 0.2453125 0.3765625 0.0109375 0.0234375
3 0.2515625 0.2265625 0.0109375 0.0171875
