0 0.99375 0.0390625 0.1546875 0.1125
0 0.9859375 0.06875 0.121875 0.0859375
0 0.9734375 0.0953125 0.14375 0.1
0 0.9578125 0.1203125 0.14375 0.1
0 0.9359375 0.14375 0.15 0.10625
0 0.921875 0.16875 0.1203125 0.0890625
0 0.9015625 0.1890625 0.14375 0.10625
0 0.8796875 0.2078125 0.1265625 0.0921875
0 0.859375 0.2296875 0.13125 0.1046875
0 0.834375 0.253125 0.1234375 0.1015625
0 0.8234375 0.2875 0.134375 0.1046875
0 0.70625 0.19375 0.1578125 0.1328125
0 0.740625 0.1625 0.1265625 0.0921875
0 0.740625 0.1296875 0.15 0.1046875
0 0.7578125 0.1015625 0.1578125 0.1140625
0 0.7671875 0.071875 0.125 0.0859375
0 0.78125 0.05 0.1234375 0.0875
0 0.7875 0.01875 0.1421875 0.1046875
