8 0.059375 0.35 0.0453125 0.0484375
1 0.6203125 0.3390625 0.115625 0.059375
1 0.496875 0.225 0.1484375 0.078125
1 0.49375 0.2609375 0.2125 0.109375
1 0.3265625 0.203125 0.1359375 0.0796875
1 0.1828125 0.1625 0.1578125 0.0890625
1 0.0484375 0.1140625 0.0953125 0.0515625
1 0.0578125 0.0953125 0.1015625 0.0484375
8 0.2453125 0.4640625 0.0203125 0.0203125
8 0.2078125 0.378125 0.0296875 0.028125
8 0.265625 0.4234375 0.05 0.0484375
8 0.20625 0.4296875 0.0515625 0.0484375
8 0.1390625 0.38125 0.06875 0.0703125
8 0.003125 0.3078125 0.0421875 0.0453125
1 0.89375 0.4265625 0.14375 0.1015625
1 0.99375 0.3640625 0.0609375 0.0421875
1 0.9953125 0.35 0.0546875 0.040625
