8 0.121875 0.490625 0.0453125 0.0484375
1 0.6828125 0.4796875 0.115625 0.059375
1 0.559375 0.365625 0.1484375 0.078125
1 0.55625 0.4015625 0.2125 0.109375
1 0.3890625 0.34375 0.1359375 0.0796875
1 0.2453125 0.303125 0.1578125 0.0890625
1 0.1109375 0.2546875 0.0953125 0.0515625
1 0.1203125 0.2359375 0.1015625 0.0484375
8 0.3078125 0.6046875 0.0203125 0.0203125
8 0.2703125 0.51875 0.0296875 0.028125
8 0.328125 0.5640625 0.05 0.0484375
8 0.26875 0.5703125 0.0515625 0.0484375
8 0.2015625 0.521875 0.06875 0.0703125
8 0.05625 0.5203125 0.0421875 0.0421875
8 0.065625 0.4484375 0.0421875 0.0453125
1 0.0109375 0.1421875 0.1453125 0.0765625
1 0.003125 0.171875 0.1734375 0.084375
1 0.95625 0.5671875 0.14375 0.1015625
