0 0.9921875 0.06875 0.121875 0.0859375
0 0.9796875 0.0953125 0.14375 0.1
0 0.9640625 0.1203125 0.14375 0.1
0 0.9421875 0.14375 0.15 0.10625
0 0.928125 0.16875 0.1203125 0.0890625
0 0.9078125 0.1890625 0.14375 0.10625
0 0.8859375 0.2078125 0.1265625 0.0921875
0 0.865625 0.2296875 0.13125 0.1046875
0 0.840625 0.253125 0.1234375 0.1015625
0 0.8296875 0.2875 0.134375 0.1046875
0 0.7125 0.19375 0.1578125 0.1328125
0 0.746875 0.1625 0.1265625 0.0921875
0 0.746875 0.1296875 0.15 0.1046875
0 0.7640625 0.1015625 0.1578125 0.1140625
0 0.7734375 0.071875 0.125 0.0859375
0 0.7875 0.05 0.1234375 0.0875
0 0.79375 0.01875 0.1421875 0.1046875
