0 0.9671875 0.3140625 0.0890625 0.08125
0 0.9640625 0.0875 0.1890625 0.1984375
0 0.88125 0.2328125 0.1 0.084375
0 0.73125 0.55625 0.0984375 0.078125
0 0.3921875 0.0421875 0.075 0.06875
0 0.4671875 0.1359375 0.0671875 0.05625
0 0.4828125 0.1734375 0.075 0.0703125
0 0.525 0.2453125 0.06875 0.0609375
0 0.5546875 0.26875 0.0703125 0.065625
0 0.621875 0.3671875 0.0625 0.053125
0 0.6453125 0.4 0.1 0.0828125
0 0.7171875 0.0375 0.1015625 0.090625
0 0.7703125 0.0859375 0.084375 0.0859375
0 0.7890625 0.11875 0.0859375 0.0796875
0 0.8125 0.15 0.0984375 0.09375
0 0.8375 0.1796875 0.096875 0.0875
0 0.7625 0.63125 0.1125 0.075
0 0.78125 0.6703125 0.1015625 0.0734375
0 0.8640625 0.8359375 0.0984375 0.06875
0 0.896875 0.86875 0.096875 0.065625
0 0.909375 0.9 0.0765625 0.053125
0 0.9140625 0.9703125 0.084375 0.05
0 0.9546875 0.99375 0.0671875 0.046875
0 0.8 0.7015625 0.0921875 0.06875
0 0.8265625 0.7328125 0.0921875 0.0671875
0 0.825 0.771875 0.0828125 0.0625
0 0.853125 0.8 0.0875 0.0625
