0 0.5203125 0.3 0.1046875 0.0359375
0 0.7125 0.1640625 0.1640625 0.0609375
0 0.725 0.3046875 0.1828125 0.0734375
0 0.6890625 0.2203125 0.1203125 0.04375
0 0.528125 0.028125 0.1328125 0.0453125
0 0.521875 0.15625 0.1234375 0.0453125
0 0.415625 0.3703125 0.0765625 0.0484375
0 0.0140625 0.0390625 0.0953125 0.034375
0 0.0109375 0.0828125 0.0796875 0.03125
0 0.1578125 0.0984375 0.1140625 0.0484375
0 0.1328125 0.1640625 0.0875 0.034375
0 0.0078125 0.159375 0.1078125 0.0390625
0 0.146875 0.2140625 0.109375 0.040625
0 0.1484375 0.284375 0.0984375 0.034375
