0 0.0859375 0.946875 0.05 0.1109375
0 0.14375 0.94375 0.0484375 0.1109375
0 0.246875 0.925 0.0421875 0.096875
0 0.0609375 0.0234375 0.0796875 0.1625
0 0.303125 0.246875 0.0515625 0.1375
0 0.3578125 0.9203125 0.0453125 0.103125
0 0.2796875 0.7171875 0.046875 0.0859375
0 0.0015625 0.6328125 0.0375 0.0953125
0 0.05625 0.6234375 0.0390625 0.0953125
0 0.1640625 0.625 0.0546875 0.096875
0 0.2734375 0.6078125 0.034375 0.084375
0 0.3265625 0.596875 0.04375 0.1
0 0.240625 0.2796875 0.05 0.115625
0 0.0125 0.74375 0.0515625 0.1046875
0 0.0671875 0.7515625 0.05 0.1078125
0 0.0390625 0.4328125 0.040625 0.103125
0 0.1453125 0.4171875 0.04375 0.0984375
0 0.1953125 0.40625 0.046875 0.0859375
0 0.309375 0.4125 0.053125 0.1125
0 0.046875 0.278125 0.053125 0.125
0 0.1125 0.2953125 0.0546875 0.1125
0 0.178125 0.275 0.0515625 0.11875
