0 0.9625 0.9484375 0.078125 0.040625
0 0.9296875 0.9171875 0.0671875 0.0375
0 0.95 0.8796875 0.075 0.0375
0 0.9359375 0.8359375 0.078125 0.04375
0 0.9359375 0.7984375 0.078125 0.034375
0 0.95625 0.5171875 0.0890625 0.04375
0 0.9546875 0.4078125 0.0890625 0.0421875
0 0.9546875 0.3703125 0.09375 0.0453125
0 0.865625 0.065625 0.090625 0.0421875
0 0.875 0.0265625 0.0921875 0.04375
0 0.6046875 0.19375 0.09375 0.0375
0 0.5984375 0.15625 0.0765625 0.034375
0 0.5953125 0.1171875 0.0765625 0.034375
0 0.584375 0.04375 0.084375 0.0453125
0 0.5828125 0.0046875 0.075 0.0375
0 0.5875 0.08125 0.0703125 0.040625
0 0.603125 0.2640625 0.078125 0.034375
0 0.6265625 0.3265625 0.0890625 0.0453125
0 0.6328125 0.4046875 0.0890625 0.0421875
0 0.671875 0.98125 0.0765625 0.0390625
0 0.634375 0.446875 0.084375 0.0375
0 0.6796875 0.94375 0.0890625 0.04375
0 0.6796875 0.9046875 0.09375 0.046875
0 0.671875 0.8703125 0.065625 0.034375
0 0.6640625 0.7109375 0.0640625 0.040625
0 0.6671875 0.66875 0.0703125 0.0328125
0 0.6515625 0.6296875 0.090625 0.0390625
0 0.6515625 0.5921875 0.0859375 0.0421875
0 0.646875 0.5578125 0.075 0.0375
0 0.634375 0.5234375 0.1015625 0.046875
0 0.6328125 0.4828125 0.1 0.04375
