2 0.5296875 0.45625 0.1515625 0.1515625
2 0.6453125 0.340625 0.1484375 0.15
2 0.778125 0.2296875 0.1609375 0.1609375
2 0.8875 0.1109375 0.1375 0.1421875
1 0.8046875 0.2234375 0.0296875 0.0328125
1 0.7203125 0.2125 0.0375 0.040625
1 0.7671875 0.1890625 0.028125 0.0265625
1 0.865625 0.1203125 0.025 0.0296875
1 0.8890625 0.0765625 0.03125 0.0359375
1 0.8765625 0.1375 0.0359375 0.0375
1 0.8875 0.153125 0.040625 0.046875
1 0.9046875 0.159375 0.0296875 0.0296875
1 0.9015625 0.0875 0.034375 0.0390625
1 0.9265625 0.1109375 0.0359375 0.0390625
1 0.825 0.2484375 0.0265625 0.0265625
1 0.778125 0.2 0.0296875 0.0296875
1 0.79375 0.284375 0.025 0.028125
1 0.65625 0.315625 0.0296875 0.028125
1 0.4734375 0.4375 0.0296875 0.0296875
1 0.5875 0.475 0.040625 0.040625
1 0.6125 0.3375 0.0328125 0.034375
1 0.4984375 0.465625 0.0328125 0.0375
1 0.675 0.33125 0.0328125 0.03125
1 0.5375 0.5015625 0.0265625 0.028125
1 0.5703125 0.4671875 0.0328125 0.0328125
3 0.7359375 0.521875 0.0125 0.0171875
1 0.55 0.509375 0.01875 0.025
1 0.6296875 0.2890625 0.0265625 0.028125
1 0.646875 0.3578125 0.0234375 0.021875
1 0.734375 0.221875 0.0296875 0.0265625
1 0.7484375 0.2390625 0.040625 0.0375
1 0.85625 0.109375 0.0265625 0.0296875
3 0.853125 0.5203125 0.0140625 0.015625
3 0.865625 0.5109375 0.0125 0.015625
3 0.8796875 0.5015625 0.0140625 0.01875
3 0.9109375 0.4796875 0.0140625 0.01875
3 0.9984375 0.1515625 0.015625 0.0109375
3 0.9796875 0.165625 0.01875 0.0171875
1 0.490625 0.4515625 0.034375 0.034375
3 0.7296875 0.528125 0.0140625 0.015625
3 0.771875 0.4015625 0.0171875 0.0203125
3 0.5453125 0.653125 0.015625 0.01875
3 0.50625 0.6625 0.0140625 0.0140625
3 0.5125 0.659375 0.01875 0.015625
3 0.5625 0.6015625 0.015625 0.015625
3 0.5671875 0.5953125 0.015625 0.01875
3 0.578125 0.5875 0.0171875 0.015625
3 0.584375 0.5828125 0.0171875 0.015625
3 0.665625 0.4890625 0.0171875 0.0171875
3 0.6734375 0.4765625 0.0171875 0.0171875
3 0.6796875 0.471875 0.015625 0.0171875
3 0.684375 0.4671875 0.0171875 0.0171875
3 0.6890625 0.4609375 0.0140625 0.0171875
3 0.7 0.4515625 0.01875 0.01875
3 0.70625 0.446875 0.0125 0.01875
3 0.7140625 0.4421875 0.0171875 0.0203125
3 0.7375 0.4265625 0.0140625 0.01875
3 0.7453125 0.4234375 0.0125 0.01875
