1 0.0859375 0.1890625 0.075 0.1953125
1 0.15 0.13125 0.04375 0.1015625
1 0.2109375 0.13125 0.0578125 0.115625
1 0.275 0.1265625 0.046875 0.1078125
1 0.34375 0.1125 0.0375 0.1015625
1 0.153125 0.259375 0.0453125 0.0984375
2 0.4921875 0.1578125 0.784375 0.3125
2 0.521875 0.48125 0.7953125 0.29375
2 0.5515625 0.80625 0.790625 0.2765625
1 0.20625 0.25625 0.0484375 0.109375
1 0.2609375 0.25 0.0453125 0.1015625
1 0.315625 0.2421875 0.0515625 0.1078125
1 0.3703125 0.2421875 0.0484375 0.096875
3 0.9984375 0.509375 0.05625 0.03125
1 0.4875 0.8671875 0.040625 0.1015625
1 0.5953125 0.8609375 0.040625 0.10625
1 0.4015625 0.553125 0.0421875 0.090625
1 0.425 0.2375 0.053125 0.1015625
1 0.121875 0.5328125 0.0640625 0.1609375
1 0.1734375 0.4578125 0.040625 0.09375
1 0.2265625 0.453125 0.0453125 0.0921875
1 0.2796875 0.4421875 0.0453125 0.1
1 0.3328125 0.4421875 0.0484375 0.109375
1 0.3890625 0.4359375 0.053125 0.1046875
1 0.1828125 0.5734375 0.04375 0.0890625
1 0.2921875 0.565625 0.0453125 0.096875
1 0.1515625 0.8484375 0.0578125 0.1484375
1 0.296875 0.8734375 0.1796875 0.06875
1 0.43125 0.871875 0.04375 0.1015625
1 0.584375 0.74375 0.05 0.1109375
1 0.6421875 0.740625 0.0484375 0.1109375
1 0.7453125 0.721875 0.0421875 0.096875
1 0.8015625 0.04375 0.0515625 0.1375
1 0.85625 0.7171875 0.0453125 0.103125
1 0.778125 0.5140625 0.046875 0.0859375
1 0.6515625 0.8546875 0.0453125 0.10625
1 0.759375 0.846875 0.0546875 0.10625
1 0.809375 0.83125 0.0390625 0.0703125
1 0.86875 0.8359375 0.0453125 0.1
1 0.446875 0.440625 0.0484375 0.103125
1 0.5 0.4296875 0.0375 0.0953125
1 0.5546875 0.4203125 0.0390625 0.0953125
1 0.6625 0.421875 0.0546875 0.096875
1 0.771875 0.4046875 0.034375 0.084375
1 0.825 0.39375 0.04375 0.1
1 0.45625 0.553125 0.0546875 0.10625
1 0.7390625 0.0765625 0.05 0.115625
1 0.5109375 0.540625 0.0515625 0.1046875
1 0.565625 0.5484375 0.05 0.1078125
1 0.4796875 0.23125 0.0421875 0.090625
1 0.5375 0.2296875 0.040625 0.103125
1 0.64375 0.2140625 0.04375 0.0984375
1 0.69375 0.203125 0.046875 0.0859375
1 0.8078125 0.209375 0.053125 0.1125
1 0.5453125 0.075 0.053125 0.125
1 0.6109375 0.0921875 0.0546875 0.1125
1 0.6765625 0.071875 0.0515625 0.11875
