0 0.096875 0.0 0.0515625 0.1296875
0 0.115625 0.19375 0.06875 0.1765625
0 0.1875 0.165625 0.0609375 0.1453125
0 0.2671875 0.1796875 0.0734375 0.1796875
0 0.340625 0.1578125 0.059375 0.1484375
0 0.4140625 0.15 0.06875 0.1484375
0 0.15 0.5578125 0.0734375 0.1828125
0 0.2359375 0.56875 0.059375 0.1453125
0 0.303125 0.575 0.05 0.121875
0 0.3671875 0.5453125 0.0640625 0.1609375
0 0.2484375 0.746875 0.0640625 0.146875
0 0.3890625 0.725 0.06875 0.1390625
0 0.434375 0.5359375 0.059375 0.1671875
0 0.5484375 0.134375 0.0734375 0.146875
0 0.65625 0.69375 0.0546875 0.1171875
0 0.7234375 0.6953125 0.0609375 0.140625
0 0.7921875 0.6890625 0.0640625 0.134375
0 0.840625 0.6609375 0.0375 0.065625
0 0.50625 0.540625 0.0625 0.14375
0 0.5765625 0.528125 0.0625 0.15625
0 0.6453125 0.5296875 0.0578125 0.1328125
0 0.70625 0.515625 0.0640625 0.1515625
0 0.7796875 0.5046875 0.0578125 0.1609375
0 0.48125 0.1375 0.0609375 0.13125
0 0.5234375 0.7109375 0.0609375 0.1171875
0 0.615625 0.1484375 0.065625 0.175
0 0.6796875 0.125 0.0640625 0.14375
0 0.7515625 0.13125 0.0515625 0.1703125
0 0.5953125 0.7203125 0.0796875 0.1625
0 0.8375 0.94375 0.0515625 0.1375
0 0.775 0.9765625 0.05 0.115625
0 0.58125 0.975 0.053125 0.125
0 0.646875 0.9921875 0.0546875 0.1125
0 0.7125 0.971875 0.0515625 0.11875
