3 0.1015625 0.9796875 0.0171875 0.0078125
3 0.078125 0.9765625 0.0171875 0.0078125
3 0.1296875 0.9859375 0.0171875 0.009375
3 0.1890625 0.99375 0.0203125 0.009375
3 0.2125 0.996875 0.01875 0.0109375
3 0.0046875 0.6421875 0.009375 0.0203125
3 0.2796875 0.0078125 0.021875 0.0140625
3 0.0296875 0.459375 0.0109375 0.01875
3 0.0 0.4890625 0.0109375 0.01875
3 0.721875 0.965625 0.015625 0.009375
3 0.740625 0.9671875 0.01875 0.0109375
3 0.78125 0.9734375 0.01875 0.0109375
3 0.815625 0.978125 0.0171875 0.0078125
3 0.9390625 0.9953125 0.0203125 0.0078125
14 0.590625 0.415625 0.60625 0.36875
