3 0.9328125 0.621875 0.01875 0.015625
3 0.834375 0.2078125 0.0171875 0.015625
3 0.86875 0.2265625 0.01875 0.0171875
3 0.90625 0.1640625 0.01875 0.01875
3 0.9109375 0.178125 0.015625 0.015625
3 0.9140625 0.184375 0.0171875 0.0140625
3 0.91875 0.1921875 0.015625 0.015625
3 0.9234375 0.1984375 0.01875 0.01875
3 0.9265625 0.2046875 0.0171875 0.0140625
3 0.93125 0.215625 0.0234375 0.0140625
3 0.934375 0.234375 0.0234375 0.0203125
3 0.940625 0.24375 0.021875 0.0171875
3 0.9375 0.265625 0.01875 0.0171875
3 0.9453125 0.271875 0.021875 0.01875
3 0.946875 0.278125 0.0171875 0.0140625
3 0.95 0.2859375 0.0203125 0.0171875
3 0.95625 0.2953125 0.0203125 0.0171875
3 0.934375 0.315625 0.0203125 0.01875
3 0.865625 0.453125 0.021875 0.028125
3 0.940625 0.5875 0.01875 0.0171875
3 0.9625 0.6046875 0.021875 0.0171875
3 0.915625 0.6078125 0.0171875 0.0171875
3 0.8375 0.2140625 0.015625 0.015625
3 0.840625 0.221875 0.0171875 0.0140625
3 0.8421875 0.2296875 0.0171875 0.0125
3 0.7453125 0.3203125 0.0203125 0.0171875
3 0.73125 0.265625 0.0203125 0.0140625
3 0.740625 0.28125 0.015625 0.0140625
3 0.7375 0.2734375 0.0171875 0.015625
3 0.7578125 0.253125 0.0171875 0.0140625
3 0.7625 0.259375 0.015625 0.0140625
3 0.7765625 0.2859375 0.01875 0.015625
3 0.7390625 0.3109375 0.0171875 0.0140625
3 0.7546875 0.3015625 0.0140625 0.0109375
3 0.759375 0.3109375 0.0203125 0.0140625
3 0.7828125 0.2984375 0.01875 0.0125
3 0.8484375 0.2375 0.0171875 0.0171875
3 0.796875 0.284375 0.0203125 0.0125
3 0.8109375 0.2671875 0.01875 0.0140625
3 0.8078125 0.2546875 0.01875 0.0140625
3 0.803125 0.2484375 0.0203125 0.015625
3 0.8015625 0.2375 0.01875 0.015625
3 0.853125 0.1984375 0.01875 0.015625
3 0.8546875 0.2078125 0.0171875 0.0140625
3 0.8625 0.21875 0.015625 0.0140625
3 0.853125 0.2484375 0.0171875 0.0125
3 0.9234375 0.6140625 0.0171875 0.0140625
3 0.39375 0.859375 0.015625 0.015625
3 0.725 0.2609375 0.01875 0.0140625
3 0.4 0.86875 0.021875 0.0140625
3 0.5046875 0.8078125 0.01875 0.015625
3 0.428125 0.8421875 0.0203125 0.0140625
3 0.4296875 0.85 0.0171875 0.0125
3 0.4390625 0.8609375 0.0171875 0.015625
3 0.4125 0.8953125 0.01875 0.0140625
3 0.4171875 0.9015625 0.01875 0.01875
3 0.4484375 0.8828125 0.01875 0.01875
3 0.453125 0.8453125 0.015625 0.0140625
3 0.4484375 0.8375 0.0140625 0.015625
3 0.4875 0.815625 0.0203125 0.01875
3 0.5125 0.8203125 0.0203125 0.0140625
3 0.5203125 0.834375 0.01875 0.015625
3 0.503125 0.84375 0.01875 0.015625
3 0.509375 0.8515625 0.0203125 0.0171875
3 0.7171875 0.275 0.0171875 0.0125
3 0.6828125 0.3234375 0.01875 0.0140625
3 0.6875 0.3328125 0.01875 0.0140625
3 0.5828125 0.3640625 0.01875 0.0125
3 0.5875 0.375 0.015625 0.0171875
3 0.5921875 0.3796875 0.0125 0.015625
3 0.596875 0.3875 0.01875 0.0171875
3 0.6203125 0.321875 0.0203125 0.015625
3 0.625 0.33125 0.0203125 0.0171875
3 0.6421875 0.3203125 0.01875 0.015625
3 0.6328125 0.3421875 0.0140625 0.0171875
3 0.6359375 0.35 0.0171875 0.015625
3 0.6453125 0.36875 0.0171875 0.0125
3 0.6609375 0.35625 0.01875 0.0125
3 0.65625 0.3453125 0.015625 0.0125
3 0.653125 0.3390625 0.015625 0.009375
3 0.671875 0.2921875 0.01875 0.0171875
3 0.6875 0.29375 0.01875 0.0125
3 0.675 0.3109375 0.0140625 0.0140625
3 0.6921875 0.3 0.0140625 0.0125
3 0.6796875 0.3171875 0.0140625 0.0125
3 0.6953125 0.309375 0.01875 0.015625
3 0.7 0.3140625 0.0171875 0.0140625
3 0.703125 0.3234375 0.0203125 0.015625
3 0.578125 0.359375 0.0171875 0.015625
3 0.6078125 0.375 0.0171875 0.0171875
3 0.6046875 0.3671875 0.0171875 0.015625
3 0.53125 0.384375 0.0171875 0.015625
3 0.696875 0.2546875 0.0171875 0.015625
3 0.528125 0.3734375 0.01875 0.0171875
3 0.54375 0.3765625 0.0140625 0.0140625
3 0.6015625 0.359375 0.015625 0.0140625
3 0.55 0.3828125 0.0171875 0.0125
3 0.553125 0.390625 0.01875 0.0171875
3 0.559375 0.3984375 0.01875 0.0125
3 0.565625 0.4125 0.0171875 0.0125
3 0.5359375 0.4 0.0171875 0.0140625
3 0.5515625 0.4203125 0.01875 0.0171875
3 0.5734375 0.35 0.0171875 0.015625
3 0.5890625 0.340625 0.0171875 0.0140625
3 0.596875 0.35 0.0140625 0.0140625
3 0.3015625 0.3296875 0.021875 0.01875
3 0.01875 0.9375 0.015625 0.021875
