1 0.465625 0.9953125 0.0125 0.025
1 0.478125 0.984375 0.015625 0.0296875
1 0.5 0.975 0.0171875 0.0296875
1 0.5265625 0.9625 0.0203125 0.025
1 0.5421875 0.9546875 0.01875 0.0296875
1 0.5546875 0.95 0.01875 0.025
1 0.5828125 0.9671875 0.021875 0.0265625
1 0.596875 0.9796875 0.025 0.028125
1 0.603125 0.9921875 0.025 0.0265625
1 0.3875 0.9828125 0.0234375 0.021875
2 0.45 0.9375 0.0953125 0.0890625
2 0.36875 0.9671875 0.04375 0.03125
1 0.184375 0.8703125 0.0421875 0.034375
3 0.796875 0.8984375 0.01875 0.0125
3 0.8078125 0.9328125 0.0171875 0.0140625
3 0.8125 0.946875 0.0203125 0.0140625
3 0.9375 0.9640625 0.0078125 0.0171875
3 0.9984375 0.940625 0.009375 0.015625
3 0.7671875 0.9734375 0.01875 0.0125
3 0.78125 0.9515625 0.01875 0.0109375
3 0.7734375 0.9390625 0.015625 0.0109375
3 0.7546875 0.9390625 0.015625 0.0125
3 0.721875 0.9375 0.0171875 0.0125
3 0.7328125 0.971875 0.0203125 0.0125
3 0.696875 0.9578125 0.021875 0.0203125
1 0.671875 0.96875 0.0296875 0.015625
1 0.5859375 0.996875 0.021875 0.025
3 0.8484375 0.8890625 0.015625 0.0125
