3 0.003125 0.2171875 0.053125 0.03125
3 0.0234375 0.2484375 0.0609375 0.028125
3 0.1671875 0.4609375 0.05 0.0546875
3 0.2171875 0.7765625 0.0578125 0.0625
3 0.128125 0.66875 0.05625 0.0640625
3 0.071875 0.909375 0.059375 0.0328125
3 0.2953125 0.271875 0.04375 0.05625
3 0.446875 0.1984375 0.05625 0.021875
3 0.33125 0.25 0.0484375 0.0609375
3 0.459375 0.46875 0.0484375 0.065625
1 0.2875 0.3265625 0.0546875 0.053125
3 0.4109375 0.4140625 0.040625 0.053125
3 0.434375 0.44375 0.040625 0.0609375
3 0.4859375 0.4953125 0.046875 0.065625
3 0.475 0.2265625 0.0546875 0.0265625
3 0.5296875 0.546875 0.0546875 0.0734375
3 0.578125 0.4109375 0.0578125 0.0265625
3 0.565625 0.378125 0.05625 0.0234375
3 0.553125 0.34375 0.05625 0.0234375
3 0.51875 0.2875 0.0546875 0.0265625
3 0.5015625 0.2546875 0.0546875 0.025
