0 0.034375 0.075 0.0453125 0.0984375
0 0.2921875 0.9015625 0.2640625 0.08125
0 0.0875 0.071875 0.0484375 0.109375
0 0.1421875 0.065625 0.0453125 0.1015625
0 0.196875 0.0578125 0.0515625 0.1078125
0 0.2515625 0.0578125 0.0484375 0.096875
0 0.6609375 0.85625 0.0390625 0.090625
0 0.76875 0.8484375 0.0390625 0.0953125
0 0.36875 0.6828125 0.040625 0.1015625
0 0.4765625 0.6765625 0.040625 0.10625
0 0.2828125 0.36875 0.0421875 0.090625
0 0.30625 0.053125 0.053125 0.1015625
0 0.003125 0.3484375 0.0640625 0.1609375
0 0.0546875 0.2734375 0.040625 0.09375
0 0.1078125 0.26875 0.0453125 0.0921875
0 0.1609375 0.2578125 0.0453125 0.1
0 0.2140625 0.2578125 0.0484375 0.109375
0 0.2703125 0.2515625 0.053125 0.1046875
0 0.0640625 0.3890625 0.04375 0.0890625
0 0.1734375 0.38125 0.0453125 0.096875
0 0.0328125 0.6640625 0.0578125 0.1484375
0 0.178125 0.6890625 0.1796875 0.06875
0 0.3125 0.6875 0.04375 0.1015625
0 0.465625 0.559375 0.05 0.1109375
0 0.5234375 0.55625 0.0484375 0.1109375
0 0.6265625 0.5375 0.0421875 0.096875
0 0.7375 0.5328125 0.0453125 0.103125
0 0.659375 0.3296875 0.046875 0.0859375
0 0.5328125 0.6703125 0.0453125 0.10625
0 0.640625 0.6625 0.0546875 0.10625
0 0.690625 0.646875 0.0390625 0.0703125
0 0.75 0.6515625 0.0453125 0.1
0 0.328125 0.25625 0.0484375 0.103125
0 0.38125 0.2453125 0.0375 0.0953125
0 0.4359375 0.2359375 0.0390625 0.0953125
0 0.54375 0.2375 0.0546875 0.096875
0 0.653125 0.2203125 0.034375 0.084375
0 0.70625 0.209375 0.04375 0.1
0 0.3375 0.36875 0.0546875 0.10625
0 0.3921875 0.35625 0.0515625 0.1046875
0 0.446875 0.3640625 0.05 0.1078125
0 0.3609375 0.046875 0.0421875 0.090625
0 0.41875 0.0453125 0.040625 0.103125
0 0.525 0.0296875 0.04375 0.0984375
0 0.575 0.01875 0.046875 0.0859375
0 0.6890625 0.025 0.053125 0.1125
