0 0.021875 0.628125 0.0546875 0.053125
0 0.5 0.1671875 0.10625 0.04375
0 0.515625 0.0046875 0.0953125 0.0421875
0 0.3828125 0.0 0.084375 0.034375
0 0.378125 0.0609375 0.078125 0.0328125
0 0.38125 0.115625 0.0984375 0.05625
0 0.503125 0.1109375 0.0890625 0.0375
0 0.3828125 0.1671875 0.08125 0.034375
0 0.496875 0.2203125 0.0796875 0.034375
0 0.3703125 0.2734375 0.103125 0.0421875
0 0.8234375 0.046875 0.0953125 0.034375
0 0.7875 0.284375 0.1109375 0.0421875
0 0.8203125 0.090625 0.0796875 0.03125
0 0.9671875 0.10625 0.1140625 0.0484375
0 0.9421875 0.171875 0.0875 0.034375
0 0.8171875 0.1671875 0.1078125 0.0390625
0 0.796875 0.228125 0.128125 0.053125
0 0.95625 0.221875 0.109375 0.040625
0 0.9578125 0.2921875 0.0984375 0.034375
