0 0.196875 0.9234375 0.0546875 0.053125
0 0.9828125 0.0953125 0.121875 0.0390625
0 0.9984375 0.146875 0.1015625 0.04375
0 0.675 0.4625 0.10625 0.04375
0 0.5640625 0.25 0.08125 0.034375
0 0.690625 0.3 0.0953125 0.0421875
0 0.5578125 0.2953125 0.084375 0.034375
0 0.553125 0.35625 0.078125 0.0328125
0 0.55625 0.4109375 0.0984375 0.05625
0 0.678125 0.40625 0.0890625 0.0375
0 0.5578125 0.4625 0.08125 0.034375
0 0.6984375 0.196875 0.1046875 0.0375
0 0.671875 0.515625 0.0796875 0.034375
0 0.5453125 0.56875 0.103125 0.0421875
0 0.6859375 0.246875 0.103125 0.0390625
0 0.6828125 0.14375 0.1015625 0.0453125
0 0.9984375 0.3421875 0.0953125 0.034375
0 0.9625 0.5796875 0.1109375 0.0421875
0 0.9953125 0.3859375 0.0796875 0.03125
0 0.9921875 0.4625 0.1078125 0.0390625
0 0.971875 0.5234375 0.128125 0.053125
0 0.5625 0.1359375 0.0953125 0.05
0 0.6453125 0.0 0.03125 0.0765625
0 0.6890625 0.0828125 0.0953125 0.0375
0 0.5625 0.084375 0.0921875 0.0390625
