0 0.53125 0.175 0.034375 0.096875
0 0.7140625 0.6390625 0.10625 0.04375
0 0.603125 0.4265625 0.08125 0.034375
0 0.7296875 0.4765625 0.0953125 0.0421875
0 0.596875 0.471875 0.084375 0.034375
0 0.5921875 0.5328125 0.078125 0.0328125
0 0.5953125 0.5875 0.0984375 0.05625
0 0.7171875 0.5828125 0.0890625 0.0375
0 0.596875 0.6390625 0.08125 0.034375
0 0.7375 0.3734375 0.1046875 0.0375
0 0.7109375 0.6921875 0.0796875 0.034375
0 0.584375 0.7453125 0.103125 0.0421875
0 0.725 0.4234375 0.103125 0.0390625
0 0.721875 0.3203125 0.1015625 0.0453125
0 0.6015625 0.3125 0.0953125 0.05
0 0.58125 0.1671875 0.0328125 0.096875
0 0.63125 0.1515625 0.040625 0.1140625
0 0.684375 0.1765625 0.03125 0.0765625
0 0.7421875 0.1515625 0.0375 0.103125
0 0.728125 0.259375 0.0953125 0.0375
0 0.6015625 0.2609375 0.0921875 0.0390625
