0 0.7203125 0.99375 0.0671875 0.0375
0 0.740625 0.95625 0.075 0.0375
0 0.7265625 0.9125 0.078125 0.04375
0 0.7265625 0.875 0.078125 0.034375
0 0.975 0.6828125 0.034375 0.0796875
0 0.746875 0.59375 0.0890625 0.04375
0 0.7453125 0.484375 0.0890625 0.0421875
0 0.7453125 0.446875 0.09375 0.0453125
0 0.965625 0.4359375 0.0640625 0.0703125
0 0.65625 0.1421875 0.090625 0.0421875
0 0.665625 0.103125 0.0921875 0.04375
0 0.6578125 0.03125 0.071875 0.04375
0 0.6453125 0.0 0.075 0.040625
0 0.3953125 0.2703125 0.09375 0.0375
0 0.3890625 0.2328125 0.0765625 0.034375
0 0.3859375 0.19375 0.0765625 0.034375
0 0.3765625 0.0421875 0.065625 0.03125
0 0.375 0.1203125 0.084375 0.0453125
0 0.3734375 0.08125 0.075 0.0375
0 0.378125 0.1578125 0.0703125 0.040625
0 0.39375 0.340625 0.078125 0.034375
0 0.4171875 0.403125 0.0890625 0.0453125
0 0.4234375 0.48125 0.0890625 0.0421875
0 0.425 0.5234375 0.084375 0.0375
0 0.4703125 0.98125 0.09375 0.046875
0 0.4625 0.946875 0.065625 0.034375
0 0.4546875 0.7875 0.0640625 0.040625
0 0.4578125 0.7453125 0.0703125 0.0328125
0 0.4421875 0.70625 0.090625 0.0390625
0 0.4421875 0.66875 0.0859375 0.0421875
0 0.4375 0.634375 0.075 0.0375
0 0.425 0.6 0.1015625 0.046875
0 0.4234375 0.559375 0.1 0.04375
