3 0.4765625 0.16875 0.0171875 0.0171875
3 0.6875 0.0609375 0.0125 0.015625
3 0.7109375 0.0484375 0.0125 0.015625
3 0.7234375 0.0640625 0.0125 0.015625
3 0.7296875 0.059375 0.0171875 0.01875
3 0.7078125 0.0703125 0.0140625 0.01875
3 0.696875 0.0765625 0.0171875 0.0203125
3 0.740625 0.0921875 0.015625 0.015625
3 0.7296875 0.1015625 0.015625 0.021875
3 0.71875 0.1046875 0.0171875 0.0203125
3 0.7109375 0.1109375 0.01875 0.021875
3 0.6984375 0.1171875 0.0171875 0.0203125
3 0.6921875 0.1234375 0.015625 0.015625
3 0.6875 0.128125 0.0203125 0.0171875
3 0.6765625 0.1328125 0.0140625 0.01875
3 0.6703125 0.1375 0.0140625 0.01875
3 0.6609375 0.140625 0.015625 0.0203125
3 0.65 0.1484375 0.0171875 0.0203125
3 0.640625 0.1546875 0.0171875 0.0203125
3 0.7609375 0.2828125 0.0171875 0.015625
3 0.7671875 0.2921875 0.0171875 0.015625
3 0.7859375 0.303125 0.0234375 0.0171875
3 0.715625 0.0671875 0.0140625 0.015625
3 0.690625 0.0828125 0.015625 0.015625
3 0.678125 0.0890625 0.0171875 0.0203125
3 0.684375 0.021875 0.0140625 0.01875
3 0.65 0.04375 0.015625 0.0203125
3 0.6625 0.034375 0.015625 0.01875
3 0.6296875 0.0578125 0.0171875 0.015625
3 0.69375 0.015625 0.0140625 0.0171875
3 0.66875 0.0953125 0.0140625 0.0203125
3 0.7046875 0.0109375 0.0140625 0.0171875
3 0.6703125 0.071875 0.015625 0.01875
3 0.6328125 0.096875 0.0140625 0.01875
3 0.5984375 0.1171875 0.0125 0.015625
3 0.61875 0.1265625 0.0171875 0.01875
3 0.6265625 0.121875 0.015625 0.0234375
3 0.6453125 0.109375 0.0125 0.015625
3 0.6546875 0.103125 0.0125 0.0171875
3 0.6609375 0.1 0.015625 0.01875
3 0.8515625 0.4625 0.015625 0.015625
