1 0.7484375 0.1125 0.1875 0.5265625
3 0.3546875 0.8140625 0.0203125 0.021875
3 0.025 0.6234375 0.0203125 0.0171875
3 0.078125 0.3671875 0.0234375 0.0125
3 0.0328125 0.25 0.015625 0.01875
3 0.0421875 0.2515625 0.015625 0.01875
3 0.0546875 0.2515625 0.0125 0.0171875
3 0.0625 0.253125 0.0171875 0.021875
3 0.071875 0.2578125 0.015625 0.01875
3 0.08125 0.2578125 0.015625 0.0203125
3 0.0921875 0.2609375 0.0109375 0.0171875
3 0.1046875 0.2625 0.0109375 0.0171875
3 0.1328125 0.2640625 0.0171875 0.01875
3 0.1265625 0.2890625 0.0171875 0.00625
3 0.0109375 0.290625 0.0109375 0.0203125
3 0.0203125 0.290625 0.0125 0.015625
3 0.0 0.33125 0.0125 0.01875
3 0.01875 0.3359375 0.0109375 0.01875
3 0.0265625 0.334375 0.009375 0.0171875
3 0.0453125 0.340625 0.009375 0.0203125
3 0.0546875 0.34375 0.0125 0.01875
3 0.0625 0.34375 0.0109375 0.01875
3 0.071875 0.34375 0.009375 0.0203125
