0 0.990625 0.328125 0.071875 0.0359375
0 0.990625 0.4296875 0.075 0.040625
0 0.984375 0.365625 0.0921875 0.0453125
0 0.9796875 0.2578125 0.0953125 0.0453125
0 0.9609375 0.1859375 0.0875 0.0421875
0 0.9625 0.115625 0.08125 0.046875
0 0.953125 0.071875 0.0921875 0.0484375
0 0.9546875 0.0078125 0.084375 0.0453125
0 0.740625 0.7 0.09375 0.0375
0 0.734375 0.6625 0.0765625 0.034375
0 0.73125 0.6234375 0.0765625 0.034375
0 0.721875 0.471875 0.065625 0.03125
0 0.7203125 0.55 0.084375 0.0453125
0 0.71875 0.5109375 0.075 0.0375
0 0.7234375 0.5875 0.0703125 0.040625
0 0.6875 0.328125 0.0734375 0.0359375
0 0.69375 0.2875 0.0703125 0.040625
0 0.6875 0.2546875 0.06875 0.03125
0 0.6796875 0.2234375 0.071875 0.034375
0 0.6828125 0.184375 0.1046875 0.0359375
0 0.6796875 0.1140625 0.078125 0.0484375
0 0.675 0.08125 0.0703125 0.0421875
0 0.66875 0.0140625 0.09375 0.0515625
0 0.7390625 0.7703125 0.078125 0.034375
0 0.7625 0.8328125 0.0890625 0.0453125
0 0.76875 0.9109375 0.0890625 0.0421875
0 0.7703125 0.953125 0.084375 0.0375
0 0.76875 0.9890625 0.1 0.04375
