2 0.5453125 0.5375 0.1515625 0.1515625
2 0.6609375 0.421875 0.1484375 0.15
2 0.79375 0.3109375 0.1609375 0.1609375
2 0.903125 0.1921875 0.1375 0.1421875
1 0.8203125 0.3046875 0.0296875 0.0328125
1 0.7359375 0.29375 0.0375 0.040625
1 0.7828125 0.2703125 0.028125 0.0265625
1 0.88125 0.2015625 0.025 0.0296875
1 0.9046875 0.1578125 0.03125 0.0359375
1 0.8921875 0.21875 0.0359375 0.0375
1 0.903125 0.234375 0.040625 0.046875
1 0.9203125 0.240625 0.0296875 0.0296875
1 0.9171875 0.16875 0.034375 0.0390625
1 0.9421875 0.1921875 0.0359375 0.0390625
1 0.978125 0.0234375 0.05 0.0515625
1 0.990625 0.071875 0.0453125 0.046875
1 0.840625 0.3296875 0.0265625 0.0265625
1 0.79375 0.28125 0.0296875 0.0296875
1 0.809375 0.365625 0.025 0.028125
1 0.671875 0.396875 0.0296875 0.028125
1 0.4890625 0.51875 0.0296875 0.0296875
1 0.603125 0.55625 0.040625 0.040625
1 0.628125 0.41875 0.0328125 0.034375
1 0.5140625 0.546875 0.0328125 0.0375
1 0.690625 0.4125 0.0328125 0.03125
1 0.553125 0.5828125 0.0265625 0.028125
1 0.5859375 0.5484375 0.0328125 0.0328125
3 0.7515625 0.603125 0.0125 0.0171875
1 0.565625 0.590625 0.01875 0.025
1 0.6453125 0.3703125 0.0265625 0.028125
1 0.6625 0.4390625 0.0234375 0.021875
1 0.75 0.303125 0.0296875 0.0265625
1 0.7640625 0.3203125 0.040625 0.0375
1 0.871875 0.190625 0.0265625 0.0296875
3 0.86875 0.6015625 0.0140625 0.015625
3 0.88125 0.5921875 0.0125 0.015625
3 0.8953125 0.5828125 0.0140625 0.01875
3 0.9265625 0.5609375 0.0140625 0.01875
3 0.9953125 0.246875 0.01875 0.0171875
1 0.50625 0.5328125 0.034375 0.034375
3 0.7453125 0.609375 0.0140625 0.015625
3 0.7875 0.4828125 0.0171875 0.0203125
3 0.5609375 0.734375 0.015625 0.01875
3 0.521875 0.74375 0.0140625 0.0140625
3 0.528125 0.740625 0.01875 0.015625
3 0.578125 0.6828125 0.015625 0.015625
3 0.5828125 0.6765625 0.015625 0.01875
3 0.59375 0.66875 0.0171875 0.015625
3 0.6 0.6640625 0.0171875 0.015625
3 0.68125 0.5703125 0.0171875 0.0171875
3 0.6890625 0.5578125 0.0171875 0.0171875
3 0.6953125 0.553125 0.015625 0.0171875
3 0.7 0.5484375 0.0171875 0.0171875
3 0.7046875 0.5421875 0.0140625 0.0171875
3 0.715625 0.5328125 0.01875 0.01875
3 0.721875 0.528125 0.0125 0.01875
3 0.7296875 0.5234375 0.0171875 0.0203125
3 0.753125 0.5078125 0.0140625 0.01875
3 0.7609375 0.5046875 0.0125 0.01875
