0 0.7078125 0.3828125 0.0515625 0.1296875
0 0.784375 0.3796875 0.0515625 0.1375
0 0.8609375 0.3703125 0.053125 0.14375
0 0.9328125 0.36875 0.0546875 0.128125
0 0.7265625 0.5765625 0.06875 0.1765625
0 0.7984375 0.5484375 0.0609375 0.1453125
0 0.878125 0.5625 0.0734375 0.1796875
0 0.9515625 0.540625 0.059375 0.1484375
0 0.7609375 0.940625 0.0734375 0.1828125
0 0.846875 0.9515625 0.059375 0.1453125
0 0.9140625 0.9578125 0.05 0.121875
0 0.978125 0.928125 0.0640625 0.1609375
0 0.790625 0.0828125 0.10625 0.14375
0 0.740625 0.0453125 0.1078125 0.1390625
0 0.25 0.74375 0.05 0.1359375
0 0.0875 0.9984375 0.084375 0.0453125
0 0.290625 0.925 0.0359375 0.071875
0 0.0796875 0.9640625 0.0953125 0.0546875
0 0.334375 0.9109375 0.0328125 0.06875
0 0.0609375 0.9265625 0.0859375 0.0453125
0 0.321875 0.8203125 0.0453125 0.1
0 0.284375 0.8390625 0.046875 0.1
0 0.4140625 0.8578125 0.065625 0.171875
0 0.0796875 0.5953125 0.1265625 0.09375
0 0.284375 0.603125 0.1421875 0.0875
0 0.3765625 0.6 0.03125 0.065625
