0 0.790625 0.91875 0.06875 0.1765625
0 0.559375 0.9546875 0.0671875 0.15
0 0.640625 0.9515625 0.0484375 0.140625
0 0.715625 0.9265625 0.06875 0.1703125
0 0.8734375 0.915625 0.0640625 0.1515625
0 0.4 0.9640625 0.06875 0.1828125
0 0.953125 0.9046875 0.0671875 0.1546875
0 0.484375 0.9625 0.059375 0.1484375
0 0.3234375 0.98125 0.0609375 0.1390625
0 0.2390625 0.975 0.0703125 0.1953125
0 0.146875 0.371875 0.065625 0.146875
0 0.44375 0.5234375 0.053125 0.0984375
0 0.378125 0.521875 0.0484375 0.1171875
0 0.3015625 0.53125 0.0578125 0.1375
0 0.2375 0.5484375 0.06875 0.1640625
0 0.1640625 0.553125 0.0609375 0.1484375
0 0.28125 0.3578125 0.0578125 0.15
0 0.2203125 0.3671875 0.0640625 0.1390625
0 0.1 0.5625 0.0515625 0.121875
0 0.5796875 0.4984375 0.0515625 0.1453125
0 0.028125 0.56875 0.0421875 0.1203125
0 0.065625 0.38125 0.05625 0.1484375
0 0.50625 0.5125 0.0625 0.1234375
0 0.653125 0.484375 0.05625 0.1375
0 0.9078125 0.284375 0.05625 0.13125
0 0.9921875 0.4453125 0.0609375 0.13125
0 0.9640625 0.284375 0.0484375 0.1265625
0 0.91875 0.4609375 0.0625 0.153125
0 0.3515625 0.3484375 0.0609375 0.1515625
0 0.8578125 0.465625 0.0546875 0.1234375
0 0.8390625 0.30625 0.0421875 0.1140625
0 0.7671875 0.303125 0.05625 0.1421875
0 0.7171875 0.471875 0.0625 0.1265625
0 0.6265625 0.3265625 0.0578125 0.134375
0 0.4921875 0.340625 0.0640625 0.1359375
0 0.4265625 0.340625 0.0625 0.153125
0 0.21875 0.015625 0.05 0.125
0 0.159375 0.0125 0.040625 0.11875
0 0.1015625 0.015625 0.040625 0.0828125
0 0.78125 0.478125 0.0640625 0.1265625
0 0.7015625 0.3015625 0.0828125 0.171875
