1 0.534375 0.54375 0.0625 0.0609375
1 0.6453125 0.7765625 0.0515625 0.0765625
1 0.4421875 0.6203125 0.071875 0.0640625
1 0.453125 0.6734375 0.05625 0.0625
1 0.4796875 0.7140625 0.0734375 0.0609375
1 0.5109375 0.7453125 0.0515625 0.059375
1 0.0703125 0.496875 0.053125 0.071875
1 0.171875 0.3109375 0.0609375 0.06875
1 0.13125 0.2859375 0.053125 0.06875
1 0.05 0.3078125 0.0671875 0.0609375
2 0.7375 0.6421875 0.1078125 0.059375
2 0.5421875 0.475 0.184375 0.2203125
2 0.1625 0.275 0.04375 0.0578125
2 0.0328125 0.51875 0.0359375 0.0640625
1 0.5546875 0.575 0.065625 0.0703125
1 0.41875 0.58125 0.0625 0.05625
1 0.40625 0.540625 0.065625 0.059375
1 0.8546875 0.9359375 0.0546875 0.065625
1 0.8234375 0.903125 0.0625 0.08125
1 0.7890625 0.8828125 0.0328125 0.065625
1 0.9703125 0.8234375 0.059375 0.0734375
1 0.9296875 0.796875 0.059375 0.0765625
1 0.8859375 0.778125 0.05 0.0609375
1 0.85 0.7953125 0.034375 0.0578125
1 0.8125 0.7921875 0.040625 0.0703125
1 0.7375 0.7078125 0.046875 0.0671875
1 0.7109375 0.690625 0.0484375 0.06875
1 0.68125 0.6796875 0.046875 0.0671875
1 0.903125 0.3375 0.05625 0.0609375
1 0.834375 0.2984375 0.0734375 0.06875
1 0.8109375 0.2078125 0.05 0.065625
1 0.5640625 0.08125 0.0578125 0.06875
1 0.4359375 0.425 0.0609375 0.0578125
1 0.4609375 0.459375 0.0625 0.059375
1 0.4859375 0.4828125 0.0609375 0.0546875
1 0.5078125 0.5109375 0.0625 0.0609375
