0 0.4171875 0.6265625 0.0625 0.0609375
0 0.528125 0.859375 0.0515625 0.0765625
0 0.325 0.703125 0.071875 0.0640625
0 0.3359375 0.75625 0.05625 0.0625
0 0.3625 0.796875 0.0734375 0.0609375
0 0.39375 0.828125 0.0515625 0.059375
0 0.0546875 0.39375 0.0609375 0.06875
0 0.0140625 0.36875 0.053125 0.06875
0 0.4375 0.6578125 0.065625 0.0703125
0 0.3015625 0.6640625 0.0625 0.05625
0 0.2890625 0.6234375 0.065625 0.059375
0 0.70625 0.9859375 0.0625 0.08125
0 0.671875 0.965625 0.0328125 0.065625
0 0.90625 0.9203125 0.05625 0.075
0 0.853125 0.90625 0.059375 0.0734375
0 0.8125 0.8796875 0.059375 0.0765625
0 0.76875 0.8609375 0.05 0.0609375
0 0.7328125 0.878125 0.034375 0.0578125
0 0.6953125 0.875 0.040625 0.0703125
0 0.6203125 0.790625 0.046875 0.0671875
0 0.59375 0.7734375 0.0484375 0.06875
0 0.5640625 0.7625 0.046875 0.0671875
0 0.7859375 0.4203125 0.05625 0.0609375
0 0.7171875 0.38125 0.0734375 0.06875
0 0.69375 0.290625 0.05 0.065625
0 0.421875 0.0 0.0421875 0.0640625
0 0.0953125 0.0625 0.0546875 0.0671875
0 0.446875 0.1640625 0.0578125 0.06875
0 0.31875 0.5078125 0.0609375 0.0578125
0 0.34375 0.5421875 0.0625 0.059375
0 0.36875 0.565625 0.0609375 0.0546875
0 0.390625 0.59375 0.0625 0.0609375
