1 0.7734375 0.4515625 0.0625 0.0609375
1 0.884375 0.684375 0.0515625 0.0765625
1 0.68125 0.528125 0.071875 0.0640625
1 0.6921875 0.58125 0.05625 0.0625
1 0.71875 0.621875 0.0734375 0.0609375
1 0.75 0.653125 0.0515625 0.059375
1 0.309375 0.4046875 0.053125 0.071875
1 0.23125 0.3921875 0.0515625 0.065625
1 0.1875 0.365625 0.0375 0.0609375
1 0.146875 0.334375 0.053125 0.065625
1 0.0921875 0.3140625 0.0515625 0.071875
1 0.4109375 0.21875 0.0609375 0.06875
1 0.3703125 0.19375 0.053125 0.06875
1 0.2890625 0.215625 0.0671875 0.0609375
1 0.1546875 0.165625 0.0609375 0.0625
1 0.0890625 0.121875 0.0671875 0.059375
1 0.009375 0.0625 0.0671875 0.059375
2 0.9765625 0.55 0.1078125 0.059375
2 0.78125 0.3828125 0.184375 0.2203125
2 0.4015625 0.1828125 0.04375 0.0578125
2 0.271875 0.4265625 0.0359375 0.0640625
2 0.203125 0.3890625 0.0375 0.0671875
2 0.1125 0.3484375 0.0484375 0.0765625
1 0.79375 0.4828125 0.065625 0.0703125
1 0.6578125 0.4890625 0.0625 0.05625
1 0.6453125 0.4484375 0.065625 0.059375
1 0.9765625 0.615625 0.046875 0.0671875
1 0.95 0.5984375 0.0484375 0.06875
1 0.9203125 0.5875 0.046875 0.0671875
1 0.675 0.3328125 0.0609375 0.0578125
1 0.7 0.3671875 0.0625 0.059375
1 0.725 0.390625 0.0609375 0.0546875
1 0.746875 0.41875 0.0625 0.0609375
2 0.0 0.3109375 0.040625 0.0546875
