3 0.6953125 0.121875 0.0515625 0.0484375
3 0.8234375 0.9078125 0.0484375 0.05
3 0.0703125 0.5984375 0.05625 0.0515625
3 0.01875 0.778125 0.0578125 0.0484375
3 0.121875 0.8546875 0.0546875 0.0453125
3 0.1796875 0.615625 0.05625 0.05
3 0.759375 0.9359375 0.0515625 0.0578125
3 0.5296875 0.7171875 0.0546875 0.053125
3 0.34375 0.4984375 0.059375 0.053125
3 0.1 0.9140625 0.0515625 0.059375
1 0.85 0.440625 0.0765625 0.078125
1 0.8734375 0.4703125 0.0578125 0.053125
1 0.903125 0.4984375 0.0890625 0.096875
1 0.9609375 0.54375 0.0765625 0.065625
1 0.98125 0.5796875 0.0765625 0.06875
