0 0.1703125 0.7296875 0.0484375 0.0828125
0 0.2234375 0.725 0.0375 0.08125
0 0.284375 0.7359375 0.0375 0.0984375
0 0.353125 0.734375 0.04375 0.0984375
0 0.41875 0.734375 0.03125 0.0890625
0 0.4765625 0.75 0.0390625 0.1140625
0 0.9 0.0734375 0.0640625 0.0828125
0 0.9453125 0.0796875 0.0640625 0.0984375
0 0.99375 0.1015625 0.059375 0.0796875
0 0.4796875 0.59375 0.0546875 0.1078125
0 0.4203125 0.5890625 0.0421875 0.0953125
0 0.5609375 0.590625 0.0390625 0.0890625
0 0.828125 0.7546875 0.0484375 0.10625
0 0.9640625 0.765625 0.0546875 0.15
0 0.896875 0.7640625 0.034375 0.1125
0 0.75625 0.740625 0.05 0.134375
0 0.628125 0.5953125 0.0515625 0.109375
0 0.6859375 0.75 0.0578125 0.1234375
0 0.6203125 0.7359375 0.053125 0.109375
0 0.5578125 0.7390625 0.040625 0.0984375
0 0.965625 0.584375 0.04375 0.1125
0 0.896875 0.58125 0.0421875 0.1140625
0 0.83125 0.5953125 0.053125 0.1125
0 0.7609375 0.596875 0.0359375 0.084375
0 0.696875 0.5953125 0.04375 0.0984375
