0 0.8453125 0.71875 0.0515625 0.0765625
0 0.6421875 0.5625 0.071875 0.0640625
0 0.653125 0.615625 0.05625 0.0625
0 0.6796875 0.65625 0.0734375 0.0609375
0 0.7109375 0.6875 0.0515625 0.059375
0 0.2703125 0.4390625 0.053125 0.071875
0 0.1921875 0.4265625 0.0515625 0.065625
0 0.1484375 0.4 0.0375 0.0609375
0 0.1078125 0.36875 0.053125 0.065625
0 0.053125 0.3484375 0.0515625 0.071875
0 0.371875 0.253125 0.0609375 0.06875
0 0.33125 0.228125 0.053125 0.06875
0 0.25 0.25 0.0671875 0.0609375
0 0.115625 0.2 0.0609375 0.0625
0 0.05 0.15625 0.0671875 0.059375
0 0.7546875 0.5171875 0.065625 0.0703125
0 0.61875 0.5234375 0.0625 0.05625
0 0.60625 0.4828125 0.065625 0.059375
0 0.9890625 0.825 0.0328125 0.065625
0 0.9375 0.65 0.046875 0.0671875
0 0.9109375 0.6328125 0.0484375 0.06875
0 0.88125 0.621875 0.046875 0.0671875
0 0.7640625 0.0234375 0.0578125 0.06875
0 0.6359375 0.3671875 0.0609375 0.0578125
0 0.6609375 0.4015625 0.0625 0.059375
0 0.6859375 0.425 0.0609375 0.0546875
0 0.7078125 0.453125 0.0625 0.0609375
