3 0.1875 0.28125 0.053125 0.0375
3 0.209375 0.7203125 0.0703125 0.0515625
3 0.221875 0.6375 0.053125 0.034375
3 0.015625 0.1359375 0.0609375 0.0296875
3 0.1234375 0.9015625 0.059375 0.0453125
3 0.028125 0.265625 0.05625 0.028125
3 0.15 0.84375 0.0609375 0.046875
3 0.1046875 0.965625 0.06875 0.05
3 0.1921875 0.346875 0.0546875 0.03125
3 0.18125 0.209375 0.0625 0.0359375
4 0.0078125 0.0375 0.0609375 0.0265625
4 0.021875 0.203125 0.0625 0.0359375
3 0.1734375 0.1484375 0.0640625 0.0359375
3 0.1609375 0.0828125 0.0515625 0.034375
3 0.1515625 0.021875 0.065625 0.0375
