0 0.6796875 0.6296875 0.1 0.0640625
0 0.66875 0.9359375 0.096875 0.0546875
0 0.6640625 0.90625 0.1 0.05625
0 0.6515625 0.871875 0.0921875 0.0609375
0 0.646875 0.8453125 0.0859375 0.0390625
0 0.6515625 0.809375 0.09375 0.0484375
0 0.653125 0.775 0.0984375 0.053125
0 0.65 0.7375 0.0984375 0.0359375
0 0.6625 0.6984375 0.1140625 0.0640625
0 0.6890625 0.5984375 0.109375 0.0640625
0 0.8046875 0.515625 0.0984375 0.084375
0 0.8 0.465625 0.1109375 0.0796875
0 0.8390625 0.9375 0.0578125 0.09375
0 0.871875 0.9546875 0.0515625 0.0671875
0 0.9015625 0.9640625 0.0453125 0.0875
0 0.95 0.9875 0.053125 0.078125
0 0.9859375 0.9984375 0.0484375 0.0640625
0 0.9234375 0.7640625 0.05625 0.084375
0 0.959375 0.7828125 0.05625 0.090625
