0 0.0296875 0.753125 0.0609375 0.06875
0 0.2640625 0.9828125 0.065625 0.059375
0 0.9796875 0.7953125 0.0375 0.0640625
0 0.7609375 0.7796875 0.05625 0.0609375
0 0.6921875 0.740625 0.0734375 0.06875
0 0.66875 0.65 0.05 0.065625
0 0.396875 0.359375 0.0421875 0.0640625
0 0.4296875 0.309375 0.034375 0.0625
0 0.0703125 0.421875 0.0546875 0.0671875
0 0.421875 0.5234375 0.0578125 0.06875
0 0.29375 0.8671875 0.0609375 0.0578125
0 0.31875 0.9015625 0.0625 0.059375
0 0.34375 0.925 0.0609375 0.0546875
0 0.365625 0.953125 0.0625 0.0609375
