0 0.228125 0.9828125 0.0515625 0.0765625
0 0.025 0.8265625 0.071875 0.0640625
0 0.0359375 0.8796875 0.05625 0.0625
0 0.0625 0.9203125 0.0734375 0.0609375
0 0.09375 0.9515625 0.0515625 0.059375
0 0.1375 0.78125 0.065625 0.0703125
0 0.0015625 0.7875 0.0625 0.05625
0 0.46875 0.984375 0.05 0.0609375
0 0.3953125 0.9984375 0.040625 0.0703125
0 0.3203125 0.9140625 0.046875 0.0671875
0 0.29375 0.896875 0.0484375 0.06875
0 0.2640625 0.8859375 0.046875 0.0671875
0 0.7046875 0.559375 0.0375 0.0640625
0 0.4859375 0.54375 0.05625 0.0609375
0 0.4171875 0.5046875 0.0734375 0.06875
0 0.39375 0.4140625 0.05 0.065625
0 0.121875 0.1234375 0.0421875 0.0640625
0 0.1546875 0.0734375 0.034375 0.0625
0 0.146875 0.2875 0.0578125 0.06875
0 0.01875 0.63125 0.0609375 0.0578125
0 0.04375 0.665625 0.0625 0.059375
0 0.06875 0.6890625 0.0609375 0.0546875
0 0.090625 0.7171875 0.0625 0.0609375
