0 0.271875 0.2328125 0.04375 0.1546875
0 0.203125 0.2546875 0.0484375 0.1890625
0 0.1375 0.25 0.0578125 0.1546875
0 0.078125 0.24375 0.0546875 0.134375
0 0.0140625 0.25 0.0578125 0.1890625
0 0.003125 0.0578125 0.04375 0.125
0 0.0734375 0.0671875 0.0390625 0.0921875
0 0.140625 0.06875 0.0453125 0.11875
0 0.203125 0.0765625 0.0625 0.109375
0 0.26875 0.08125 0.05625 0.1234375
0 0.0578125 0.7953125 0.0375 0.1046875
0 0.1328125 0.79375 0.0484375 0.128125
0 0.2578125 0.790625 0.0421875 0.1140625
0 0.39375 0.8140625 0.0484375 0.1375
0 0.0671875 0.9953125 0.059375 0.1828125
