0 0.3109375 0.675 0.0515625 0.0765625
0 0.1078125 0.51875 0.071875 0.0640625
0 0.11875 0.571875 0.05625 0.0625
0 0.1453125 0.6125 0.0734375 0.0609375
0 0.1765625 0.64375 0.0515625 0.059375
0 0.2203125 0.4734375 0.065625 0.0703125
0 0.084375 0.4796875 0.0625 0.05625
0 0.071875 0.4390625 0.065625 0.059375
0 0.7671875 0.8328125 0.065625 0.0578125
0 0.7421875 0.865625 0.0609375 0.065625
0 0.7046875 0.896875 0.0578125 0.0703125
0 0.5203125 0.834375 0.0546875 0.065625
0 0.4890625 0.8015625 0.0625 0.08125
0 0.4546875 0.78125 0.0328125 0.065625
0 0.6890625 0.7359375 0.05625 0.075
0 0.6359375 0.721875 0.059375 0.0734375
0 0.5953125 0.6953125 0.059375 0.0765625
0 0.5515625 0.6765625 0.05 0.0609375
0 0.515625 0.69375 0.034375 0.0578125
0 0.478125 0.690625 0.040625 0.0703125
0 0.403125 0.60625 0.046875 0.0671875
0 0.3765625 0.5890625 0.0484375 0.06875
0 0.346875 0.578125 0.046875 0.0671875
0 0.7875 0.2515625 0.0375 0.0640625
0 0.56875 0.2359375 0.05625 0.0609375
0 0.5 0.196875 0.0734375 0.06875
0 0.4765625 0.10625 0.05 0.065625
0 0.1015625 0.3234375 0.0609375 0.0578125
0 0.1265625 0.3578125 0.0625 0.059375
0 0.1515625 0.38125 0.0609375 0.0546875
0 0.1734375 0.409375 0.0625 0.0609375
