0 0.034375 0.8734375 0.0609375 0.1609375
0 0.9828125 0.76875 0.0671875 0.15
0 0.8234375 0.778125 0.06875 0.1828125
0 0.9078125 0.7765625 0.059375 0.1484375
0 0.746875 0.7953125 0.0609375 0.1390625
0 0.121875 0.846875 0.0625 0.196875
0 0.2046875 0.8734375 0.0625 0.13125
0 0.2765625 0.8546875 0.071875 0.1578125
0 0.3578125 0.8484375 0.0703125 0.1546875
0 0.6625 0.7890625 0.0703125 0.1953125
0 0.4265625 0.815625 0.0734375 0.196875
0 0.50625 0.8265625 0.0625 0.1625
0 0.59375 0.8203125 0.05625 0.1359375
0 0.771875 0.9890625 0.0703125 0.178125
0 0.9234375 0.96875 0.0765625 0.1765625
0 0.5703125 0.1859375 0.065625 0.146875
0 0.8671875 0.3375 0.053125 0.0984375
0 0.8015625 0.3359375 0.0484375 0.1171875
0 0.725 0.3453125 0.0578125 0.1375
0 0.6609375 0.3625 0.06875 0.1640625
0 0.5875 0.3671875 0.0609375 0.1484375
0 0.7046875 0.171875 0.0578125 0.15
0 0.64375 0.18125 0.0640625 0.1390625
0 0.5234375 0.3765625 0.0515625 0.121875
0 0.4515625 0.3828125 0.0421875 0.1203125
0 0.4890625 0.1953125 0.05625 0.1484375
0 0.19375 0.196875 0.084375 0.215625
0 0.3828125 0.3875 0.0546875 0.1484375
0 0.3171875 0.39375 0.0515625 0.1453125
0 0.30625 0.1984375 0.071875 0.1734375
0 0.10625 0.23125 0.0921875 0.1796875
0 0.9296875 0.3265625 0.0625 0.1234375
0 0.775 0.1625 0.0609375 0.1515625
0 0.915625 0.1546875 0.0640625 0.1359375
0 0.85 0.1546875 0.0625 0.153125
0 0.246875 0.4140625 0.071875 0.16875
0 0.178125 0.4125 0.0484375 0.1453125
0 0.103125 0.421875 0.0546875 0.1265625
0 0.040625 0.428125 0.0484375 0.115625
