0 0.0640625 0.9078125 0.06875 0.1765625
0 0.146875 0.9046875 0.0640625 0.1515625
0 0.2265625 0.89375 0.0671875 0.1546875
0 0.3015625 0.9015625 0.0515625 0.115625
0 0.3796875 0.878125 0.06875 0.15625
0 0.459375 0.8609375 0.05625 0.1265625
0 0.5265625 0.85 0.05625 0.1328125
0 0.18125 0.2734375 0.05625 0.13125
0 0.265625 0.434375 0.0609375 0.13125
0 0.33125 0.41875 0.059375 0.1296875
0 0.4734375 0.4171875 0.0484375 0.121875
0 0.4046875 0.4328125 0.05 0.1125
0 0.378125 0.2296875 0.0421875 0.1265625
0 0.3171875 0.26875 0.0453125 0.0953125
0 0.2375 0.2734375 0.0484375 0.1265625
0 0.1921875 0.45 0.0625 0.153125
0 0.13125 0.4546875 0.0546875 0.1234375
0 0.1125 0.2953125 0.0421875 0.1140625
0 0.040625 0.2921875 0.05625 0.1421875
0 0.0546875 0.4671875 0.0640625 0.1265625
