0 0.05 0.5671875 0.0328125 0.084375
0 0.10625 0.4125 0.0390625 0.0890625
0 0.171875 0.4171875 0.046875 0.1
0 0.2421875 0.4109375 0.0421875 0.1125
0 0.309375 0.4203125 0.0546875 0.1046875
0 0.984375 0.6125 0.065625 0.140625
0 0.91875 0.6 0.046875 0.1359375
0 0.10625 0.6 0.0421875 0.1109375
0 0.2453125 0.596875 0.0515625 0.1515625
0 0.309375 0.596875 0.0578125 0.125
0 0.371875 0.60625 0.0546875 0.1265625
0 0.4421875 0.5953125 0.053125 0.1234375
0 0.3796875 0.4203125 0.05 0.1109375
0 0.446875 0.41875 0.0421875 0.1125
0 0.5078125 0.409375 0.05625 0.1421875
0 0.584375 0.4140625 0.0453125 0.1421875
0 0.6484375 0.4125 0.05 0.1265625
0 0.71875 0.4171875 0.05625 0.1328125
0 0.7890625 0.421875 0.0515625 0.121875
0 0.8546875 0.4234375 0.04375 0.1140625
0 0.9203125 0.415625 0.053125 0.1390625
0 0.5140625 0.596875 0.053125 0.1125
0 0.5828125 0.6046875 0.0625 0.1421875
0 0.6546875 0.603125 0.0453125 0.14375
0 0.71875 0.6046875 0.0609375 0.1546875
0 0.784375 0.6015625 0.05 0.128125
