0 0.9578125 0.384375 0.084375 0.215625
0 0.8703125 0.41875 0.0921875 0.1796875
0 0.9421875 0.6 0.0484375 0.1453125
0 0.8671875 0.609375 0.0546875 0.1265625
0 0.8046875 0.615625 0.0484375 0.115625
0 0.7375 0.6171875 0.05625 0.1296875
0 0.6734375 0.6328125 0.0640625 0.1578125
0 0.53125 0.65 0.0546875 0.1375
0 0.3984375 0.6640625 0.0515625 0.1203125
0 0.2265625 0.7421875 0.1 0.2640625
0 0.3140625 0.721875 0.0890625 0.203125
0 0.1078125 0.6953125 0.1125 0.28125
0 0.68125 0.4296875 0.059375 0.1859375
0 0.4828125 0.446875 0.065625 0.1953125
0 0.3828125 0.453125 0.0640625 0.203125
0 0.2875 0.45625 0.0921875 0.23125
0 0.1921875 0.471875 0.0828125 0.1953125
