0 0.4 0.9578125 0.065625 0.0578125
0 0.375 0.990625 0.0609375 0.065625
0 0.153125 0.959375 0.0546875 0.065625
0 0.121875 0.9265625 0.0625 0.08125
0 0.0875 0.90625 0.0328125 0.065625
0 0.321875 0.8609375 0.05625 0.075
0 0.26875 0.846875 0.059375 0.0734375
0 0.228125 0.8203125 0.059375 0.0765625
0 0.184375 0.8015625 0.05 0.0609375
0 0.1484375 0.81875 0.034375 0.0578125
0 0.1109375 0.815625 0.040625 0.0703125
0 0.0359375 0.73125 0.046875 0.0671875
0 0.009375 0.7140625 0.0484375 0.06875
0 0.4203125 0.3765625 0.0375 0.0640625
0 0.2015625 0.3609375 0.05625 0.0609375
0 0.1328125 0.321875 0.0734375 0.06875
0 0.109375 0.23125 0.05 0.065625
