0 0.55625 0.4296875 0.0625 0.0609375
0 0.6671875 0.6625 0.0515625 0.0765625
0 0.4640625 0.50625 0.071875 0.0640625
0 0.475 0.559375 0.05625 0.0625
0 0.5015625 0.6 0.0734375 0.0609375
0 0.5328125 0.63125 0.0515625 0.059375
0 0.0921875 0.3828125 0.053125 0.071875
0 0.0140625 0.3703125 0.0515625 0.065625
0 0.19375 0.196875 0.0609375 0.06875
0 0.153125 0.171875 0.053125 0.06875
0 0.071875 0.19375 0.0671875 0.0609375
0 0.5765625 0.4609375 0.065625 0.0703125
0 0.440625 0.4671875 0.0625 0.05625
0 0.428125 0.4265625 0.065625 0.059375
0 0.8765625 0.821875 0.0546875 0.065625
0 0.8453125 0.7890625 0.0625 0.08125
0 0.8109375 0.76875 0.0328125 0.065625
0 0.9921875 0.709375 0.059375 0.0734375
0 0.9515625 0.6828125 0.059375 0.0765625
0 0.9078125 0.6640625 0.05 0.0609375
0 0.871875 0.68125 0.034375 0.0578125
0 0.834375 0.678125 0.040625 0.0703125
0 0.759375 0.59375 0.046875 0.0671875
0 0.7328125 0.5765625 0.0484375 0.06875
0 0.703125 0.565625 0.046875 0.0671875
0 0.925 0.2234375 0.05625 0.0609375
0 0.85625 0.184375 0.0734375 0.06875
0 0.8328125 0.09375 0.05 0.065625
0 0.4578125 0.3109375 0.0609375 0.0578125
0 0.4828125 0.3453125 0.0625 0.059375
0 0.5078125 0.36875 0.0609375 0.0546875
0 0.5296875 0.396875 0.0625 0.0609375
