0 0.859375 0.825 0.0328125 0.046875
0 0.228125 0.9171875 0.0296875 0.090625
0 0.5 0.2578125 0.0890625 0.2171875
0 0.534375 0.25 0.065625 0.178125
0 0.565625 0.25 0.0609375 0.171875
0 0.5953125 0.2359375 0.06875 0.2046875
0 0.63125 0.2421875 0.053125 0.1640625
0 0.6640625 0.2390625 0.0578125 0.178125
0 0.6984375 0.2359375 0.0546875 0.159375
0 0.5640625 0.509375 0.06875 0.1828125
0 0.6015625 0.5 0.05625 0.15
0 0.6046875 0.7484375 0.0578125 0.1609375
0 0.6421875 0.746875 0.075 0.21875
0 0.678125 0.7328125 0.05625 0.1609375
0 0.7109375 0.7296875 0.0546875 0.15
0 0.740625 0.7234375 0.0546875 0.15
0 0.76875 0.7046875 0.059375 0.1671875
0 0.7953125 0.6921875 0.0484375 0.1390625
