0 0.5953125 0.771875 0.0890625 0.1484375
0 0.6171875 0.753125 0.0796875 0.1296875
0 0.6390625 0.7359375 0.075 0.121875
0 0.6625 0.7265625 0.06875 0.121875
0 0.7046875 0.73125 0.13125 0.225
0 0.7421875 0.715625 0.109375 0.196875
0 0.7703125 0.690625 0.096875 0.175
0 0.125 0.7859375 0.0453125 0.1171875
0 0.14375 0.6578125 0.046875 0.15
0 0.18125 0.6578125 0.0421875 0.15
0 0.2265625 0.6734375 0.065625 0.1515625
0 0.1171875 0.665625 0.025 0.0796875
0 0.096875 0.6828125 0.0390625 0.121875
0 0.0703125 0.515625 0.04375 0.0859375
0 0.0484375 0.5359375 0.0453125 0.121875
0 0.0296875 0.553125 0.046875 0.175
0 0.0203125 0.215625 0.0984375 0.2109375
0 0.0578125 0.234375 0.0703125 0.1546875
