0 0.7265625 0.634375 0.059375 0.125
0 0.4765625 0.021875 0.06875 0.0953125
0 0.0234375 0.709375 0.0640625 0.08125
0 0.4515625 0.00625 0.0671875 0.09375
0 0.6796875 0.675 0.084375 0.1390625
0 0.4015625 0.128125 0.0703125 0.1046875
0 0.3765625 0.121875 0.046875 0.0734375
0 0.353125 0.240625 0.059375 0.071875
0 0.3234375 0.2328125 0.0796875 0.1015625
0 0.29375 0.2109375 0.0828125 0.1015625
0 0.265625 0.3109375 0.0375 0.0484375
0 0.253125 0.3015625 0.0390625 0.046875
0 0.2375 0.359375 0.04375 0.0515625
0 0.04375 0.5265625 0.11875 0.140625
0 0.665625 0.64375 0.075 0.121875
