0 0.5171875 0.5734375 0.015625 0.0625
0 0.5015625 0.5765625 0.015625 0.06875
0 0.4859375 0.5734375 0.0140625 0.0671875
0 0.5171875 0.50625 0.015625 0.065625
0 0.503125 0.50625 0.0125 0.0671875
0 0.4875 0.503125 0.015625 0.0671875
0 0.521875 0.4359375 0.0140625 0.0640625
0 0.5078125 0.4359375 0.0140625 0.06875
0 0.49375 0.43125 0.0125 0.06875
0 0.5296875 0.36875 0.015625 0.0640625
0 0.5125 0.36875 0.0140625 0.0640625
0 0.4484375 0.4765625 0.0296875 0.109375
0 0.3890625 0.1828125 0.021875 0.0890625
0 0.99375 0.9515625 0.05 0.0421875
