1 0.31875 0.5703125 0.015625 0.0625
1 0.303125 0.5734375 0.015625 0.06875
1 0.2875 0.5703125 0.0140625 0.0671875
1 0.31875 0.503125 0.015625 0.065625
1 0.3046875 0.503125 0.0125 0.0671875
1 0.2890625 0.5 0.015625 0.0671875
1 0.3234375 0.4328125 0.0140625 0.0640625
1 0.309375 0.4328125 0.0140625 0.06875
1 0.2953125 0.428125 0.0125 0.06875
1 0.33125 0.365625 0.015625 0.0640625
1 0.3140625 0.365625 0.0140625 0.0640625
8 0.021875 0.33125 0.025 0.0265625
8 0.065625 0.3703125 0.0265625 0.0265625
8 0.0421875 0.396875 0.0265625 0.0265625
8 0.0703125 0.4234375 0.0296875 0.0265625
8 0.021875 0.4265625 0.03125 0.0296875
8 0.0515625 0.4515625 0.0265625 0.028125
8 0.0265625 0.478125 0.0265625 0.0265625
1 0.25 0.4734375 0.0296875 0.109375
8 0.0078125 0.5078125 0.028125 0.03125
8 0.0859375 0.5015625 0.015625 0.015625
8 0.0734375 0.5140625 0.015625 0.015625
8 0.0640625 0.5265625 0.015625 0.0171875
8 0.0875 0.528125 0.015625 0.0125
8 0.0796875 0.5421875 0.015625 0.0140625
8 0.0515625 0.540625 0.015625 0.0171875
8 0.0671875 0.5546875 0.0140625 0.0140625
8 0.040625 0.5546875 0.015625 0.0171875
8 0.0578125 0.56875 0.0171875 0.0171875
8 0.0875 0.5703125 0.015625 0.015625
8 0.0734375 0.584375 0.015625 0.015625
1 0.190625 0.1796875 0.021875 0.0890625
1 0.965625 0.8578125 0.0765625 0.0828125
1 0.90625 0.875 0.046875 0.0421875
1 0.7953125 0.9484375 0.05 0.0421875
1 0.89375 0.8828125 0.053125 0.0484375
