1 0.83125 0.0890625 0.0890625 0.1484375
1 0.853125 0.0703125 0.0796875 0.1296875
1 0.875 0.053125 0.075 0.121875
1 0.8984375 0.04375 0.06875 0.121875
1 0.940625 0.0484375 0.13125 0.225
1 0.978125 0.0328125 0.109375 0.196875
1 0.4890625 0.74375 0.06875 0.3921875
1 0.590625 0.4328125 0.0703125 0.1828125
1 0.365625 0.375 0.0421875 0.1296875
1 0.3609375 0.103125 0.0453125 0.1171875
1 0.3328125 0.0 0.0390625 0.121875
15 0.2890625 0.165625 0.1046875 0.13125
15 0.29375 0.2796875 0.09375 0.09375
15 0.384375 0.5671875 0.15625 0.1890625
