0 0.6359375 0.9890625 0.059375 0.125
0 0.3859375 0.3765625 0.06875 0.0953125
0 0.4734375 0.04375 0.0796875 0.1140625
0 0.503125 0.04375 0.0734375 0.1171875
0 0.521875 0.06875 0.08125 0.1265625
0 0.3609375 0.3609375 0.0671875 0.09375
0 0.3109375 0.4828125 0.0703125 0.1046875
0 0.2859375 0.4765625 0.046875 0.0734375
0 0.2625 0.5953125 0.059375 0.071875
0 0.2328125 0.5875 0.0796875 0.1015625
0 0.203125 0.565625 0.0828125 0.1015625
0 0.175 0.665625 0.0375 0.0484375
0 0.1625 0.65625 0.0390625 0.046875
0 0.146875 0.7140625 0.04375 0.0515625
0 0.575 0.9984375 0.075 0.121875
