0 0.9375 0.5921875 0.059375 0.125
0 0.1078125 0.7640625 0.0765625 0.0828125
0 0.0484375 0.78125 0.046875 0.0421875
0 0.0359375 0.7890625 0.053125 0.0484375
0 0.190625 0.6515625 0.1375 0.159375
0 0.234375 0.6671875 0.0640625 0.08125
0 0.890625 0.6328125 0.084375 0.1390625
0 0.6125 0.0859375 0.0703125 0.1046875
0 0.5875 0.0796875 0.046875 0.0734375
0 0.5640625 0.1984375 0.059375 0.071875
0 0.534375 0.190625 0.0796875 0.1015625
0 0.5046875 0.16875 0.0828125 0.1015625
0 0.4765625 0.26875 0.0375 0.0484375
0 0.4640625 0.259375 0.0390625 0.046875
0 0.4484375 0.3171875 0.04375 0.0515625
0 0.2546875 0.484375 0.11875 0.140625
0 0.8765625 0.6015625 0.075 0.121875
