0 0.8296875 0.934375 0.0453125 0.1171875
0 0.8484375 0.80625 0.046875 0.15
0 0.8859375 0.80625 0.0421875 0.15
0 0.93125 0.821875 0.065625 0.1515625
0 0.821875 0.8140625 0.025 0.0796875
0 0.8015625 0.83125 0.0390625 0.121875
0 0.775 0.6640625 0.04375 0.0859375
0 0.753125 0.684375 0.0453125 0.121875
0 0.734375 0.7015625 0.046875 0.175
0 0.725 0.3640625 0.0984375 0.2109375
0 0.7625 0.3828125 0.0703125 0.1546875
0 0.64375 0.0875 0.1328125 0.3234375
0 0.68125 0.0671875 0.1078125 0.2484375
0 0.7265625 0.1015625 0.0671875 0.146875
0 0.571875 0.04375 0.028125 0.0484375
