0 0.465625 0.4140625 0.0671875 0.121875
0 0.4375 0.421875 0.0671875 0.115625
0 0.3859375 0.234375 0.071875 0.1203125
0 0.353125 0.2421875 0.1265625 0.2421875
0 0.846875 0.0 0.046875 0.0515625
0 0.98125 0.5734375 0.121875 0.18125
0 0.490625 0.4046875 0.059375 0.1140625
0 0.509375 0.396875 0.0453125 0.0875
0 0.5265625 0.3984375 0.034375 0.0546875
0 0.5828125 0.9265625 0.1328125 0.3234375
0 0.6203125 0.90625 0.1078125 0.2484375
0 0.665625 0.940625 0.0671875 0.146875
0 0.5109375 0.8828125 0.028125 0.0484375
