0 0.028125 0.7390625 0.10625 0.1125
0 0.0859375 0.1515625 0.103125 0.0609375
0 0.065625 0.1828125 0.0859375 0.05
0 0.05 0.2171875 0.0703125 0.04375
0 0.040625 0.25 0.0859375 0.053125
0 0.003125 0.428125 0.103125 0.0640625
0 0.03125 0.2859375 0.06875 0.046875
0 0.021875 0.31875 0.08125 0.0546875
0 0.01875 0.35625 0.0921875 0.0578125
0 0.0078125 0.390625 0.0921875 0.0578125
0 0.1046875 0.1203125 0.11875 0.0765625
0 0.0 0.0671875 0.0828125 0.053125
0 0.11875 0.08125 0.13125 0.0796875
0 0.1078125 0.0390625 0.08125 0.053125
0 0.7796875 0.790625 0.04375 0.04375
0 0.659375 0.571875 0.1171875 0.14375
0 0.8390625 0.7375 0.0703125 0.0640625
0 0.8140625 0.6640625 0.1046875 0.1171875
0 0.7796875 0.6171875 0.0796875 0.0875
0 0.3796875 0.515625 0.071875 0.05
0 0.390625 0.4828125 0.0859375 0.0546875
0 0.3984375 0.45 0.090625 0.05625
0 0.26875 0.53125 0.1453125 0.0859375
0 0.26875 0.4828125 0.1140625 0.065625
0 0.2765625 0.4421875 0.1234375 0.0734375
0 0.4796875 0.1296875 0.075 0.0484375
0 0.49375 0.0578125 0.0625 0.0421875
0 0.525 0.003125 0.0984375 0.0765625
0 0.459375 0.2421875 0.09375 0.0546875
0 0.11875 0.0046875 0.0875 0.0578125
0 0.0265625 0.01875 0.0484375 0.0328125
0 0.0140625 0.040625 0.0640625 0.04375
0 0.4703125 0.1625 0.0734375 0.0484375
0 0.4578125 0.1921875 0.0671875 0.04375
0 0.290625 0.3984375 0.1171875 0.06875
0 0.4453125 0.2734375 0.0859375 0.053125
0 0.403125 0.409375 0.075 0.0453125
0 0.296875 0.3578125 0.1265625 0.06875
0 0.4234375 0.340625 0.075 0.0484375
0 0.309375 0.315625 0.1234375 0.0703125
0 0.4265625 0.3078125 0.065625 0.0421875
0 0.334375 0.2734375 0.103125 0.05625
0 0.3359375 0.23125 0.1203125 0.065625
0 0.34375 0.1875 0.1265625 0.0703125
0 0.3640625 0.1484375 0.109375 0.065625
0 0.3828125 0.10625 0.1 0.0609375
0 0.3875 0.0625 0.1046875 0.0671875
0 0.4125 0.0203125 0.0875 0.0578125
