0 0.646875 0.778125 0.04375 0.04375
0 0.5265625 0.559375 0.1171875 0.14375
0 0.70625 0.725 0.0703125 0.0640625
0 0.68125 0.6515625 0.1046875 0.1171875
0 0.646875 0.6046875 0.0796875 0.0875
0 0.246875 0.503125 0.071875 0.05
0 0.2578125 0.4703125 0.0859375 0.0546875
0 0.265625 0.4375 0.090625 0.05625
0 0.1359375 0.51875 0.1453125 0.0859375
0 0.1359375 0.4703125 0.1140625 0.065625
0 0.14375 0.4296875 0.1234375 0.0734375
0 0.346875 0.1171875 0.075 0.0484375
0 0.3609375 0.0453125 0.0625 0.0421875
0 0.3265625 0.2296875 0.09375 0.0546875
0 0.3375 0.15 0.0734375 0.0484375
0 0.325 0.1796875 0.0671875 0.04375
0 0.1578125 0.3859375 0.1171875 0.06875
0 0.3125 0.2609375 0.0859375 0.053125
0 0.2703125 0.396875 0.075 0.0453125
0 0.1640625 0.3453125 0.1265625 0.06875
0 0.290625 0.328125 0.075 0.0484375
0 0.1765625 0.303125 0.1234375 0.0703125
0 0.29375 0.2953125 0.065625 0.0421875
0 0.2015625 0.2609375 0.103125 0.05625
0 0.203125 0.21875 0.1203125 0.065625
0 0.2109375 0.175 0.1265625 0.0703125
0 0.23125 0.1359375 0.109375 0.065625
0 0.25 0.09375 0.1 0.0609375
0 0.2546875 0.05 0.1046875 0.0671875
0 0.2796875 0.0078125 0.0875 0.0578125
