0 0.565625 0.6 0.0734375 0.046875
0 0.628125 0.6625 0.1390625 0.075
0 0.4859375 0.659375 0.0515625 0.0359375
0 0.4390625 0.6828125 0.040625 0.04375
0 0.6921875 0.940625 0.10625 0.1125
0 0.6078125 0.953125 0.121875 0.121875
0 0.565625 0.921875 0.1078125 0.1140625
0 0.5359375 0.8875 0.11875 0.1203125
0 0.50625 0.859375 0.1171875 0.125
0 0.4671875 0.8203125 0.1296875 0.1359375
0 0.3671875 0.93125 0.096875 0.103125
0 0.340625 0.9015625 0.096875 0.103125
0 0.584375 0.571875 0.059375 0.034375
0 0.5859375 0.5453125 0.0671875 0.04375
0 0.596875 0.51875 0.065625 0.040625
0 0.6265625 0.440625 0.0578125 0.0390625
0 0.6515625 0.3 0.0875 0.0515625
0 0.6546875 0.3296875 0.0625 0.04375
0 0.75 0.353125 0.103125 0.0609375
0 0.7296875 0.384375 0.0859375 0.05
0 0.6359375 0.378125 0.08125 0.059375
0 0.7140625 0.41875 0.0703125 0.04375
0 0.7046875 0.4515625 0.0859375 0.053125
0 0.6671875 0.6296875 0.103125 0.0640625
0 0.6140625 0.465625 0.0671875 0.04375
0 0.6953125 0.4875 0.06875 0.046875
0 0.6859375 0.5203125 0.08125 0.0546875
0 0.6078125 0.4953125 0.0640625 0.04375
0 0.6828125 0.5578125 0.0921875 0.0578125
0 0.671875 0.5921875 0.0921875 0.0578125
0 0.30625 0.8875 0.0859375 0.090625
0 0.2484375 0.8390625 0.11875 0.128125
0 0.225 0.796875 0.0953125 0.10625
0 0.034375 0.94375 0.1109375 0.1171875
0 0.0546875 0.98125 0.0796875 0.0875
0 0.16875 0.771875 0.0453125 0.0515625
0 0.1453125 0.7578125 0.0484375 0.0546875
0 0.1203125 0.7421875 0.0578125 0.0671875
0 0.090625 0.6984375 0.0421875 0.040625
0 0.0640625 0.675 0.0390625 0.040625
0 0.76875 0.321875 0.11875 0.0765625
0 0.6640625 0.26875 0.0828125 0.053125
0 0.7828125 0.2828125 0.13125 0.0796875
0 0.771875 0.240625 0.08125 0.053125
0 0.9328125 0.7328125 0.1453125 0.0859375
0 0.9328125 0.684375 0.1140625 0.065625
0 0.940625 0.64375 0.1234375 0.0734375
0 0.7234375 0.1046875 0.053125 0.034375
0 0.8375 0.0609375 0.10625 0.065625
0 0.840625 0.10625 0.1375 0.0859375
0 0.8109375 0.1375 0.0953125 0.05625
0 0.7140625 0.128125 0.0578125 0.0359375
0 0.8 0.1734375 0.1 0.0625
0 0.7828125 0.20625 0.0875 0.0578125
0 0.6921875 0.190625 0.05625 0.040625
0 0.690625 0.2203125 0.0484375 0.0328125
0 0.678125 0.2421875 0.0640625 0.04375
0 0.9546875 0.6 0.1171875 0.06875
0 0.9609375 0.559375 0.1265625 0.06875
0 0.9734375 0.5171875 0.1234375 0.0703125
0 0.9984375 0.475 0.103125 0.05625
