1 0.959375 0.946875 0.24375 0.06875
8 0.8265625 0.0015625 0.05625 0.0578125
8 0.690625 0.7265625 0.040625 0.04375
8 0.6453125 0.7421875 0.0390625 0.0390625
8 0.6703125 0.68125 0.0421875 0.0421875
8 0.628125 0.7 0.0421875 0.0421875
3 0.1453125 0.6375 0.0234375 0.0375
3 0.115625 0.6375 0.015625 0.0359375
3 0.0984375 0.6453125 0.0125 0.0390625
3 0.15625 0.365625 0.0328125 0.021875
3 0.159375 0.3765625 0.028125 0.01875
3 0.1640625 0.390625 0.028125 0.01875
3 0.1671875 0.4015625 0.0296875 0.021875
3 0.171875 0.415625 0.0234375 0.021875
3 0.0671875 0.4328125 0.0234375 0.034375
3 0.2234375 0.4125 0.028125 0.0328125
3 0.25 0.3984375 0.021875 0.03125
3 0.271875 0.3875 0.025 0.034375
3 0.2890625 0.3828125 0.0234375 0.03125
3 0.3515625 0.353125 0.0265625 0.034375
