0 0.0890625 0.3234375 0.0640625 0.0671875
0 0.353125 0.0875 0.0734375 0.046875
0 0.415625 0.15 0.1390625 0.075
0 0.2734375 0.146875 0.0515625 0.0359375
0 0.2265625 0.1703125 0.040625 0.04375
0 0.4796875 0.428125 0.10625 0.1125
0 0.3953125 0.440625 0.121875 0.121875
0 0.353125 0.409375 0.1078125 0.1140625
0 0.3234375 0.375 0.11875 0.1203125
0 0.29375 0.346875 0.1171875 0.125
0 0.2546875 0.3078125 0.1296875 0.1359375
0 0.315625 0.5296875 0.05 0.0546875
0 0.259375 0.5390625 0.1203125 0.1328125
0 0.23125 0.5046875 0.1203125 0.128125
0 0.1546875 0.41875 0.096875 0.103125
0 0.128125 0.3890625 0.096875 0.103125
0 0.371875 0.059375 0.059375 0.034375
0 0.3734375 0.0328125 0.0671875 0.04375
0 0.384375 0.00625 0.065625 0.040625
0 0.4546875 0.1171875 0.103125 0.0640625
0 0.4734375 0.0078125 0.08125 0.0546875
0 0.4703125 0.0453125 0.0921875 0.0578125
0 0.459375 0.0796875 0.0921875 0.0578125
0 0.09375 0.375 0.0859375 0.090625
0 0.0359375 0.3265625 0.11875 0.128125
0 0.0125 0.284375 0.0953125 0.10625
0 0.1 0.721875 0.1171875 0.1359375
0 0.075 0.6828125 0.08125 0.0890625
0 0.05 0.6484375 0.0921875 0.1046875
0 0.01875 0.615625 0.10625 0.1140625
0 0.83125 0.2046875 0.071875 0.05
0 0.8421875 0.171875 0.0859375 0.0546875
0 0.85 0.1390625 0.090625 0.05625
0 0.7203125 0.2203125 0.1453125 0.0859375
0 0.7203125 0.171875 0.1140625 0.065625
0 0.728125 0.13125 0.1234375 0.0734375
0 0.7421875 0.0875 0.1171875 0.06875
0 0.8546875 0.0984375 0.075 0.0453125
0 0.7484375 0.046875 0.1265625 0.06875
0 0.875 0.0296875 0.075 0.0484375
0 0.7609375 0.0046875 0.1234375 0.0703125
