8 0.6984375 0.2453125 0.046875 0.0453125
8 0.8859375 0.025 0.046875 0.046875
8 0.81875 0.1671875 0.0421875 0.04375
8 0.7546875 0.1359375 0.0421875 0.04375
8 0.7875 0.221875 0.0484375 0.0421875
8 0.7265625 0.1890625 0.0484375 0.046875
8 0.7609375 0.278125 0.0453125 0.0453125
8 0.6703125 0.3015625 0.0453125 0.0484375
8 0.18125 0.8515625 0.08125 0.0828125
8 0.3078125 0.240625 0.0484375 0.0515625
8 0.278125 0.3015625 0.0515625 0.05
8 0.3359375 0.5453125 0.08125 0.0828125
8 0.234375 0.49375 0.084375 0.0859375
8 0.2828125 0.646875 0.08125 0.084375
8 0.18125 0.5953125 0.084375 0.0875
8 0.2328125 0.75 0.08125 0.0828125
8 0.1296875 0.6953125 0.0828125 0.0828125
8 0.078125 0.7984375 0.08125 0.084375
8 0.7328125 0.3328125 0.0453125 0.0453125
8 0.1265625 0.953125 0.0796875 0.08125
8 0.025 0.8984375 0.08125 0.0828125
8 0.3390625 0.33125 0.05 0.05
8 0.36875 0.2703125 0.0484375 0.0484375
8 0.428125 0.3015625 0.05 0.0484375
8 0.396875 0.3609375 0.046875 0.0484375
8 0.6421875 0.35625 0.0484375 0.0484375
8 0.7046875 0.3890625 0.0453125 0.046875
8 0.615625 0.4125 0.046875 0.046875
8 0.678125 0.446875 0.0453125 0.04375
8 0.65 0.5015625 0.046875 0.0484375
8 0.5859375 0.4671875 0.046875 0.046875
8 0.5328125 0.140625 0.0609375 0.0609375
8 0.5734375 0.06875 0.059375 0.059375
8 0.5 0.0296875 0.059375 0.059375
8 0.4625 0.103125 0.059375 0.0609375
8 0.3890625 0.065625 0.059375 0.059375
8 0.4578125 0.3921875 0.046875 0.053125
8 0.4890625 0.33125 0.046875 0.0515625
