0 0.95625 0.315625 0.0640625 0.0671875
0 0.9953125 0.38125 0.096875 0.103125
0 0.9609375 0.3671875 0.0859375 0.090625
0 0.903125 0.31875 0.11875 0.128125
0 0.8796875 0.2765625 0.0953125 0.10625
0 0.6265625 0.375 0.1078125 0.115625
0 0.5875 0.35 0.0921875 0.1015625
0 0.621875 0.8203125 0.034375 0.0328125
0 0.671875 0.571875 0.071875 0.084375
0 0.6453125 0.546875 0.0703125 0.084375
0 0.6234375 0.5234375 0.065625 0.075
0 0.59375 0.503125 0.0671875 0.08125
0 0.5671875 0.484375 0.0703125 0.08125
0 0.5453125 0.4578125 0.05625 0.05625
0 0.5171875 0.446875 0.05 0.0484375
0 0.7078125 0.890625 0.1265625 0.13125
0 0.690625 0.8375 0.109375 0.115625
0 0.409375 0.7421875 0.0359375 0.0390625
0 0.4015625 0.7234375 0.0359375 0.0328125
0 0.5453125 0.740625 0.0671875 0.075
0 0.65 0.4046875 0.0875 0.0984375
0 0.6890625 0.4234375 0.1109375 0.1171875
0 0.709375 0.4609375 0.0796875 0.0875
0 0.8265625 0.703125 0.0578125 0.0703125
0 0.8234375 0.2515625 0.0453125 0.0515625
0 0.8 0.2375 0.0484375 0.0546875
0 0.775 0.221875 0.0578125 0.0671875
0 0.7453125 0.178125 0.0421875 0.040625
0 0.71875 0.1546875 0.0390625 0.040625
0 0.840625 0.7375 0.0859375 0.0953125
0 0.9671875 0.7140625 0.1171875 0.1359375
0 0.7453125 0.63125 0.0671875 0.075
0 0.9421875 0.675 0.08125 0.0890625
0 0.9171875 0.640625 0.0921875 0.1046875
0 0.8859375 0.6078125 0.10625 0.1140625
0 0.7890625 0.5390625 0.0640625 0.0703125
0 0.7734375 0.5 0.103125 0.1171875
0 0.7390625 0.484375 0.0890625 0.0984375
0 0.490625 0.709375 0.0515625 0.0578125
