0 0.603125 0.4046875 0.0734375 0.046875
0 0.665625 0.4671875 0.1390625 0.075
0 0.5234375 0.4640625 0.0515625 0.0359375
0 0.4765625 0.4875 0.040625 0.04375
0 0.7296875 0.7453125 0.10625 0.1125
0 0.6453125 0.7578125 0.121875 0.121875
0 0.603125 0.7265625 0.1078125 0.1140625
0 0.5734375 0.6921875 0.11875 0.1203125
0 0.54375 0.6640625 0.1171875 0.125
0 0.5046875 0.625 0.1296875 0.1359375
0 0.565625 0.846875 0.05 0.0546875
0 0.509375 0.85625 0.1203125 0.1328125
0 0.48125 0.821875 0.1203125 0.128125
0 0.4046875 0.7359375 0.096875 0.103125
0 0.378125 0.70625 0.096875 0.103125
0 0.621875 0.3765625 0.059375 0.034375
0 0.6234375 0.35 0.0671875 0.04375
0 0.634375 0.3234375 0.065625 0.040625
0 0.6640625 0.2453125 0.0578125 0.0390625
0 0.6890625 0.1046875 0.0875 0.0515625
0 0.6921875 0.134375 0.0625 0.04375
0 0.7875 0.1578125 0.103125 0.0609375
0 0.7671875 0.1890625 0.0859375 0.05
0 0.6734375 0.1828125 0.08125 0.059375
0 0.7515625 0.2234375 0.0703125 0.04375
0 0.7421875 0.25625 0.0859375 0.053125
0 0.7046875 0.434375 0.103125 0.0640625
0 0.6515625 0.2703125 0.0671875 0.04375
0 0.7328125 0.2921875 0.06875 0.046875
0 0.7234375 0.325 0.08125 0.0546875
0 0.6453125 0.3 0.0640625 0.04375
0 0.7203125 0.3625 0.0921875 0.0578125
0 0.709375 0.396875 0.0921875 0.0578125
0 0.34375 0.6921875 0.0859375 0.090625
0 0.2859375 0.64375 0.11875 0.128125
0 0.2625 0.6015625 0.0953125 0.10625
0 0.009375 0.7 0.1078125 0.115625
0 0.0546875 0.896875 0.071875 0.084375
0 0.028125 0.871875 0.0703125 0.084375
0 0.00625 0.8484375 0.065625 0.075
0 0.0328125 0.7296875 0.0875 0.0984375
0 0.071875 0.7484375 0.1109375 0.1171875
0 0.0921875 0.7859375 0.0796875 0.0875
0 0.20625 0.5765625 0.0453125 0.0515625
0 0.1828125 0.5625 0.0484375 0.0546875
0 0.1578125 0.546875 0.0578125 0.0671875
0 0.128125 0.503125 0.0421875 0.040625
0 0.1015625 0.4796875 0.0390625 0.040625
0 0.128125 0.95625 0.0671875 0.075
0 0.3 0.965625 0.0921875 0.1046875
0 0.26875 0.9328125 0.10625 0.1140625
0 0.171875 0.8640625 0.0640625 0.0703125
0 0.15625 0.825 0.103125 0.1171875
0 0.121875 0.809375 0.0890625 0.0984375
0 0.80625 0.1265625 0.11875 0.0765625
0 0.7015625 0.0734375 0.0828125 0.053125
0 0.8203125 0.0875 0.13125 0.0796875
0 0.809375 0.0453125 0.08125 0.053125
0 0.9703125 0.5375 0.1453125 0.0859375
0 0.9703125 0.4890625 0.1140625 0.065625
0 0.978125 0.4484375 0.1234375 0.0734375
0 0.8203125 0.0109375 0.0875 0.0578125
0 0.728125 0.025 0.0484375 0.0328125
0 0.715625 0.046875 0.0640625 0.04375
0 0.9921875 0.4046875 0.1171875 0.06875
0 0.9984375 0.3640625 0.1265625 0.06875
