8 0.1421875 0.4125 0.046875 0.0453125
8 0.2703125 0.1734375 0.025 0.0296875
8 0.2515625 0.2109375 0.03125 0.028125
8 0.23125 0.246875 0.0296875 0.03125
8 0.175 0.203125 0.0546875 0.05625
8 0.1390625 0.2625 0.046875 0.0484375
8 0.2015625 0.296875 0.0453125 0.046875
8 0.1109375 0.31875 0.046875 0.046875
8 0.1734375 0.3515625 0.04375 0.04375
8 0.078125 0.3796875 0.046875 0.0453125
8 0.1046875 0.4734375 0.046875 0.046875
8 0.0453125 0.440625 0.04375 0.0453125
8 0.0375 0.615625 0.0421875 0.04375
8 0.00625 0.6703125 0.0484375 0.0421875
8 0.20625 0.140625 0.05625 0.053125
8 0.2890625 0.1390625 0.028125 0.0296875
8 0.309375 0.1015625 0.028125 0.0296875
8 0.2390625 0.0796875 0.0546875 0.0515625
8 0.0109375 0.1078125 0.0328125 0.0359375
