2 0.39375 0.04375 0.4421875 0.7703125
1 0.009375 0.58125 0.10625 0.1125
1 0.046875 0.025 0.0859375 0.05
1 0.03125 0.059375 0.0703125 0.04375
1 0.021875 0.0921875 0.0859375 0.053125
1 0.0125 0.128125 0.06875 0.046875
1 0.003125 0.1609375 0.08125 0.0546875
1 0.0 0.1984375 0.0921875 0.0578125
1 0.7609375 0.6328125 0.04375 0.04375
1 0.640625 0.4140625 0.1171875 0.14375
1 0.8203125 0.5796875 0.0703125 0.0640625
1 0.7953125 0.50625 0.1046875 0.1171875
1 0.7609375 0.459375 0.0796875 0.0875
1 0.3609375 0.3578125 0.071875 0.05
1 0.371875 0.325 0.0859375 0.0546875
1 0.3796875 0.2921875 0.090625 0.05625
1 0.25 0.3734375 0.1453125 0.0859375
1 0.25 0.325 0.1140625 0.065625
1 0.2578125 0.284375 0.1234375 0.0734375
1 0.440625 0.084375 0.09375 0.0546875
1 0.4515625 0.0046875 0.0734375 0.0484375
1 0.4390625 0.034375 0.0671875 0.04375
1 0.271875 0.240625 0.1171875 0.06875
1 0.4265625 0.115625 0.0859375 0.053125
1 0.384375 0.2515625 0.075 0.0453125
1 0.278125 0.2 0.1265625 0.06875
1 0.4046875 0.1828125 0.075 0.0484375
1 0.290625 0.1578125 0.1234375 0.0703125
1 0.4078125 0.15 0.065625 0.0421875
1 0.315625 0.115625 0.103125 0.05625
1 0.3171875 0.0734375 0.1203125 0.065625
1 0.325 0.0296875 0.1265625 0.0703125
