8 0.2796875 0.5421875 0.0375 0.0375
8 0.375 0.6671875 0.0421875 0.040625
8 0.3078125 0.6328125 0.04375 0.04375
8 0.2484375 0.6015625 0.0359375 0.040625
8 0.321875 0.771875 0.059375 0.059375
8 0.2421875 0.73125 0.0640625 0.065625
8 0.165625 0.6921875 0.0640625 0.0671875
8 0.28125 0.8484375 0.0625 0.0625
8 0.203125 0.809375 0.0640625 0.065625
8 0.221875 0.959375 0.0625 0.0609375
8 0.1421875 0.91875 0.0609375 0.065625
8 0.103125 0.9921875 0.065625 0.0640625
8 0.028125 0.95625 0.0625 0.0640625
8 0.340625 0.5734375 0.05 0.0515625
8 0.40625 0.6078125 0.05 0.0515625
8 0.5328125 0.959375 0.0484375 0.05
8 0.778125 0.4796875 0.0453125 0.0484375
8 0.7125 0.446875 0.0453125 0.05
8 0.7515625 0.5390625 0.046875 0.0453125
8 0.6828125 0.50625 0.046875 0.046875
8 0.6015625 0.828125 0.046875 0.046875
8 0.5328125 0.79375 0.0484375 0.0515625
8 0.565625 0.89375 0.0484375 0.046875
8 0.5015625 0.859375 0.046875 0.0484375
8 0.46875 0.925 0.046875 0.046875
8 0.025 0.2171875 0.046875 0.046875
8 0.43125 0.9921875 0.0453125 0.04375
8 0.7171875 0.009375 0.025 0.0265625
8 0.746875 0.38125 0.046875 0.04375
8 0.8125 0.4140625 0.0484375 0.0484375
8 0.78125 0.3140625 0.0453125 0.0484375
8 0.846875 0.346875 0.046875 0.046875
8 0.9828125 0.084375 0.0453125 0.046875
8 0.9171875 0.0515625 0.046875 0.046875
8 0.9484375 0.15 0.046875 0.0453125
8 0.8828125 0.11875 0.04375 0.0453125
8 0.9140625 0.215625 0.046875 0.0484375
8 0.8484375 0.1828125 0.0453125 0.046875
8 0.8796875 0.28125 0.046875 0.0453125
8 0.8984375 0.6 0.053125 0.0546875
8 0.940625 0.6875 0.0515625 0.0546875
8 0.8734375 0.6640625 0.05625 0.0515625
8 0.815625 0.246875 0.046875 0.0484375
8 0.6453125 0.1421875 0.0234375 0.0265625
8 0.6125 0.125 0.025 0.025
8 0.6671875 0.0984375 0.025 0.0265625
8 0.346875 0.4328125 0.04375 0.046875
8 0.1703125 0.3484375 0.046875 0.046875
8 0.1109375 0.3171875 0.0484375 0.0484375
8 0.196875 0.290625 0.0484375 0.0484375
8 0.140625 0.2609375 0.0484375 0.0484375
8 0.228125 0.2359375 0.046875 0.046875
8 0.16875 0.2046875 0.0453125 0.05
8 0.25625 0.178125 0.046875 0.0484375
8 0.196875 0.1484375 0.046875 0.046875
8 0.1109375 0.0484375 0.046875 0.046875
8 0.08125 0.103125 0.046875 0.0484375
8 0.053125 0.1609375 0.046875 0.046875
8 0.3078125 0.021875 0.0375 0.0390625
8 0.371875 0.3703125 0.0546875 0.0546875
8 0.634375 0.0828125 0.025 0.0265625
8 0.4046875 0.4609375 0.046875 0.0484375
8 0.5765625 0.10625 0.034375 0.034375
8 0.5984375 0.0640625 0.034375 0.0359375
8 0.5296875 0.0875 0.0421875 0.040625
8 0.55625 0.040625 0.040625 0.040625
8 0.5078125 0.015625 0.040625 0.040625
8 0.48125 0.0625 0.0390625 0.040625
8 0.5640625 0.3171875 0.0453125 0.0453125
8 0.5953125 0.2578125 0.046875 0.0484375
8 0.509375 0.2890625 0.046875 0.0453125
8 0.5390625 0.228125 0.046875 0.0484375
8 0.4828125 0.1984375 0.046875 0.0484375
8 0.428125 0.171875 0.040625 0.04375
8 0.453125 0.2609375 0.0484375 0.05
8 0.3953125 0.2296875 0.0453125 0.0453125
8 0.496875 0.4375 0.0484375 0.05
8 0.46875 0.4953125 0.0453125 0.046875
8 0.4359375 0.4046875 0.0515625 0.0546875
