1 0.034375 0.2125 0.2015625 0.28125
8 0.9734375 0.1671875 0.0625 0.0609375
8 0.0421875 0.58125 0.05 0.053125
8 0.6984375 0.2046875 0.046875 0.046875
8 0.8765625 0.2765625 0.05625 0.0578125
8 0.8640625 0.2125 0.0609375 0.0609375
8 0.7703125 0.2390625 0.0421875 0.0421875
8 0.74375 0.1890625 0.04375 0.046875
8 0.6546875 0.2265625 0.04375 0.046875
8 0.6109375 0.24375 0.046875 0.0484375
8 0.7203125 0.95625 0.0421875 0.0421875
8 0.678125 0.975 0.0421875 0.0421875
3 0.1953125 0.9125 0.0234375 0.0375
3 0.165625 0.9125 0.015625 0.0359375
3 0.1484375 0.9203125 0.0125 0.0390625
3 0.0234375 0.9890625 0.0125 0.0375
3 0.0078125 0.990625 0.021875 0.0328125
3 0.20625 0.640625 0.0328125 0.021875
3 0.209375 0.6515625 0.028125 0.01875
3 0.2140625 0.665625 0.028125 0.01875
3 0.2171875 0.6765625 0.0296875 0.021875
3 0.221875 0.690625 0.0234375 0.021875
3 0.1171875 0.7078125 0.0234375 0.034375
3 0.2734375 0.6875 0.028125 0.0328125
3 0.3 0.6734375 0.021875 0.03125
3 0.321875 0.6625 0.025 0.034375
3 0.3390625 0.6578125 0.0234375 0.03125
3 0.4015625 0.628125 0.0265625 0.034375
