0 0.1015625 0.6703125 0.0640625 0.0671875
0 0.365625 0.434375 0.0734375 0.046875
0 0.428125 0.496875 0.1390625 0.075
0 0.2859375 0.49375 0.0515625 0.0359375
0 0.2390625 0.5171875 0.040625 0.04375
0 0.4921875 0.775 0.10625 0.1125
0 0.4078125 0.7875 0.121875 0.121875
0 0.365625 0.75625 0.1078125 0.1140625
0 0.3359375 0.721875 0.11875 0.1203125
0 0.30625 0.69375 0.1171875 0.125
0 0.2671875 0.6546875 0.1296875 0.1359375
0 0.328125 0.8765625 0.05 0.0546875
0 0.271875 0.8859375 0.1203125 0.1328125
0 0.24375 0.8515625 0.1203125 0.128125
0 0.1671875 0.765625 0.096875 0.103125
0 0.140625 0.7359375 0.096875 0.103125
0 0.384375 0.40625 0.059375 0.034375
0 0.3859375 0.3796875 0.0671875 0.04375
0 0.396875 0.353125 0.065625 0.040625
0 0.4265625 0.275 0.0578125 0.0390625
0 0.4515625 0.134375 0.0875 0.0515625
0 0.4546875 0.1640625 0.0625 0.04375
0 0.55 0.1875 0.103125 0.0609375
0 0.5296875 0.21875 0.0859375 0.05
0 0.4359375 0.2125 0.08125 0.059375
0 0.5140625 0.253125 0.0703125 0.04375
0 0.5046875 0.2859375 0.0859375 0.053125
0 0.4671875 0.4640625 0.103125 0.0640625
0 0.4140625 0.3 0.0671875 0.04375
0 0.4953125 0.321875 0.06875 0.046875
0 0.4859375 0.3546875 0.08125 0.0546875
0 0.4078125 0.3296875 0.0640625 0.04375
0 0.4828125 0.3921875 0.0921875 0.0578125
0 0.471875 0.4265625 0.0921875 0.0578125
0 0.10625 0.721875 0.0859375 0.090625
0 0.0484375 0.6734375 0.11875 0.128125
0 0.025 0.63125 0.0953125 0.10625
0 0.0625 0.9953125 0.0921875 0.1046875
0 0.03125 0.9625 0.10625 0.1140625
0 0.56875 0.15625 0.11875 0.0765625
0 0.4640625 0.103125 0.0828125 0.053125
0 0.5828125 0.1171875 0.13125 0.0796875
0 0.571875 0.075 0.08125 0.053125
0 0.84375 0.5515625 0.071875 0.05
0 0.8546875 0.51875 0.0859375 0.0546875
0 0.8625 0.4859375 0.090625 0.05625
0 0.7328125 0.5671875 0.1453125 0.0859375
0 0.7328125 0.51875 0.1140625 0.065625
0 0.740625 0.478125 0.1234375 0.0734375
0 0.94375 0.165625 0.075 0.0484375
0 0.9578125 0.09375 0.0625 0.0421875
0 0.9890625 0.0390625 0.0984375 0.0765625
0 0.9234375 0.278125 0.09375 0.0546875
0 0.6 0.0078125 0.1 0.0625
0 0.5828125 0.040625 0.0875 0.0578125
0 0.4921875 0.025 0.05625 0.040625
0 0.490625 0.0546875 0.0484375 0.0328125
0 0.478125 0.0765625 0.0640625 0.04375
0 0.934375 0.1984375 0.0734375 0.0484375
0 0.921875 0.228125 0.0671875 0.04375
0 0.7546875 0.434375 0.1171875 0.06875
0 0.909375 0.309375 0.0859375 0.053125
0 0.8671875 0.4453125 0.075 0.0453125
0 0.7609375 0.39375 0.1265625 0.06875
0 0.8875 0.3765625 0.075 0.0484375
0 0.7734375 0.3515625 0.1234375 0.0703125
0 0.890625 0.34375 0.065625 0.0421875
0 0.7984375 0.309375 0.103125 0.05625
0 0.8 0.2671875 0.1203125 0.065625
0 0.8078125 0.2234375 0.1265625 0.0703125
0 0.828125 0.184375 0.109375 0.065625
0 0.846875 0.1421875 0.1 0.0609375
0 0.8515625 0.0984375 0.1046875 0.0671875
0 0.8765625 0.05625 0.0875 0.0578125
0 0.875 0.0109375 0.1078125 0.0671875
