0 0.19375 0.546875 0.0734375 0.046875
0 0.25625 0.609375 0.1390625 0.075
0 0.1140625 0.60625 0.0515625 0.0359375
0 0.0671875 0.6296875 0.040625 0.04375
0 0.3203125 0.8875 0.10625 0.1125
0 0.2359375 0.9 0.121875 0.121875
0 0.19375 0.86875 0.1078125 0.1140625
0 0.1640625 0.834375 0.11875 0.1203125
0 0.134375 0.80625 0.1171875 0.125
0 0.0953125 0.7671875 0.1296875 0.1359375
0 0.15625 0.9890625 0.05 0.0546875
0 0.1 0.9984375 0.1203125 0.1328125
0 0.071875 0.9640625 0.1203125 0.128125
0 0.2125 0.51875 0.059375 0.034375
0 0.2140625 0.4921875 0.0671875 0.04375
0 0.225 0.465625 0.065625 0.040625
0 0.2546875 0.3875 0.0578125 0.0390625
0 0.2796875 0.246875 0.0875 0.0515625
0 0.2828125 0.2765625 0.0625 0.04375
0 0.378125 0.3 0.103125 0.0609375
0 0.3578125 0.33125 0.0859375 0.05
0 0.2640625 0.325 0.08125 0.059375
0 0.3421875 0.365625 0.0703125 0.04375
0 0.3328125 0.3984375 0.0859375 0.053125
0 0.2953125 0.5765625 0.103125 0.0640625
0 0.2421875 0.4125 0.0671875 0.04375
0 0.3234375 0.434375 0.06875 0.046875
0 0.3140625 0.4671875 0.08125 0.0546875
0 0.2359375 0.4421875 0.0640625 0.04375
0 0.3109375 0.5046875 0.0921875 0.0578125
0 0.3 0.5390625 0.0921875 0.0578125
0 0.396875 0.26875 0.11875 0.0765625
0 0.2921875 0.215625 0.0828125 0.053125
0 0.4109375 0.2296875 0.13125 0.0796875
0 0.4 0.1875 0.08125 0.053125
0 0.9515625 0.7203125 0.1171875 0.14375
0 0.671875 0.6640625 0.071875 0.05
0 0.6828125 0.63125 0.0859375 0.0546875
0 0.690625 0.5984375 0.090625 0.05625
0 0.5609375 0.6796875 0.1453125 0.0859375
0 0.5609375 0.63125 0.1140625 0.065625
0 0.56875 0.590625 0.1234375 0.0734375
0 0.3515625 0.0515625 0.053125 0.034375
0 0.771875 0.278125 0.075 0.0484375
0 0.7859375 0.20625 0.0625 0.0421875
0 0.8171875 0.1515625 0.0984375 0.0765625
0 0.8359375 0.0828125 0.096875 0.078125
0 0.465625 0.0078125 0.10625 0.065625
0 0.46875 0.053125 0.1375 0.0859375
0 0.4390625 0.084375 0.0953125 0.05625
0 0.7515625 0.390625 0.09375 0.0546875
0 0.3421875 0.075 0.0578125 0.0359375
0 0.428125 0.1203125 0.1 0.0625
0 0.4109375 0.153125 0.0875 0.0578125
0 0.3203125 0.1375 0.05625 0.040625
0 0.31875 0.1671875 0.0484375 0.0328125
0 0.30625 0.1890625 0.0640625 0.04375
0 0.7625 0.3109375 0.0734375 0.0484375
0 0.75 0.340625 0.0671875 0.04375
0 0.5828125 0.546875 0.1171875 0.06875
0 0.7375 0.421875 0.0859375 0.053125
0 0.6953125 0.5578125 0.075 0.0453125
0 0.5890625 0.50625 0.1265625 0.06875
0 0.715625 0.4890625 0.075 0.0484375
0 0.6015625 0.4640625 0.1234375 0.0703125
0 0.71875 0.45625 0.065625 0.0421875
0 0.6265625 0.421875 0.103125 0.05625
0 0.628125 0.3796875 0.1203125 0.065625
0 0.7109375 0.084375 0.1203125 0.06875
0 0.6359375 0.3359375 0.1265625 0.0703125
0 0.65625 0.296875 0.109375 0.065625
0 0.675 0.2546875 0.1 0.0609375
0 0.6796875 0.2109375 0.1046875 0.0671875
0 0.7046875 0.16875 0.0875 0.0578125
0 0.703125 0.1234375 0.1078125 0.0671875
