4 0.075 0.090625 0.021875 0.046875
8 0.6546875 0.99375 0.04375 0.0484375
8 0.684375 0.9390625 0.046875 0.046875
8 0.953125 0.578125 0.0375 0.0375
8 0.91875 0.640625 0.0390625 0.040625
8 0.8890625 0.7015625 0.0375 0.0390625
8 0.8296875 0.60625 0.059375 0.0640625
8 0.8 0.9828125 0.0484375 0.0484375
8 0.8875 0.9578125 0.046875 0.046875
8 0.828125 0.9265625 0.0453125 0.05
8 0.915625 0.9 0.046875 0.0484375
8 0.85625 0.8703125 0.046875 0.046875
8 0.7703125 0.7703125 0.046875 0.046875
8 0.740625 0.825 0.046875 0.0484375
8 0.7125 0.8828125 0.046875 0.046875
8 0.9671875 0.74375 0.0375 0.0390625
4 0.01875 0.278125 0.025 0.05625
