0 0.9453125 0.1109375 0.0640625 0.0671875
0 0.984375 0.1765625 0.096875 0.103125
0 0.95 0.1625 0.0859375 0.090625
0 0.8921875 0.1140625 0.11875 0.128125
0 0.86875 0.071875 0.0953125 0.10625
0 0.615625 0.1703125 0.1078125 0.115625
0 0.5765625 0.1453125 0.0921875 0.1015625
0 0.6109375 0.615625 0.034375 0.0328125
0 0.6609375 0.3671875 0.071875 0.084375
0 0.634375 0.3421875 0.0703125 0.084375
0 0.6125 0.31875 0.065625 0.075
0 0.5828125 0.2984375 0.0671875 0.08125
0 0.55625 0.2796875 0.0703125 0.08125
0 0.534375 0.253125 0.05625 0.05625
0 0.50625 0.2421875 0.05 0.0484375
0 0.696875 0.6859375 0.1265625 0.13125
0 0.6796875 0.6328125 0.109375 0.115625
0 0.3984375 0.5375 0.0359375 0.0390625
0 0.390625 0.51875 0.0359375 0.0328125
0 0.534375 0.5359375 0.0671875 0.075
0 0.6390625 0.2 0.0875 0.0984375
0 0.678125 0.21875 0.1109375 0.1171875
0 0.6984375 0.25625 0.0796875 0.0875
0 0.815625 0.4984375 0.0578125 0.0703125
0 0.8125 0.046875 0.0453125 0.0515625
0 0.7890625 0.0328125 0.0484375 0.0546875
0 0.7640625 0.0171875 0.0578125 0.0671875
0 0.8296875 0.5328125 0.0859375 0.0953125
0 0.95625 0.509375 0.1171875 0.1359375
0 0.734375 0.4265625 0.0671875 0.075
0 0.93125 0.4703125 0.08125 0.0890625
0 0.90625 0.4359375 0.0921875 0.1046875
0 0.875 0.403125 0.10625 0.1140625
0 0.778125 0.334375 0.0640625 0.0703125
0 0.7625 0.2953125 0.103125 0.1171875
0 0.728125 0.2796875 0.0890625 0.0984375
0 0.4796875 0.5046875 0.0515625 0.0578125
