1 0.0546875 0.9984375 0.0390625 0.1140625
1 0.09375 0.9859375 0.046875 0.1765625
1 0.1375 0.990625 0.040625 0.1421875
1 0.178125 0.990625 0.040625 0.159375
1 0.2125 0.9734375 0.03125 0.1
1 0.246875 0.978125 0.0328125 0.1125
1 0.2015625 0.7828125 0.05 0.2125
1 0.240625 0.7796875 0.05 0.1796875
1 0.275 0.790625 0.0390625 0.1359375
1 0.3078125 0.771875 0.0359375 0.1640625
1 0.3390625 0.7859375 0.034375 0.125
1 0.1359375 0.625 0.115625 0.3546875
1 0.071875 0.5734375 0.0765625 0.2046875
1 0.0296875 0.5734375 0.071875 0.1953125
1 0.4 0.5796875 0.1640625 0.05625
1 0.1078125 0.81875 0.0421875 0.09375
1 0.68125 0.9125 0.1359375 0.3171875
1 0.7296875 0.9375 0.13125 0.315625
1 0.7765625 0.9671875 0.1390625 0.309375
1 0.5171875 0.0765625 0.1125 0.146875
1 0.5484375 0.0703125 0.0609375 0.0796875
1 0.0765625 0.8390625 0.0359375 0.1125
1 0.0890625 0.0625 0.0359375 0.0828125
1 0.046875 0.84375 0.0421875 0.140625
1 0.0875 0.746875 0.0421875 0.071875
1 0.06875 0.734375 0.0453125 0.0796875
1 0.0421875 0.740625 0.0453125 0.0765625
1 0.0125 0.74375 0.0421875 0.075
1 0.0125 0.8484375 0.03125 0.0796875
1 0.0203125 0.8765625 0.0171875 0.03125
1 0.1140625 0.0890625 0.0625 0.140625
1 0.1515625 0.1 0.06875 0.1609375
1 0.1875 0.11875 0.0671875 0.1765625
1 0.2234375 0.1078125 0.0515625 0.1203125
1 0.25625 0.0953125 0.05 0.1046875
1 0.2765625 0.1078125 0.0390625 0.084375
1 0.3109375 0.0953125 0.0421875 0.0671875
1 0.2828125 0.1625 0.04375 0.05
