0 0.0703125 0.9625 0.0765625 0.2046875
0 0.028125 0.9625 0.071875 0.1953125
0 0.3984375 0.96875 0.1640625 0.05625
0 0.515625 0.465625 0.1125 0.146875
0 0.546875 0.459375 0.0609375 0.0796875
0 0.853125 0.3109375 0.1125 0.0515625
0 0.0875 0.4515625 0.0359375 0.0828125
0 0.0015625 0.040625 0.059375 0.03125
0 0.1125 0.478125 0.0625 0.140625
0 0.15 0.4890625 0.06875 0.1609375
0 0.1859375 0.5078125 0.0671875 0.1765625
0 0.221875 0.496875 0.0515625 0.1203125
0 0.2546875 0.484375 0.05 0.1046875
0 0.275 0.496875 0.0390625 0.084375
0 0.309375 0.484375 0.0421875 0.0671875
0 0.28125 0.5515625 0.04375 0.05
