0 0.065625 0.8421875 0.05 0.2125
0 0.1046875 0.8390625 0.05 0.1796875
0 0.1390625 0.85 0.0390625 0.1359375
0 0.171875 0.83125 0.0359375 0.1640625
0 0.203125 0.8453125 0.034375 0.125
0 0.0 0.684375 0.115625 0.3546875
0 0.2640625 0.6390625 0.1640625 0.05625
0 0.5453125 0.971875 0.1359375 0.3171875
0 0.59375 0.996875 0.13125 0.315625
0 0.38125 0.1359375 0.1125 0.146875
0 0.4125 0.1296875 0.0609375 0.0796875
0 0.015625 0.159375 0.06875 0.1609375
0 0.0515625 0.178125 0.0671875 0.1765625
0 0.0875 0.1671875 0.0515625 0.1203125
0 0.1203125 0.1546875 0.05 0.1046875
0 0.140625 0.1671875 0.0390625 0.084375
0 0.175 0.1546875 0.0421875 0.0671875
0 0.146875 0.221875 0.04375 0.05
