4 0.5671875 0.928125 0.071875 0.084375
4 0.4609375 0.9421875 0.06875 0.0734375
8 0.00625 0.4203125 0.065625 0.065625
4 0.39375 0.934375 0.040625 0.0609375
4 0.859375 0.10625 0.0296875 0.0921875
4 0.734375 0.1515625 0.0375 0.1171875
4 0.7609375 0.2984375 0.0265625 0.09375
4 0.5546875 0.834375 0.0703125 0.0703125
4 0.890625 0.596875 0.0484375 0.0828125
4 0.771875 0.5453125 0.0359375 0.0859375
4 0.7359375 0.6484375 0.05625 0.0859375
4 0.6734375 0.7328125 0.0625 0.046875
4 0.35 0.8546875 0.071875 0.028125
4 0.340625 0.8359375 0.0640625 0.0296875
4 0.3515625 0.8015625 0.0734375 0.028125
4 0.3375 0.7859375 0.0609375 0.025
4 0.3265625 0.76875 0.0640625 0.025
4 0.325 0.7328125 0.0640625 0.028125
4 0.321875 0.7109375 0.078125 0.0296875
4 0.371875 0.66875 0.059375 0.025
4 0.4390625 0.6390625 0.059375 0.025
4 0.4890625 0.6484375 0.0578125 0.025
4 0.4921875 0.8171875 0.0546875 0.05625
