0 0.05625 0.721875 0.0390625 0.1140625
0 0.0953125 0.709375 0.046875 0.1765625
0 0.1390625 0.7140625 0.040625 0.1421875
0 0.1796875 0.7140625 0.040625 0.159375
0 0.2140625 0.696875 0.03125 0.1
0 0.2484375 0.7015625 0.0328125 0.1125
0 0.203125 0.50625 0.05 0.2125
0 0.2421875 0.503125 0.05 0.1796875
0 0.2765625 0.5140625 0.0390625 0.1359375
0 0.309375 0.4953125 0.0359375 0.1640625
0 0.340625 0.509375 0.034375 0.125
0 0.1375 0.3484375 0.115625 0.3546875
0 0.0734375 0.296875 0.0765625 0.2046875
0 0.03125 0.296875 0.071875 0.1953125
0 0.4015625 0.303125 0.1640625 0.05625
0 0.065625 0.9390625 0.1328125 0.228125
0 0.0125 0.9375 0.0921875 0.175
0 0.11875 0.9875 0.1640625 0.29375
0 0.109375 0.5421875 0.0421875 0.09375
0 0.6828125 0.6359375 0.1359375 0.3171875
0 0.73125 0.6609375 0.13125 0.315625
0 0.778125 0.690625 0.1390625 0.309375
0 0.078125 0.5625 0.0359375 0.1125
0 0.0484375 0.5671875 0.0421875 0.140625
0 0.0890625 0.4703125 0.0421875 0.071875
0 0.0703125 0.4578125 0.0453125 0.0796875
0 0.04375 0.4640625 0.0453125 0.0765625
0 0.0140625 0.4671875 0.0421875 0.075
0 0.0140625 0.571875 0.03125 0.0796875
0 0.021875 0.6 0.0171875 0.03125
0 0.0484375 0.821875 0.0359375 0.0734375
