0 0.4609375 0.86875 0.0171875 0.0484375
0 0.0140625 0.84375 0.015625 0.034375
0 0.059375 0.8078125 0.0484375 0.0296875
0 0.0734375 0.840625 0.0171875 0.0375
0 0.0828125 0.846875 0.01875 0.0328125
0 0.0921875 0.8578125 0.021875 0.0484375
0 0.103125 0.8609375 0.0203125 0.04375
0 0.125 0.8640625 0.0203125 0.0328125
0 0.146875 0.8671875 0.025 0.0421875
0 0.159375 0.8703125 0.021875 0.0375
0 0.134375 0.86875 0.0171875 0.03125
0 0.396875 0.846875 0.0234375 0.0421875
0 0.409375 0.85 0.0171875 0.0359375
0 0.4203125 0.8515625 0.015625 0.0375
0 0.4765625 0.8640625 0.025 0.065625
0 0.0515625 0.396875 0.0390625 0.1140625
0 0.090625 0.384375 0.046875 0.1765625
0 0.134375 0.3890625 0.040625 0.1421875
0 0.175 0.3890625 0.040625 0.159375
0 0.209375 0.371875 0.03125 0.1
0 0.24375 0.3765625 0.0328125 0.1125
0 0.1984375 0.18125 0.05 0.2125
0 0.2375 0.178125 0.05 0.1796875
0 0.271875 0.1890625 0.0390625 0.1359375
0 0.3046875 0.1703125 0.0359375 0.1640625
0 0.3359375 0.184375 0.034375 0.125
0 0.1328125 0.0234375 0.115625 0.3546875
0 0.028125 0.84375 0.01875 0.0546875
0 0.171875 0.7015625 0.1515625 0.29375
0 0.0046875 0.984375 0.0234375 0.05
0 0.01875 0.9875 0.025 0.0515625
0 0.0359375 0.9953125 0.034375 0.040625
0 0.0828125 0.996875 0.04375 0.0515625
0 0.0609375 0.6140625 0.1328125 0.228125
0 0.0078125 0.6125 0.0921875 0.175
0 0.1140625 0.6625 0.1640625 0.29375
0 0.221875 0.721875 0.128125 0.25
0 0.271875 0.771875 0.23125 0.4359375
0 0.353125 0.7515625 0.1578125 0.259375
0 0.40625 0.7609375 0.1390625 0.215625
0 0.3515625 0.928125 0.0546875 0.046875
0 0.3640625 0.9375 0.0453125 0.040625
0 0.296875 0.925 0.0578125 0.0578125
0 0.2828125 0.91875 0.040625 0.0421875
0 0.271875 0.9109375 0.0375 0.0453125
0 0.01875 0.7671875 0.0625 0.090625
0 0.1046875 0.2171875 0.0421875 0.09375
0 0.4875 0.7125 0.1640625 0.246875
0 0.5359375 0.7171875 0.1625 0.2421875
0 0.5875 0.7203125 0.1578125 0.2171875
0 0.6265625 0.74375 0.221875 0.2953125
0 0.671875 0.7734375 0.209375 0.278125
0 0.728125 0.8046875 0.2296875 0.2796875
0 0.75625 0.871875 0.228125 0.2734375
0 0.678125 0.3109375 0.1359375 0.3171875
0 0.7265625 0.3359375 0.13125 0.315625
0 0.7734375 0.365625 0.1390625 0.309375
0 0.815625 0.8859375 0.23125 0.2703125
0 0.0734375 0.2375 0.0359375 0.1125
0 0.04375 0.2421875 0.0421875 0.140625
0 0.084375 0.1453125 0.0421875 0.071875
0 0.065625 0.1328125 0.0453125 0.0796875
0 0.0390625 0.1390625 0.0453125 0.0765625
0 0.009375 0.1421875 0.0421875 0.075
0 0.009375 0.246875 0.03125 0.0796875
0 0.0171875 0.275 0.0171875 0.03125
0 0.04375 0.496875 0.0359375 0.0734375
0 0.2484375 0.953125 0.0234375 0.0359375
