0 0.9765625 0.0734375 0.1265625 0.0828125
0 0.540625 0.4171875 0.0828125 0.0828125
0 0.5234375 0.4453125 0.084375 0.08125
0 0.5125 0.4796875 0.1640625 0.15625
0 0.5015625 0.79375 0.1125 0.3796875
0 0.4671875 0.728125 0.0390625 0.1140625
0 0.875 0.578125 0.1671875 0.071875
0 0.7390625 0.5328125 0.0546875 0.03125
0 0.7375 0.5140625 0.0484375 0.0265625
0 0.8328125 0.5453125 0.0640625 0.021875
0 0.8328125 0.5328125 0.065625 0.03125
0 0.825 0.5125 0.046875 0.028125
0 0.9421875 0.434375 0.0375 0.0625
0 0.9546875 0.4734375 0.0203125 0.059375
0 0.990625 0.59375 0.065625 0.01875
