1 0.721875 0.7875 0.015625 0.034375
1 0.69375 0.7640625 0.0171875 0.0453125
1 0.7671875 0.7515625 0.0484375 0.0296875
1 0.78125 0.784375 0.0171875 0.0375
1 0.790625 0.790625 0.01875 0.0328125
1 0.8 0.8015625 0.021875 0.0484375
1 0.8109375 0.8046875 0.0203125 0.04375
1 0.8328125 0.8078125 0.0203125 0.0328125
1 0.8546875 0.8109375 0.025 0.0421875
1 0.8671875 0.8140625 0.021875 0.0375
1 0.8421875 0.8125 0.0171875 0.03125
1 0.678125 0.775 0.0125 0.0578125
1 0.759375 0.340625 0.0390625 0.1140625
1 0.7984375 0.328125 0.046875 0.1765625
1 0.8421875 0.3328125 0.040625 0.1421875
1 0.8828125 0.3328125 0.040625 0.159375
1 0.9171875 0.315625 0.03125 0.1
1 0.9515625 0.3203125 0.0328125 0.1125
1 0.90625 0.125 0.05 0.2125
1 0.9453125 0.121875 0.05 0.1796875
1 0.9796875 0.1328125 0.0390625 0.1359375
1 0.7359375 0.7875 0.01875 0.0546875
1 0.6796875 0.696875 0.040625 0.08125
1 0.8796875 0.6453125 0.1515625 0.29375
1 0.190625 0.16875 0.2140625 0.184375
1 0.2546875 0.1828125 0.0828125 0.0671875
1 0.390625 0.8328125 0.0234375 0.04375
1 0.7125 0.928125 0.0234375 0.05
1 0.7265625 0.93125 0.025 0.0515625
1 0.74375 0.9390625 0.034375 0.040625
1 0.790625 0.940625 0.04375 0.0515625
1 0.803125 0.953125 0.0359375 0.040625
1 0.8296875 0.9515625 0.034375 0.059375
1 0.8390625 0.9796875 0.0375 0.0640625
1 0.865625 0.984375 0.0171875 0.0625
1 0.76875 0.5578125 0.1328125 0.228125
1 0.715625 0.55625 0.0921875 0.175
1 0.821875 0.60625 0.1640625 0.29375
1 0.9296875 0.665625 0.128125 0.25
1 0.7046875 0.69375 0.046875 0.075
1 0.9796875 0.715625 0.23125 0.4359375
1 0.990625 0.99375 0.034375 0.0671875
1 0.990625 0.8625 0.040625 0.0421875
1 0.9796875 0.8546875 0.0375 0.0453125
1 0.7265625 0.7109375 0.0625 0.090625
1 0.8125 0.1609375 0.0421875 0.09375
1 0.61875 0.046875 0.03125 0.059375
1 0.6046875 0.040625 0.034375 0.0640625
1 0.6359375 0.0421875 0.040625 0.0734375
1 0.78125 0.18125 0.0359375 0.1125
1 0.7515625 0.1859375 0.0421875 0.140625
1 0.7921875 0.0890625 0.0421875 0.071875
1 0.7734375 0.0765625 0.0453125 0.0796875
1 0.746875 0.0828125 0.0453125 0.0765625
1 0.7171875 0.0859375 0.0421875 0.075
1 0.7171875 0.190625 0.03125 0.0796875
1 0.7015625 0.1875 0.034375 0.0859375
1 0.725 0.21875 0.0171875 0.03125
1 0.7015625 0.0640625 0.0484375 0.0921875
1 0.7515625 0.440625 0.0359375 0.0734375
1 0.68125 0.5546875 0.0609375 0.1203125
1 0.6609375 0.7125 0.025 0.034375
1 0.95625 0.896875 0.0234375 0.0359375
1 0.65 0.053125 0.046875 0.084375
1 0.6875 0.053125 0.0390625 0.0640625
1 0.671875 0.046875 0.0359375 0.059375
1 0.2203125 0.0578125 0.26875 0.2203125
