0 0.0234375 0.9296875 0.040625 0.1421875
0 0.0640625 0.9296875 0.040625 0.159375
0 0.0984375 0.9125 0.03125 0.1
0 0.1328125 0.9171875 0.0328125 0.1125
0 0.0875 0.721875 0.05 0.2125
0 0.1265625 0.71875 0.05 0.1796875
0 0.1609375 0.7296875 0.0390625 0.1359375
0 0.19375 0.7109375 0.0359375 0.1640625
0 0.225 0.725 0.034375 0.125
0 0.021875 0.5640625 0.115625 0.3546875
0 0.2859375 0.51875 0.1640625 0.05625
0 0.5671875 0.8515625 0.1359375 0.3171875
0 0.615625 0.8765625 0.13125 0.315625
0 0.6625 0.90625 0.1390625 0.309375
0 0.403125 0.015625 0.1125 0.146875
0 0.434375 0.009375 0.0609375 0.0796875
0 0.0 0.028125 0.0625 0.140625
0 0.0375 0.0390625 0.06875 0.1609375
0 0.0734375 0.0578125 0.0671875 0.1765625
0 0.109375 0.046875 0.0515625 0.1203125
0 0.1421875 0.034375 0.05 0.1046875
0 0.1625 0.046875 0.0390625 0.084375
0 0.196875 0.034375 0.0421875 0.0671875
0 0.16875 0.1015625 0.04375 0.05
