0 0.046875 0.940625 0.015625 0.034375
0 0.01875 0.9171875 0.0171875 0.0453125
0 0.0921875 0.9046875 0.0484375 0.0296875
0 0.10625 0.9375 0.0171875 0.0375
0 0.115625 0.94375 0.01875 0.0328125
0 0.125 0.9546875 0.021875 0.0484375
0 0.1359375 0.9578125 0.0203125 0.04375
0 0.1578125 0.9609375 0.0203125 0.0328125
0 0.1796875 0.9640625 0.025 0.0421875
0 0.1921875 0.9671875 0.021875 0.0375
0 0.1671875 0.965625 0.0171875 0.03125
0 0.4296875 0.94375 0.0234375 0.0421875
0 0.4421875 0.946875 0.0171875 0.0359375
0 0.453125 0.9484375 0.015625 0.0375
0 0.509375 0.9609375 0.025 0.065625
0 0.003125 0.928125 0.0125 0.0578125
0 0.084375 0.49375 0.0390625 0.1140625
0 0.1234375 0.48125 0.046875 0.1765625
0 0.1671875 0.4859375 0.040625 0.1421875
0 0.2078125 0.4859375 0.040625 0.159375
0 0.2421875 0.46875 0.03125 0.1
0 0.2765625 0.4734375 0.0328125 0.1125
0 0.23125 0.278125 0.05 0.2125
0 0.2703125 0.275 0.05 0.1796875
0 0.3046875 0.2859375 0.0390625 0.1359375
0 0.3375 0.2671875 0.0359375 0.1640625
0 0.36875 0.28125 0.034375 0.125
0 0.165625 0.1203125 0.115625 0.3546875
0 0.1015625 0.06875 0.0765625 0.2046875
0 0.059375 0.06875 0.071875 0.1953125
0 0.0609375 0.940625 0.01875 0.0546875
0 0.0046875 0.85 0.040625 0.08125
0 0.4296875 0.075 0.1640625 0.05625
0 0.2046875 0.7984375 0.1515625 0.29375
0 0.09375 0.7109375 0.1328125 0.228125
0 0.040625 0.709375 0.0921875 0.175
0 0.146875 0.759375 0.1640625 0.29375
0 0.2546875 0.81875 0.128125 0.25
0 0.0296875 0.846875 0.046875 0.075
0 0.3046875 0.86875 0.23125 0.4359375
0 0.3859375 0.8484375 0.1578125 0.259375
0 0.4390625 0.8578125 0.1390625 0.215625
0 0.0515625 0.8640625 0.0625 0.090625
0 0.00625 0.0453125 0.1046875 0.253125
0 0.1375 0.3140625 0.0421875 0.09375
0 0.5203125 0.809375 0.1640625 0.246875
0 0.56875 0.8140625 0.1625 0.2421875
0 0.6203125 0.8171875 0.1578125 0.2171875
0 0.659375 0.840625 0.221875 0.2953125
0 0.7046875 0.8703125 0.209375 0.278125
0 0.7609375 0.9015625 0.2296875 0.2796875
0 0.7890625 0.96875 0.228125 0.2734375
0 0.7109375 0.4078125 0.1359375 0.3171875
0 0.759375 0.4328125 0.13125 0.315625
0 0.80625 0.4625 0.1390625 0.309375
0 0.8484375 0.9828125 0.23125 0.2703125
0 0.10625 0.334375 0.0359375 0.1125
0 0.0765625 0.3390625 0.0421875 0.140625
0 0.1171875 0.2421875 0.0421875 0.071875
0 0.0984375 0.2296875 0.0453125 0.0796875
0 0.071875 0.2359375 0.0453125 0.0765625
0 0.0421875 0.2390625 0.0421875 0.075
0 0.0421875 0.34375 0.03125 0.0796875
0 0.0265625 0.340625 0.034375 0.0859375
0 0.05 0.371875 0.0171875 0.03125
0 0.0265625 0.2171875 0.0484375 0.0921875
0 0.0765625 0.59375 0.0359375 0.0734375
0 0.00625 0.7078125 0.0609375 0.1203125
0 0.0125 0.20625 0.0390625 0.0640625
