1 0.721875 0.6984375 0.0390625 0.1140625
1 0.7609375 0.6859375 0.046875 0.1765625
1 0.8046875 0.690625 0.040625 0.1421875
1 0.8453125 0.690625 0.040625 0.159375
1 0.8796875 0.6734375 0.03125 0.1
1 0.9140625 0.678125 0.0328125 0.1125
1 0.86875 0.4828125 0.05 0.2125
1 0.9078125 0.4796875 0.05 0.1796875
1 0.9421875 0.490625 0.0390625 0.1359375
1 0.975 0.471875 0.0359375 0.1640625
1 0.803125 0.325 0.115625 0.3546875
1 0.7390625 0.2734375 0.0765625 0.2046875
1 0.696875 0.2734375 0.071875 0.1953125
1 0.153125 0.5265625 0.2140625 0.184375
1 0.2171875 0.540625 0.0828125 0.0671875
1 0.73125 0.915625 0.1328125 0.228125
1 0.678125 0.9140625 0.0921875 0.175
1 0.784375 0.9640625 0.1640625 0.29375
1 0.64375 0.25 0.1046875 0.253125
1 0.775 0.51875 0.0421875 0.09375
1 0.58125 0.4046875 0.03125 0.059375
1 0.5671875 0.3984375 0.034375 0.0640625
1 0.5984375 0.4 0.040625 0.0734375
1 0.74375 0.5390625 0.0359375 0.1125
1 0.7140625 0.54375 0.0421875 0.140625
1 0.7546875 0.446875 0.0421875 0.071875
1 0.7359375 0.434375 0.0453125 0.0796875
1 0.709375 0.440625 0.0453125 0.0765625
1 0.6796875 0.44375 0.0421875 0.075
1 0.6796875 0.5484375 0.03125 0.0796875
1 0.6640625 0.5453125 0.034375 0.0859375
1 0.6875 0.5765625 0.0171875 0.03125
1 0.6640625 0.421875 0.0484375 0.0921875
1 0.7140625 0.7984375 0.0359375 0.0734375
1 0.64375 0.9125 0.0609375 0.1203125
1 0.6125 0.4109375 0.046875 0.084375
1 0.65 0.4109375 0.0390625 0.0640625
1 0.634375 0.4046875 0.0359375 0.059375
1 0.1828125 0.415625 0.26875 0.2203125
