0 0.1390625 0.0171875 0.1171875 0.1203125
0 0.1171875 0.04375 0.1265625 0.121875
0 0.0953125 0.0671875 0.1203125 0.115625
0 0.0734375 0.090625 0.1390625 0.1265625
0 0.0546875 0.1171875 0.1140625 0.1078125
0 0.0359375 0.140625 0.1203125 0.1015625
0 0.2078125 0.24375 0.1546875 0.1296875
0 0.2265625 0.2046875 0.15 0.125
0 0.0375 0.6734375 0.121875 0.1046875
0 0.0546875 0.6453125 0.115625 0.096875
0 0.484375 0.109375 0.159375 0.1265625
0 0.4578125 0.1421875 0.1609375 0.128125
0 0.45 0.1828125 0.18125 0.1375
0 0.4328125 0.21875 0.1875 0.1484375
0 0.415625 0.2578125 0.15 0.1140625
0 0.3984375 0.29375 0.15625 0.1140625
0 0.3734375 0.325 0.1625 0.1125
0 0.3609375 0.365625 0.1640625 0.11875
0 0.5140625 0.4859375 0.15625 0.1234375
0 0.6546875 0.6015625 0.175 0.1375
0 0.675 0.56875 0.178125 0.1390625
0 0.696875 0.5375 0.178125 0.140625
0 0.9953125 0.6296875 0.175 0.1375
0 0.9765625 0.6640625 0.18125 0.1484375
0 0.95625 0.6953125 0.1765625 0.1453125
0 0.9359375 0.728125 0.18125 0.1484375
0 0.915625 0.759375 0.1796875 0.1453125
0 0.896875 0.790625 0.1828125 0.1453125
0 0.7671875 0.3453125 0.171875 0.1
0 0.75625 0.3828125 0.1484375 0.090625
0 0.73125 0.4140625 0.175 0.109375
0 0.71875 0.4546875 0.16875 0.10625
0 0.715625 0.5046875 0.18125 0.1421875
