8 0.0265625 0.4578125 0.034375 0.0328125
8 0.109375 0.125 0.053125 0.0578125
8 0.03125 0.225 0.0375 0.0359375
8 0.0734375 0.259375 0.03125 0.0359375
8 0.0375 0.303125 0.0375 0.034375
8 0.08125 0.3328125 0.0390625 0.0390625
8 0.1140625 0.2953125 0.034375 0.034375
8 0.0421875 0.06875 0.05625 0.0578125
8 0.0984375 0.0015625 0.053125 0.059375
8 0.165625 0.0578125 0.059375 0.05625
8 0.05625 0.746875 0.1296875 0.1328125
8 0.140625 0.5984375 0.09375 0.0953125
8 0.3171875 0.04375 0.0328125 0.0328125
8 0.359375 0.0796875 0.0390625 0.034375
8 0.2296875 0.109375 0.0515625 0.046875
8 0.2859375 0.1578125 0.046875 0.0484375
8 0.1703125 0.1796875 0.0515625 0.0484375
8 0.2296875 0.2265625 0.05 0.0484375
8 0.375 0.3640625 0.0609375 0.0671875
8 0.440625 0.4171875 0.065625 0.071875
8 0.2453125 0.75625 0.134375 0.1375
8 0.1390625 0.915625 0.1390625 0.13125
