0 0.425 0.3625 0.0421875 0.0828125
0 0.40625 0.3875 0.059375 0.096875
0 0.5375 0.4234375 0.18125 0.0875
0 0.4890625 0.753125 0.0609375 0.08125
0 0.5 0.728125 0.05625 0.071875
0 0.5140625 0.7078125 0.0640625 0.078125
0 0.3078125 0.1453125 0.0640625 0.096875
0 0.540625 0.703125 0.05625 0.06875
0 0.33125 0.128125 0.0734375 0.1015625
0 0.35625 0.1140625 0.075 0.0921875
0 0.375 0.09375 0.0828125 0.0921875
0 0.3921875 0.071875 0.071875 0.0796875
0 0.50625 0.59375 0.1171875 0.1765625
0 0.56875 0.4921875 0.1625 0.0828125
0 0.7828125 0.8671875 0.1625 0.0984375
0 0.4828125 0.1546875 0.065625 0.0984375
0 0.4625 0.175 0.0609375 0.090625
0 0.44375 0.190625 0.059375 0.084375
0 0.425 0.2109375 0.078125 0.103125
0 0.4078125 0.2390625 0.0953125 0.1359375
0 0.3796875 0.253125 0.0734375 0.1078125
0 0.3578125 0.2734375 0.0609375 0.0984375
0 0.4234375 0.0296875 0.0921875 0.0875
0 0.409375 0.0546875 0.0765625 0.0828125
