0 0.0390625 0.5453125 0.1171875 0.1203125
0 0.0171875 0.571875 0.1265625 0.121875
0 0.1078125 0.771875 0.1546875 0.1296875
0 0.065625 0.521875 0.1 0.0890625
0 0.1265625 0.7328125 0.15 0.125
0 0.384375 0.6375 0.159375 0.1265625
0 0.3578125 0.6703125 0.1609375 0.128125
0 0.35 0.7109375 0.18125 0.1375
0 0.3328125 0.746875 0.1875 0.1484375
0 0.315625 0.7859375 0.15 0.1140625
0 0.2984375 0.821875 0.15625 0.1140625
0 0.2734375 0.853125 0.1625 0.1125
0 0.2609375 0.89375 0.1640625 0.11875
0 0.6671875 0.8734375 0.171875 0.1
0 0.65625 0.9109375 0.1484375 0.090625
0 0.63125 0.9421875 0.175 0.109375
0 0.61875 0.9828125 0.16875 0.10625
