0 0.5921875 0.5125 0.1171875 0.1203125
0 0.5703125 0.5390625 0.1265625 0.121875
0 0.5484375 0.5625 0.1203125 0.115625
0 0.5265625 0.5859375 0.1390625 0.1265625
0 0.5078125 0.6125 0.1140625 0.1078125
0 0.4890625 0.6359375 0.1203125 0.1015625
0 0.5265625 0.3453125 0.096875 0.0890625
0 0.5015625 0.365625 0.1203125 0.1140625
0 0.4640625 0.415625 0.11875 0.1109375
0 0.6609375 0.7390625 0.1546875 0.1296875
0 0.4421875 0.4375 0.13125 0.1234375
0 0.425 0.4640625 0.1265625 0.1171875
0 0.40625 0.490625 0.128125 0.1171875
0 0.3828125 0.5125 0.1234375 0.1109375
0 0.3625 0.5390625 0.1390625 0.1203125
0 0.61875 0.4890625 0.1 0.0890625
0 0.6796875 0.7 0.15 0.125
0 0.1015625 0.1140625 0.1359375 0.09375
0 0.1171875 0.146875 0.1328125 0.090625
0 0.153125 0.984375 0.1140625 0.1078125
0 0.1359375 0.959375 0.0921875 0.090625
0 0.9375 0.6046875 0.159375 0.1265625
0 0.9109375 0.6375 0.1609375 0.128125
0 0.903125 0.678125 0.18125 0.1375
0 0.8859375 0.7140625 0.1875 0.1484375
0 0.86875 0.753125 0.15 0.1140625
0 0.8515625 0.7890625 0.15625 0.1140625
0 0.8265625 0.8203125 0.1625 0.1125
0 0.8140625 0.8609375 0.1640625 0.11875
0 0.9671875 0.98125 0.15625 0.1234375
