8 0.73125 0.65625 0.021875 0.021875
8 0.7515625 0.671875 0.021875 0.021875
8 0.775 0.6890625 0.025 0.0234375
8 0.8 0.7015625 0.0234375 0.0234375
8 0.690625 0.6234375 0.0203125 0.021875
8 0.7125 0.6390625 0.0234375 0.021875
8 0.671875 0.60625 0.021875 0.021875
8 0.5765625 0.884375 0.0265625 0.025
8 0.421875 0.9765625 0.0328125 0.0328125
8 0.446875 0.946875 0.03125 0.03125
8 0.471875 0.9171875 0.0328125 0.034375
8 0.49375 0.8890625 0.0265625 0.025
8 0.56875 0.8359375 0.0265625 0.0265625
8 0.55 0.8625 0.0265625 0.0265625
8 0.2421875 0.9921875 0.0234375 0.025
8 0.2703125 0.978125 0.03125 0.0296875
8 0.5953125 0.8609375 0.0265625 0.025
8 0.5296875 0.8859375 0.028125 0.028125
8 0.65 0.5875 0.021875 0.0203125
8 0.8375 0.65625 0.0234375 0.0171875
8 0.6515625 0.5390625 0.0203125 0.021875
8 0.6703125 0.553125 0.015625 0.01875
8 0.6875 0.56875 0.0203125 0.021875
8 0.7078125 0.5828125 0.0171875 0.0203125
8 0.7625 0.59375 0.01875 0.0203125
8 0.78125 0.609375 0.0171875 0.0171875
8 0.8 0.6234375 0.0203125 0.021875
8 0.8203125 0.640625 0.01875 0.0171875
8 0.859375 0.6703125 0.0203125 0.021875
8 0.55625 0.9078125 0.025 0.025
8 0.74375 0.615625 0.01875 0.0203125
8 0.7625 0.6296875 0.0203125 0.0203125
8 0.7828125 0.646875 0.01875 0.0203125
8 0.8046875 0.6609375 0.01875 0.0203125
8 0.821875 0.6765625 0.021875 0.01875
8 0.8390625 0.6921875 0.0203125 0.01875
8 0.6078125 0.5546875 0.0203125 0.021875
8 0.6296875 0.5703125 0.01875 0.0203125
8 0.63125 0.521875 0.01875 0.0203125
8 0.7984375 0.584375 0.025 0.0296875
8 0.725 0.5625 0.01875 0.0203125
8 0.7046875 0.5453125 0.0171875 0.0203125
8 0.5140625 0.9140625 0.025 0.025
8 0.5375 0.93125 0.028125 0.0265625
8 0.490625 0.95 0.021875 0.0234375
8 0.471875 0.9703125 0.0203125 0.021875
8 0.45625 0.9921875 0.021875 0.0234375
8 0.875 0.6453125 0.0265625 0.0234375
8 0.846875 0.6234375 0.0265625 0.0265625
8 0.8234375 0.6046875 0.0265625 0.028125
8 0.678125 0.4859375 0.025 0.0234375
8 0.703125 0.50625 0.0234375 0.0234375
8 0.728125 0.528125 0.0234375 0.028125
8 0.6484375 0.5015625 0.0203125 0.01875
8 0.6671875 0.5171875 0.0171875 0.01875
8 0.6875 0.5296875 0.01875 0.0203125
4 0.8921875 0.1234375 0.04375 0.04375
4 0.4359375 0.54375 0.0390625 0.05
4 0.3765625 0.6171875 0.034375 0.040625
4 0.2703125 0.6640625 0.0359375 0.0421875
4 0.1265625 0.90625 0.0421875 0.0453125
4 0.0921875 0.946875 0.0359375 0.0421875
4 0.05625 0.9890625 0.0359375 0.046875
