0 0.6515625 0.9578125 0.10625 0.128125
0 0.534375 0.2828125 0.0859375 0.096875
0 0.59375 0.371875 0.0484375 0.0546875
0 0.4671875 0.5046875 0.14375 0.16875
0 0.21875 0.6921875 0.15 0.171875
0 0.2859375 0.7265625 0.1625 0.1921875
0 0.653125 0.828125 0.0875 0.0953125
0 0.8390625 0.7640625 0.0328125 0.0375
0 0.8046875 0.6484375 0.0421875 0.046875
0 0.54375 0.3046875 0.071875 0.0828125
0 0.584375 0.359375 0.0703125 0.0828125
0 0.853125 0.7203125 0.1078125 0.1234375
0 0.790625 0.6390625 0.040625 0.04375
