1 0.671875 0.9515625 0.046875 0.05
1 0.00625 0.878125 0.10625 0.128125
7 0.8609375 0.659375 0.0515625 0.0484375
7 0.878125 0.63125 0.0515625 0.0453125
6 0.2484375 0.2078125 0.0640625 0.05625
13 0.478125 0.446875 0.13125 0.1078125
14 0.475 0.4421875 0.234375 0.190625
2 0.028125 0.790625 0.6125 0.725
1 0.0078125 0.7484375 0.0875 0.0953125
1 0.19375 0.684375 0.0328125 0.0375
1 0.159375 0.56875 0.0421875 0.046875
1 0.2078125 0.640625 0.1078125 0.1234375
1 0.621875 0.8625 0.0734375 0.084375
1 0.6578125 0.94375 0.0578125 0.0671875
1 0.1453125 0.559375 0.040625 0.04375
