0 0.0515625 0.0015625 0.1140625 0.1078125
0 0.0328125 0.025 0.1203125 0.1015625
0 0.2046875 0.128125 0.1546875 0.1296875
0 0.2234375 0.0890625 0.15 0.125
0 0.034375 0.5578125 0.121875 0.1046875
0 0.0515625 0.5296875 0.115625 0.096875
0 0.4546875 0.0265625 0.1609375 0.128125
0 0.446875 0.0671875 0.18125 0.1375
0 0.4296875 0.103125 0.1875 0.1484375
0 0.4125 0.1421875 0.15 0.1140625
0 0.3953125 0.178125 0.15625 0.1140625
0 0.3703125 0.209375 0.1625 0.1125
0 0.3578125 0.25 0.1640625 0.11875
0 0.5109375 0.3703125 0.15625 0.1234375
0 0.6515625 0.4859375 0.175 0.1375
0 0.671875 0.453125 0.178125 0.1390625
0 0.69375 0.421875 0.178125 0.140625
0 0.9921875 0.5140625 0.175 0.1375
0 0.9734375 0.5484375 0.18125 0.1484375
0 0.953125 0.5796875 0.1765625 0.1453125
0 0.9328125 0.6125 0.18125 0.1484375
0 0.9125 0.64375 0.1796875 0.1453125
0 0.89375 0.675 0.1828125 0.1453125
0 0.7640625 0.2296875 0.171875 0.1
0 0.753125 0.2671875 0.1484375 0.090625
0 0.728125 0.2984375 0.175 0.109375
0 0.715625 0.3390625 0.16875 0.10625
0 0.7125 0.3890625 0.18125 0.1421875
