8 0.0375 0.378125 0.0546875 0.053125
8 0.06875 0.2015625 0.0390625 0.0390625
8 0.1109375 0.5953125 0.040625 0.0359375
8 0.184375 0.675 0.0484375 0.046875
8 0.1515625 0.625 0.0375 0.0375
8 0.1421875 0.55625 0.0390625 0.0390625
8 0.18125 0.5890625 0.0375 0.0359375
8 0.2203125 0.6296875 0.0484375 0.046875
8 0.028125 0.1734375 0.0390625 0.040625
8 0.034375 0.2453125 0.040625 0.0359375
8 0.1078125 0.2296875 0.0359375 0.0359375
8 0.075 0.271875 0.0390625 0.0359375
8 0.146875 0.259375 0.0390625 0.0375
8 0.1140625 0.3015625 0.0359375 0.0390625
8 0.121875 0.6625 0.0390625 0.0359375
8 0.15 0.715625 0.046875 0.0484375
8 0.0828125 0.6296875 0.0375 0.040625
8 0.0921875 0.696875 0.0390625 0.040625
8 0.028125 0.51875 0.084375 0.0828125
8 0.0890625 0.44375 0.084375 0.0828125
8 0.0140625 0.796875 0.028125 0.03125
8 0.0234375 0.703125 0.0390625 0.0390625
8 0.040625 0.759375 0.0296875 0.0296875
8 0.115625 0.7625 0.0453125 0.046875
8 0.0515625 0.665625 0.0390625 0.0375
8 0.065625 0.73125 0.0296875 0.03125
