0 0.8265625 0.90625 0.16875 0.15
0 0.8015625 0.9296875 0.134375 0.115625
0 0.709375 0.578125 0.1984375 0.128125
0 0.6921875 0.6109375 0.1984375 0.1265625
0 0.040625 0.3359375 0.15625 0.1234375
0 0.18125 0.4515625 0.175 0.1375
0 0.2015625 0.41875 0.178125 0.1390625
0 0.2234375 0.3875 0.178125 0.140625
0 0.678125 0.646875 0.190625 0.128125
0 0.6578125 0.6828125 0.165625 0.128125
0 0.640625 0.7109375 0.1578125 0.128125
0 0.6171875 0.7375 0.178125 0.146875
0 0.59375 0.76875 0.184375 0.1484375
0 0.521875 0.4796875 0.175 0.1375
0 0.503125 0.5140625 0.18125 0.1484375
0 0.4828125 0.5453125 0.1765625 0.1453125
0 0.4625 0.578125 0.18125 0.1484375
0 0.4421875 0.609375 0.1796875 0.1453125
0 0.4234375 0.640625 0.1828125 0.1453125
0 0.29375 0.1953125 0.171875 0.1
0 0.2828125 0.2328125 0.1484375 0.090625
0 0.2578125 0.2640625 0.175 0.109375
0 0.2453125 0.3046875 0.16875 0.10625
0 0.2421875 0.3546875 0.18125 0.1421875
