0 0.575 0.053125 0.1109375 0.103125
0 0.503125 0.140625 0.109375 0.0984375
0 0.4703125 0.184375 0.11875 0.1015625
0 0.428125 0.228125 0.1015625 0.0921875
0 0.359375 0.0328125 0.11875 0.1078125
0 0.11875 0.7609375 0.1890625 0.16875
0 0.2578125 0.453125 0.1125 0.0984375
0 0.1625 0.5953125 0.1140625 0.1015625
0 0.2484375 0.190625 0.103125 0.09375
0 0.221875 0.2234375 0.0984375 0.0890625
0 0.159375 0.30625 0.0984375 0.0921875
0 0.13125 0.3421875 0.096875 0.0875
0 0.0953125 0.384375 0.1 0.0890625
0 0.009375 0.5015625 0.096875 0.0859375
0 0.6171875 0.0125 0.115625 0.096875
