0 0.1671875 0.9734375 0.20625 0.19375
0 0.434375 0.13125 0.1109375 0.103125
0 0.3625 0.21875 0.109375 0.0984375
0 0.3296875 0.2625 0.11875 0.1015625
0 0.2875 0.30625 0.1015625 0.0921875
0 0.2453125 0.0765625 0.1125 0.10625
0 0.21875 0.1109375 0.11875 0.1078125
0 0.1171875 0.53125 0.1125 0.0984375
0 0.021875 0.6734375 0.1140625 0.1015625
0 0.1078125 0.26875 0.103125 0.09375
0 0.08125 0.3015625 0.0984375 0.0890625
0 0.01875 0.384375 0.0984375 0.0921875
0 0.4765625 0.090625 0.115625 0.096875
0 0.50625 0.04375 0.1140625 0.1015625
