15 0.1734375 0.8953125 0.1015625 0.0953125
1 0.0890625 0.9328125 0.0765625 0.071875
1 0.2875 0.83125 0.234375 0.2515625
1 0.5 0.5875 0.2109375 0.2265625
1 0.7046875 0.353125 0.1765625 0.1859375
15 0.2265625 0.840625 0.103125 0.09375
15 0.940625 0.0234375 0.08125 0.06875
15 0.9234375 0.040625 0.0703125 0.059375
15 0.8953125 0.065625 0.0796875 0.0734375
15 0.875 0.0890625 0.0828125 0.075
15 0.8390625 0.1390625 0.075 0.06875
15 0.76875 0.2546875 0.1125 0.1046875
15 0.7125 0.31875 0.1171875 0.103125
15 0.696875 0.3328125 0.10625 0.1015625
15 0.6859375 0.35 0.109375 0.0984375
15 0.66875 0.3671875 0.1234375 0.1078125
15 0.55625 0.4875 0.1171875 0.10625
15 0.5078125 0.5375 0.1140625 0.1015625
15 0.496875 0.5546875 0.109375 0.096875
15 0.4796875 0.56875 0.1078125 0.1
15 0.4671875 0.5875 0.1125 0.1078125
15 0.3546875 0.696875 0.109375 0.09375
15 0.3140625 0.7453125 0.1046875 0.0953125
15 0.2984375 0.759375 0.1125 0.103125
15 0.2578125 0.796875 0.1015625 0.0890625
15 0.240625 0.821875 0.10625 0.096875
