8 0.078125 0.2375 0.03125 0.034375
8 0.0578125 0.2875 0.0359375 0.040625
8 0.0265625 0.3265625 0.0359375 0.0390625
8 0.046875 0.43125 0.0625 0.0625
8 0.0375 0.51875 0.0640625 0.0578125
8 0.059375 0.0421875 0.06875 0.0640625
8 0.2875 0.209375 0.1171875 0.1125
8 0.275 0.3578125 0.1171875 0.1125
8 0.9359375 0.0625 0.0875 0.0875
8 0.8328125 0.3125 0.0625 0.0609375
8 0.840625 0.2296875 0.0609375 0.0625
8 0.7359375 0.234375 0.0875 0.08125
8 0.721875 0.3640625 0.0859375 0.0875
8 0.5921875 0.2375 0.109375 0.109375
8 0.578125 0.3890625 0.1125 0.1109375
8 0.428125 0.371875 0.1125 0.1109375
8 0.440625 0.221875 0.1171875 0.1078125
8 0.8 0.0296875 0.1125 0.115625
8 0.615625 0.009375 0.1109375 0.115625
