8 0.5328125 0.7171875 0.046875 0.05
8 0.4671875 0.7828125 0.05 0.046875
8 0.5328125 0.7828125 0.05 0.05
8 0.5359375 0.9171875 0.0296875 0.03125
8 0.571875 0.9171875 0.03125 0.0328125
8 0.465625 0.7171875 0.0484375 0.0484375
8 0.54375 0.634375 0.028125 0.028125
8 0.50625 0.634375 0.028125 0.028125
8 0.46875 0.634375 0.028125 0.03125
8 0.46875 0.5890625 0.0265625 0.0265625
8 0.50625 0.590625 0.028125 0.028125
8 0.5421875 0.590625 0.028125 0.028125
8 0.68125 0.78125 0.096875 0.096875
8 0.8125 0.7828125 0.096875 0.09375
8 0.6828125 0.653125 0.096875 0.09375
8 0.8109375 0.6515625 0.0953125 0.096875
1 0.1046875 0.125 0.03125 0.0421875
1 0.1125 0.1296875 0.028125 0.040625
1 0.1625 0.0640625 0.021875 0.0515625
1 0.171875 0.0671875 0.0203125 0.053125
1 0.18125 0.06875 0.025 0.0546875
1 0.1890625 0.071875 0.025 0.053125
1 0.2 0.0734375 0.025 0.0484375
1 0.2078125 0.0796875 0.021875 0.0421875
1 0.2734375 0.0328125 0.0125 0.046875
1 0.2828125 0.028125 0.015625 0.0515625
1 0.2921875 0.0265625 0.0125 0.053125
1 0.3015625 0.025 0.0125 0.053125
1 0.3125 0.0234375 0.0125 0.053125
1 0.3234375 0.021875 0.0125 0.05625
8 0.4578125 0.9375 0.015625 0.015625
