8 0.6078125 0.1171875 0.0625 0.065625
8 0.6078125 0.1953125 0.065625 0.059375
8 0.4703125 0.1796875 0.078125 0.0328125
8 0.365625 0.1953125 0.0765625 0.075
8 0.325 0.3765625 0.0875 0.084375
8 0.4453125 0.375 0.0859375 0.0890625
8 0.7984375 0.0125 0.096875 0.0984375
8 0.896875 0.0390625 0.0484375 0.05
6 0.3828125 0.96875 0.046875 0.0625
8 0.565625 0.3390625 0.0265625 0.03125
8 0.615625 0.3390625 0.028125 0.0296875
8 0.6546875 0.3015625 0.028125 0.0296875
8 0.3265625 0.49375 0.084375 0.0890625
8 0.4453125 0.4921875 0.090625 0.0921875
8 0.7796875 0.3140625 0.096875 0.0984375
8 0.909375 0.3234375 0.0953125 0.0984375
8 0.7875 0.1875 0.09375 0.096875
8 0.9171875 0.19375 0.096875 0.0921875
8 0.178125 0.5046875 0.0484375 0.05
8 0.00625 0.121875 0.0375 0.0390625
8 0.0765625 0.1109375 0.0125 0.0140625
8 0.0765625 0.134375 0.0125 0.0140625
8 0.0734375 0.1671875 0.025 0.0296875
8 0.178125 0.365625 0.05 0.053125
8 0.178125 0.434375 0.053125 0.0546875
9 0.1125 0.8015625 0.0296875 0.046875
