0 0.75625 0.9015625 0.0421875 0.09375
0 0.775 0.896875 0.040625 0.0984375
0 0.559375 0.25 0.128125 0.021875
0 0.5609375 0.2734375 0.1296875 0.0234375
0 0.403125 0.203125 0.134375 0.025
0 0.4015625 0.2296875 0.134375 0.025
0 0.4015625 0.253125 0.128125 0.0234375
0 0.40625 0.2765625 0.128125 0.021875
0 0.23125 0.2046875 0.1359375 0.021875
0 0.2328125 0.228125 0.1375 0.0234375
0 0.2296875 0.2515625 0.1359375 0.0234375
0 0.2296875 0.275 0.140625 0.0234375
0 0.05 0.20625 0.1390625 0.0234375
0 0.05 0.228125 0.1375 0.021875
0 0.053125 0.2515625 0.1375 0.0234375
0 0.0546875 0.275 0.1375 0.021875
0 0.609375 0.1375 0.140625 0.0265625
