9 0.215625 0.4734375 0.009375 0.028125
8 0.9421875 0.525 0.0921875 0.096875
8 0.9453125 0.4046875 0.0953125 0.096875
8 0.0140625 0.3078125 0.0328125 0.03125
8 0.0515625 0.30625 0.0296875 0.0296875
8 0.0109375 0.8484375 0.128125 0.1265625
8 0.04375 0.59375 0.0984375 0.096875
8 0.0765625 0.6953125 0.0265625 0.0265625
8 0.078125 0.7265625 0.0234375 0.0234375
8 0.1078125 0.6953125 0.0234375 0.0265625
8 0.1296875 0.1875 0.09375 0.0984375
8 0.0 0.059375 0.0984375 0.09375
8 0.128125 0.0578125 0.096875 0.0984375
8 0.9453125 0.28125 0.09375 0.096875
8 0.615625 0.8390625 0.09375 0.0984375
8 0.7421875 0.84375 0.0953125 0.090625
8 0.8765625 0.840625 0.090625 0.096875
8 0.1609375 0.596875 0.0953125 0.0984375
8 0.728125 0.4796875 0.125 0.13125
8 0.575 0.4828125 0.128125 0.125
8 0.75 0.0578125 0.096875 0.0984375
8 0.59375 0.0296875 0.096875 0.1015625
8 0.278125 0.6015625 0.096875 0.0984375
8 0.3234375 0.359375 0.128125 0.1265625
8 0.475 0.359375 0.125 0.128125
8 0.30625 0.1875 0.0921875 0.1
8 0.428125 0.1859375 0.09375 0.0953125
8 0.30625 0.065625 0.0921875 0.09375
8 0.4265625 0.065625 0.0921875 0.0953125
