0 0.434375 0.1875 0.225 0.059375
0 0.790625 0.1734375 0.2609375 0.084375
0 0.9328125 0.6015625 0.134375 0.025
0 0.93125 0.628125 0.134375 0.025
0 0.93125 0.6515625 0.128125 0.0234375
0 0.9359375 0.675 0.128125 0.021875
0 0.7609375 0.603125 0.1359375 0.021875
0 0.7625 0.6265625 0.1375 0.0234375
0 0.759375 0.65 0.1359375 0.0234375
0 0.759375 0.6734375 0.140625 0.0234375
0 0.5796875 0.6046875 0.1390625 0.0234375
0 0.5796875 0.6265625 0.1375 0.021875
0 0.5828125 0.65 0.1375 0.0234375
0 0.584375 0.6734375 0.1375 0.021875
0 0.8703125 0.303125 0.2390625 0.0375
0 0.5453125 0.3 0.196875 0.03125
0 0.31875 0.8109375 0.0203125 0.0953125
0 0.3 0.8109375 0.0203125 0.0984375
0 0.28125 0.809375 0.0203125 0.0984375
0 0.2625 0.8109375 0.01875 0.096875
