1 0.028125 0.865625 0.065625 0.05625
1 0.21875 0.7046875 0.2234375 0.1828125
1 0.4015625 0.575 0.075 0.0625
1 0.4875 0.509375 0.0703125 0.059375
1 0.5765625 0.4390625 0.0828125 0.0671875
15 0.028125 0.875 0.0890625 0.103125
15 0.15625 0.7765625 0.096875 0.1125
15 0.184375 0.7625 0.0890625 0.1125
15 0.2171875 0.7140625 0.103125 0.11875
15 0.2375 0.70625 0.0984375 0.115625
15 0.2546875 0.6875 0.09375 0.1140625
15 0.296875 0.6640625 0.0890625 0.096875
15 0.33125 0.6515625 0.075 0.0828125
15 0.4140625 0.5671875 0.10625 0.125
15 0.465625 0.5296875 0.1078125 0.1265625
15 0.484375 0.509375 0.1109375 0.128125
15 0.5546875 0.465625 0.09375 0.103125
15 0.5796875 0.440625 0.10625 0.1171875
15 0.678125 0.3546875 0.10625 0.125
15 0.84375 0.23125 0.10625 0.125
15 0.865625 0.215625 0.1015625 0.125
15 0.971875 0.1296875 0.1046875 0.1140625
