0 0.515625 0.934375 0.20625 0.19375
0 0.7828125 0.0921875 0.1109375 0.103125
0 0.7109375 0.1796875 0.109375 0.0984375
0 0.678125 0.2234375 0.11875 0.1015625
0 0.6359375 0.2671875 0.1015625 0.0921875
0 0.59375 0.0375 0.1125 0.10625
0 0.5671875 0.071875 0.11875 0.1078125
0 0.3265625 0.8 0.1890625 0.16875
0 0.465625 0.4921875 0.1125 0.0984375
0 0.3703125 0.634375 0.1140625 0.1015625
0 0.45625 0.2296875 0.103125 0.09375
0 0.4296875 0.2625 0.0984375 0.0890625
0 0.3671875 0.3453125 0.0984375 0.0921875
0 0.3390625 0.38125 0.096875 0.0875
0 0.303125 0.4234375 0.1 0.0890625
0 0.2171875 0.540625 0.096875 0.0859375
0 0.825 0.0515625 0.115625 0.096875
0 0.8546875 0.0046875 0.1140625 0.1015625
0 0.1921875 0.5796875 0.0984375 0.0859375
