8 0.3390625 0.9015625 0.0875 0.0859375
8 0.446875 0.6875 0.0765625 0.0734375
8 0.4390625 0.5859375 0.065625 0.0625
8 0.346875 0.6765625 0.078125 0.0734375
8 0.34375 0.575 0.065625 0.065625
8 0.253125 0.5625 0.0625 0.0640625
8 0.03125 0.5 0.0453125 0.0515625
8 0.01875 0.571875 0.04375 0.0421875
8 0.246875 0.665625 0.071875 0.078125
8 0.1078125 0.5078125 0.046875 0.0515625
8 0.2265625 0.8875 0.0859375 0.0859375
8 0.0765625 0.971875 0.1125 0.115625
8 0.0921875 0.8203125 0.1140625 0.115625
8 0.1 0.58125 0.0421875 0.04375
