0 0.153125 0.9546875 0.20625 0.19375
0 0.4203125 0.1125 0.1109375 0.103125
0 0.3484375 0.2 0.109375 0.0984375
0 0.315625 0.24375 0.11875 0.1015625
0 0.2734375 0.2875 0.1015625 0.0921875
0 0.23125 0.0578125 0.1125 0.10625
0 0.2046875 0.0921875 0.11875 0.1078125
0 0.103125 0.5125 0.1125 0.0984375
0 0.0078125 0.6546875 0.1140625 0.1015625
0 0.09375 0.25 0.103125 0.09375
0 0.0671875 0.2828125 0.0984375 0.0890625
0 0.0046875 0.365625 0.0984375 0.0921875
0 0.4625 0.071875 0.115625 0.096875
0 0.4921875 0.025 0.1140625 0.1015625
