0 0.503125 0.959375 0.20625 0.19375
0 0.7703125 0.1171875 0.1109375 0.103125
0 0.6984375 0.2046875 0.109375 0.0984375
0 0.665625 0.2484375 0.11875 0.1015625
0 0.6234375 0.2921875 0.1015625 0.0921875
0 0.58125 0.0625 0.1125 0.10625
0 0.5546875 0.096875 0.11875 0.1078125
0 0.3140625 0.825 0.1890625 0.16875
0 0.453125 0.5171875 0.1125 0.0984375
0 0.3578125 0.659375 0.1140625 0.1015625
0 0.44375 0.2546875 0.103125 0.09375
0 0.4171875 0.2875 0.0984375 0.0890625
0 0.3546875 0.3703125 0.0984375 0.0921875
0 0.3265625 0.40625 0.096875 0.0875
0 0.290625 0.4484375 0.1 0.0890625
0 0.2046875 0.565625 0.096875 0.0859375
0 0.8125 0.0765625 0.115625 0.096875
0 0.8421875 0.0296875 0.1140625 0.1015625
0 0.1796875 0.6046875 0.0984375 0.0859375
