15 0.459375 0.4171875 0.1015625 0.0953125
15 0.5640625 0.815625 0.0359375 0.1140625
15 0.5890625 0.8125 0.0375 0.1171875
15 0.6109375 0.8125 0.03125 0.115625
15 0.634375 0.809375 0.0390625 0.11875
15 0.790625 0.8 0.0390625 0.0828125
15 0.8140625 0.7859375 0.04375 0.1109375
15 0.840625 0.8046875 0.0265625 0.0640625
15 0.9546875 0.7640625 0.0375 0.103125
15 0.990625 0.76875 0.0359375 0.11875
1 0.10625 0.6546875 0.13125 0.1234375
1 0.24375 0.775 0.1171875 0.1046875
1 0.3984375 0.81875 0.15625 0.0390625
1 0.596875 0.7984375 0.15 0.0390625
1 0.375 0.4546875 0.0765625 0.071875
1 0.5734375 0.353125 0.234375 0.2515625
1 0.7859375 0.109375 0.2109375 0.2265625
1 0.996875 0.759375 0.1078125 0.0265625
15 0.5125 0.3625 0.103125 0.09375
15 0.8421875 0.009375 0.1171875 0.10625
15 0.79375 0.059375 0.1140625 0.1015625
15 0.7828125 0.0765625 0.109375 0.096875
15 0.765625 0.090625 0.1078125 0.1
15 0.753125 0.109375 0.1125 0.1078125
15 0.640625 0.21875 0.109375 0.09375
15 0.6 0.2671875 0.1046875 0.0953125
15 0.584375 0.28125 0.1125 0.103125
15 0.54375 0.31875 0.1015625 0.0890625
15 0.5265625 0.34375 0.10625 0.096875
