0 0.4234375 0.31875 0.0359375 0.025
0 0.584375 0.75625 0.109375 0.0828125
0 0.578125 0.7203125 0.1296875 0.090625
0 0.528125 0.6546875 0.11875 0.0359375
0 0.378125 0.3171875 0.0328125 0.0296875
0 0.43125 0.35 0.034375 0.028125
0 0.425 0.3359375 0.03125 0.021875
0 0.5328125 0.26875 0.0375 0.028125
0 0.528125 0.228125 0.0375 0.0296875
0 0.2328125 0.546875 0.0375 0.03125
0 0.353125 0.690625 0.1203125 0.1
0 0.3390625 0.5328125 0.103125 0.0890625
0 0.321875 0.509375 0.1140625 0.0953125
0 0.3 0.4921875 0.1046875 0.084375
0 0.2171875 0.4734375 0.065625 0.05625
0 0.209375 0.45625 0.059375 0.0484375
0 0.2046875 0.434375 0.0625 0.0515625
0 0.196875 0.41875 0.034375 0.0328125
0 0.2875 0.421875 0.0765625 0.0625
0 0.26875 0.409375 0.059375 0.046875
0 0.1296875 0.5578125 0.0296875 0.090625
0 0.0125 0.15625 0.0234375 0.0421875
0 0.1125 0.5359375 0.034375 0.0671875
0 0.159375 0.5109375 0.0359375 0.1828125
0 0.1125 0.6390625 0.071875 0.14375
0 0.0875 0.6515625 0.0625 0.1234375
0 0.0671875 0.6640625 0.053125 0.103125
0 0.04375 0.6671875 0.053125 0.1078125
0 0.01875 0.6796875 0.05 0.1140625
0 0.0625 0.33125 0.0203125 0.0359375
0 0.0234375 0.2984375 0.0296875 0.0390625
0 0.0 0.253125 0.01875 0.040625
0 0.0765625 0.209375 0.01875 0.0390625
0 0.1140625 0.2109375 0.040625 0.034375
0 0.2953125 0.2328125 0.0390625 0.0234375
0 0.1890625 0.2703125 0.034375 0.0515625
0 0.1234375 0.1609375 0.01875 0.0453125
0 0.1015625 0.0359375 0.0234375 0.03125
