0 0.7828125 0.0765625 0.24375 0.0890625
0 0.7734375 0.025 0.246875 0.103125
0 0.640625 0.1640625 0.196875 0.0984375
0 0.628125 0.2 0.1890625 0.0890625
0 0.56875 0.365625 0.0546875 0.203125
0 0.5078125 0.3765625 0.071875 0.2734375
0 0.6546875 0.7171875 0.1796875 0.034375
0 0.503125 0.653125 0.1421875 0.053125
0 0.6828125 0.6875 0.1203125 0.04375
0 0.6125 0.771875 0.1796875 0.0578125
0 0.5828125 0.9796875 0.1125 0.0296875
0 0.5828125 0.9515625 0.128125 0.04375
0 0.5734375 0.9171875 0.159375 0.0671875
0 0.578125 0.88125 0.16875 0.0859375
0 0.4390625 0.8703125 0.01875 0.0640625
0 0.4203125 0.86875 0.01875 0.071875
0 0.3984375 0.8671875 0.0234375 0.09375
0 0.3734375 0.875 0.028125 0.1015625
0 0.315625 0.7234375 0.028125 0.153125
0 0.275 0.8546875 0.0578125 0.1828125
0 0.234375 0.8453125 0.05625 0.1828125
0 0.2046875 0.828125 0.03125 0.1171875
0 0.1796875 0.8296875 0.028125 0.125
0 0.1984375 0.6890625 0.0734375 0.1484375
