1 0.734375 0.06875 0.025 0.05625
1 0.890625 0.8875 0.0328125 0.0359375
1 0.94375 0.2 0.034375 0.0515625
1 0.8921875 0.1890625 0.0328125 0.0546875
1 0.7625 0.1203125 0.03125 0.05
1 0.8703125 0.31875 0.034375 0.0421875
1 0.7875 0.00625 0.028125 0.0421875
1 0.515625 0.1609375 0.0328125 0.028125
1 0.61875 0.2078125 0.034375 0.0421875
1 0.6671875 0.13125 0.0359375 0.053125
1 0.6140625 0.134375 0.021875 0.05
1 0.678125 0.0484375 0.0546875 0.034375
1 0.9140625 0.2875 0.0328125 0.05
1 0.9984375 0.075 0.0171875 0.040625
1 0.909375 0.0421875 0.0421875 0.040625
1 0.85625 0.0609375 0.0234375 0.0375
1 0.8875 0.1328125 0.0359375 0.0625
1 0.7109375 0.2203125 0.01875 0.0359375
1 0.765625 0.296875 0.021875 0.046875
1 0.7828125 0.24375 0.0609375 0.0515625
1 0.7734375 0.2140625 0.0375 0.0421875
1 0.675 0.384375 0.0515625 0.028125
1 0.11875 0.321875 0.0375 0.0328125
1 0.28125 0.0921875 0.028125 0.053125
1 0.0765625 0.2171875 0.0359375 0.0515625
1 0.6375 0.4546875 0.0484375 0.0578125
1 0.03125 0.140625 0.065625 0.1078125
1 0.1359375 0.0765625 0.04375 0.059375
1 0.396875 0.4984375 0.0921875 0.0765625
1 0.425 0.0828125 0.0296875 0.0421875
1 0.475 0.0265625 0.03125 0.05625
1 0.453125 0.2734375 0.0609375 0.053125
1 0.815625 0.584375 0.015625 0.046875
1 0.8375 0.58125 0.025 0.078125
1 0.8609375 0.584375 0.0234375 0.071875
1 0.9078125 0.58125 0.0625 0.1328125
1 0.9375 0.5765625 0.0609375 0.1234375
1 0.9640625 0.565625 0.059375 0.128125
1 0.9859375 0.553125 0.0578125 0.128125
1 0.571875 0.334375 0.03125 0.0578125
1 0.553125 0.2625 0.03125 0.04375
1 0.5421875 0.20625 0.0234375 0.046875
1 0.565625 0.0453125 0.028125 0.059375
1 0.4125 0.1875 0.0265625 0.05
1 0.3625 0.24375 0.0265625 0.04375
1 0.240625 0.221875 0.0390625 0.0359375
1 0.2421875 0.18125 0.0328125 0.0359375
1 0.2421875 0.1515625 0.0359375 0.0578125
1 0.253125 0.140625 0.0234375 0.0359375
1 0.2 0.2671875 0.021875 0.053125
1 0.6578125 0.3109375 0.025 0.0421875
1 0.75 0.265625 0.028125 0.034375
1 0.903125 0.1328125 0.0296875 0.04375
