0 0.715625 0.684375 0.04375 0.15625
0 0.7484375 0.6953125 0.046875 0.1765625
0 0.8140625 0.715625 0.040625 0.1640625
0 0.78125 0.7 0.04375 0.1671875
0 0.9375 0.50625 0.01875 0.0640625
0 0.91875 0.5046875 0.01875 0.071875
0 0.896875 0.503125 0.0234375 0.09375
0 0.871875 0.5109375 0.028125 0.1015625
0 0.8140625 0.359375 0.028125 0.153125
0 0.7734375 0.490625 0.0578125 0.1828125
0 0.7328125 0.48125 0.05625 0.1828125
0 0.703125 0.4640625 0.03125 0.1171875
0 0.678125 0.465625 0.028125 0.125
0 0.696875 0.325 0.0734375 0.1484375
