0 0.1109375 0.0171875 0.025 0.05625
0 0.2671875 0.8359375 0.0328125 0.0359375
0 0.475 0.0375 0.040625 0.059375
0 0.3203125 0.1484375 0.034375 0.0515625
0 0.26875 0.1375 0.0328125 0.0546875
0 0.1390625 0.06875 0.03125 0.05
0 0.246875 0.2671875 0.034375 0.0421875
0 0.3765625 0.2828125 0.0359375 0.0734375
0 0.04375 0.0796875 0.0359375 0.053125
0 0.290625 0.2359375 0.0328125 0.05
0 0.375 0.0234375 0.0171875 0.040625
0 0.2328125 0.009375 0.0234375 0.0375
0 0.2640625 0.08125 0.0359375 0.0625
0 0.4046875 0.1390625 0.0296875 0.0453125
0 0.0875 0.16875 0.01875 0.0359375
0 0.1421875 0.2453125 0.021875 0.046875
0 0.159375 0.1921875 0.0609375 0.0515625
0 0.15 0.1625 0.0375 0.0421875
0 0.4796875 0.2421875 0.0296875 0.053125
0 0.0515625 0.3328125 0.0515625 0.028125
0 0.0140625 0.403125 0.0484375 0.0578125
0 0.1921875 0.5328125 0.015625 0.046875
0 0.2140625 0.5296875 0.025 0.078125
0 0.2375 0.5328125 0.0234375 0.071875
0 0.284375 0.5296875 0.0625 0.1328125
0 0.3140625 0.525 0.0609375 0.1234375
0 0.340625 0.5140625 0.059375 0.128125
0 0.3625 0.5015625 0.0578125 0.128125
0 0.034375 0.259375 0.025 0.0421875
0 0.1265625 0.2140625 0.028125 0.034375
0 0.2796875 0.08125 0.0296875 0.04375
0 0.9765625 0.19375 0.0375 0.03125
0 0.9609375 0.1203125 0.065625 0.05625
0 0.953125 0.103125 0.059375 0.0484375
0 0.9484375 0.08125 0.0625 0.0515625
0 0.940625 0.065625 0.034375 0.0328125
0 0.8734375 0.2046875 0.0296875 0.090625
0 0.621875 0.0015625 0.0171875 0.0359375
0 0.6171875 0.0625 0.0234375 0.0390625
0 0.5515625 0.0265625 0.021875 0.0625
0 0.5953125 0.1796875 0.0328125 0.0578125
0 0.56875 0.471875 0.04375 0.0625
0 0.5515625 0.4796875 0.040625 0.0609375
0 0.5390625 0.4921875 0.04375 0.071875
0 0.85625 0.1828125 0.034375 0.0671875
0 0.903125 0.1578125 0.0359375 0.1828125
0 0.85625 0.2859375 0.071875 0.14375
0 0.83125 0.2984375 0.0625 0.1234375
0 0.8109375 0.3109375 0.053125 0.103125
0 0.7875 0.3140625 0.053125 0.1078125
0 0.7625 0.3265625 0.05 0.1140625
0 0.734375 0.3265625 0.0578125 0.1390625
0 0.6296875 0.3578125 0.0671875 0.0640625
0 0.73125 0.034375 0.0265625 0.0375
0 0.71875 0.0078125 0.025 0.0421875
