1 0.415625 0.5828125 0.025 0.05625
1 0.64375 0.19375 0.0203125 0.0484375
1 0.7796875 0.603125 0.040625 0.059375
1 0.625 0.7140625 0.034375 0.0515625
1 0.5734375 0.703125 0.0328125 0.0546875
1 0.44375 0.634375 0.03125 0.05
1 0.4921875 0.028125 0.015625 0.0515625
1 0.359375 0.1109375 0.0171875 0.0390625
1 0.4140625 0.071875 0.0359375 0.0515625
1 0.5515625 0.8328125 0.034375 0.0421875
1 0.46875 0.5203125 0.028125 0.0421875
1 0.68125 0.8484375 0.0359375 0.0734375
1 0.3953125 0.3796875 0.0328125 0.046875
1 0.4578125 0.375 0.0375 0.0484375
1 0.196875 0.675 0.0328125 0.028125
1 0.35625 0.471875 0.034375 0.053125
1 0.3 0.721875 0.034375 0.0421875
1 0.3484375 0.6453125 0.0359375 0.053125
1 0.2953125 0.6484375 0.021875 0.05
1 0.359375 0.5625 0.0546875 0.034375
1 0.4421875 0.4546875 0.0265625 0.0546875
1 0.5953125 0.8015625 0.0328125 0.05
1 0.6796875 0.5890625 0.0171875 0.040625
1 0.590625 0.55625 0.0421875 0.040625
1 0.5375 0.575 0.0234375 0.0375
1 0.56875 0.646875 0.0359375 0.0625
1 0.709375 0.7046875 0.0296875 0.0453125
1 0.4421875 0.3078125 0.0515625 0.03125
1 0.3921875 0.734375 0.01875 0.0359375
1 0.446875 0.8109375 0.021875 0.046875
1 0.4640625 0.7578125 0.0609375 0.0515625
1 0.4546875 0.728125 0.0375 0.0421875
1 0.7640625 0.5484375 0.0625 0.0296875
1 0.7734375 0.371875 0.0265625 0.040625
1 0.5453125 0.38125 0.0375 0.0359375
1 0.7390625 0.16875 0.03125 0.0359375
1 0.790625 0.0875 0.0265625 0.0421875
1 0.66875 0.40625 0.03125 0.0453125
1 0.534375 0.5109375 0.0296875 0.04375
1 0.55 0.5078125 0.03125 0.0484375
1 0.5171875 0.4515625 0.03125 0.04375
1 0.5359375 0.3328125 0.03125 0.040625
1 0.64375 0.3265625 0.0328125 0.0453125
1 0.609375 0.26875 0.028125 0.0390625
1 0.6859375 0.475 0.0296875 0.040625
1 0.64375 0.50625 0.03125 0.040625
1 0.7328125 0.496875 0.025 0.040625
1 0.784375 0.8078125 0.0296875 0.053125
1 0.35625 0.8984375 0.0515625 0.028125
1 0.09375 0.3609375 0.025 0.053125
1 0.2140625 0.36875 0.05625 0.0671875
1 0.1921875 0.1484375 0.0265625 0.0671875
1 0.1625 0.275 0.0203125 0.0484375
1 0.090625 0.1546875 0.0625 0.075
1 0.059375 0.16875 0.0515625 0.06875
1 0.31875 0.96875 0.0484375 0.0578125
1 0.0515625 0.2703125 0.0296875 0.0515625
1 0.09375 0.4640625 0.0296875 0.046875
1 0.10625 0.596875 0.0296875 0.0421875
1 0.15625 0.540625 0.03125 0.05625
1 0.134375 0.7875 0.0609375 0.053125
1 0.2953125 0.1640625 0.025 0.040625
1 0.253125 0.8484375 0.03125 0.0578125
1 0.234375 0.7765625 0.03125 0.04375
1 0.2234375 0.7203125 0.0234375 0.046875
1 0.246875 0.559375 0.028125 0.059375
1 0.259375 0.39375 0.0265625 0.046875
1 0.215625 0.4703125 0.03125 0.046875
1 0.09375 0.7015625 0.0265625 0.05
1 0.04375 0.7578125 0.0265625 0.04375
1 0.3390625 0.825 0.025 0.0421875
1 0.43125 0.7796875 0.028125 0.034375
1 0.584375 0.646875 0.0296875 0.04375
1 0.7703125 0.2578125 0.025 0.040625
1 0.9375 0.2421875 0.028125 0.046875
1 0.928125 0.4953125 0.0234375 0.0375
1 0.9265625 0.5671875 0.0171875 0.0359375
1 0.921875 0.628125 0.0234375 0.0390625
1 0.9734375 0.390625 0.01875 0.0515625
1 0.953125 0.3609375 0.021875 0.04375
1 0.9765625 0.2796875 0.04375 0.0421875
1 0.8796875 0.265625 0.0171875 0.0390625
1 0.8546875 0.2421875 0.015625 0.0375
1 0.8546875 0.3140625 0.0234375 0.05
1 0.815625 0.3453125 0.021875 0.0359375
1 0.85625 0.5921875 0.021875 0.0625
1 0.9 0.7453125 0.0328125 0.0578125
1 0.75 0.096875 0.01875 0.04375
1 0.9265625 0.2 0.0265625 0.034375
1 0.990625 0.228125 0.03125 0.053125
1 0.96875 0.215625 0.0390625 0.090625
1 0.934375 0.9234375 0.0671875 0.0640625
1 0.9484375 0.21875 0.0375 0.0796875
