0 0.14375 0.253125 0.0359375 0.025
0 0.3046875 0.690625 0.109375 0.0828125
0 0.2984375 0.6546875 0.1296875 0.090625
0 0.2484375 0.5890625 0.11875 0.0359375
0 0.0984375 0.2515625 0.0328125 0.0296875
0 0.1515625 0.284375 0.034375 0.028125
0 0.1453125 0.2703125 0.03125 0.021875
0 0.253125 0.203125 0.0375 0.028125
0 0.2484375 0.1625 0.0375 0.0296875
0 0.0734375 0.625 0.1203125 0.1
0 0.059375 0.4671875 0.103125 0.0890625
0 0.0421875 0.44375 0.1140625 0.0953125
0 0.0203125 0.4265625 0.1046875 0.084375
0 0.0078125 0.35625 0.0765625 0.0625
0 0.015625 0.1671875 0.0390625 0.0234375
