0 0.075 0.028125 0.0234375 0.0703125
0 0.046875 0.0390625 0.0328125 0.1171875
0 0.0453125 0.76875 0.0328125 0.065625
0 0.0296875 0.634375 0.0671875 0.1734375
0 0.053125 0.284375 0.0421875 0.0703125
0 0.5765625 0.20625 0.05625 0.15
0 0.5828125 0.4796875 0.075 0.1421875
0 0.5390625 0.565625 0.1703125 0.1109375
0 0.0078125 0.2296875 0.0609375 0.2046875
0 0.0421875 0.9078125 0.0609375 0.1859375
0 0.015625 0.4328125 0.0640625 0.1625
0 0.5546875 0.6390625 0.1484375 0.096875
0 0.5609375 0.9015625 0.171875 0.1390625
0 0.584375 0.8359375 0.140625 0.1609375
0 0.5359375 0.209375 0.05 0.1203125
