0 0.971875 0.6375 0.059375 0.0234375
0 0.959375 0.775 0.053125 0.01875
0 0.95625 0.7953125 0.053125 0.0234375
0 0.9703125 0.8296875 0.0734375 0.0328125
0 0.9828125 0.8765625 0.0515625 0.0234375
0 0.98125 0.8953125 0.0546875 0.0234375
0 0.9734375 0.9296875 0.059375 0.0328125
0 0.975 0.9625 0.05625 0.0171875
0 0.978125 0.98125 0.0546875 0.0203125
0 0.9578125 0.7453125 0.05625 0.0296875
0 0.9625 0.7265625 0.0578125 0.0328125
0 0.9578125 0.6921875 0.0546875 0.0265625
0 0.953125 0.6734375 0.053125 0.034375
