0 0.1078125 0.0078125 0.075 0.0546875
0 0.0875 0.021875 0.090625 0.071875
0 0.2578125 0.078125 0.0859375 0.06875
0 0.0609375 0.3734375 0.0765625 0.0875
0 0.08125 0.359375 0.0703125 0.075
0 0.10625 0.3453125 0.1109375 0.1125
0 0.15625 0.4984375 0.084375 0.1015625
0 0.28125 0.509375 0.1078125 0.0953125
0 0.2625 0.4875 0.103125 0.090625
0 0.246875 0.4640625 0.0953125 0.0828125
0 0.3796875 0.4390625 0.0828125 0.0703125
0 0.746875 0.0515625 0.0734375 0.0796875
0 0.4046875 0.3484375 0.0390625 0.05
0 0.415625 0.61875 0.0484375 0.04375
0 0.803125 0.05 0.0515625 0.05625
0 0.728125 0.0296875 0.078125 0.0828125
0 0.70625 0.009375 0.0765625 0.0921875
0 0.865625 0.684375 0.0640625 0.0484375
