0 0.9140625 0.4640625 0.05 0.1765625
0 0.940625 0.1078125 0.040625 0.1078125
0 0.578125 0.040625 0.1078125 0.03125
0 0.9578125 0.4671875 0.04375 0.1625
0 0.634375 0.9015625 0.0359375 0.1375
0 0.5953125 0.896875 0.0375 0.153125
0 0.56875 0.471875 0.0375 0.1234375
0 0.584375 0.6625 0.0484375 0.1390625
0 0.9640625 0.859375 0.040625 0.1078125
0 0.9859375 0.8515625 0.0328125 0.1
0 0.5765625 0.0171875 0.078125 0.021875
0 0.571875 0.109375 0.0546875 0.0234375
0 0.571875 0.0859375 0.0703125 0.028125
0 0.5671875 0.065625 0.06875 0.0203125
