0 0.80625 0.2640625 0.1 0.059375
0 0.8125 0.290625 0.0765625 0.0453125
0 0.7140625 0.2890625 0.0640625 0.0375
0 0.71875 0.309375 0.0703125 0.0390625
0 0.8921875 0.26875 0.0890625 0.0515625
0 0.6625 0.340625 0.0609375 0.0484375
0 0.6703125 0.3609375 0.0546875 0.0453125
0 0.7265625 0.328125 0.06875 0.0390625
0 0.725 0.3546875 0.1125 0.0671875
0 0.8171875 0.3171875 0.0890625 0.0546875
0 0.903125 0.290625 0.0765625 0.0484375
0 0.9859375 0.2609375 0.0765625 0.0484375
0 0.975 0.2390625 0.06875 0.040625
0 0.9765625 0.1 0.0375 0.0625
0 0.9953125 0.0875 0.0453125 0.0796875
