0 0.3375 0.696875 0.059375 0.0234375
0 0.325 0.834375 0.053125 0.01875
0 0.321875 0.8546875 0.053125 0.0234375
0 0.3359375 0.8890625 0.0734375 0.0328125
0 0.3484375 0.9359375 0.0515625 0.0234375
0 0.346875 0.9546875 0.0546875 0.0234375
0 0.3390625 0.9890625 0.059375 0.0328125
0 0.896875 0.9046875 0.0390625 0.134375
0 0.51875 0.209375 0.053125 0.15
0 0.4828125 0.203125 0.0421875 0.1328125
0 0.475 0.01875 0.0421875 0.14375
0 0.49375 0.4046875 0.0484375 0.140625
0 0.3234375 0.8046875 0.05625 0.0296875
0 0.328125 0.7859375 0.0578125 0.0328125
0 0.3234375 0.7515625 0.0546875 0.0265625
0 0.834375 0.30625 0.0546875 0.0203125
0 0.8453125 0.50625 0.075 0.03125
0 0.8453125 0.4609375 0.08125 0.034375
0 0.84375 0.4046875 0.06875 0.0359375
0 0.8515625 0.3671875 0.0578125 0.03125
0 0.8484375 0.2546875 0.065625 0.028125
0 0.840625 0.275 0.0578125 0.028125
0 0.8390625 0.3296875 0.05625 0.0265625
0 0.31875 0.7328125 0.053125 0.034375
0 0.8453125 0.6109375 0.01875 0.0875
0 0.8640625 0.60625 0.0234375 0.0921875
0 0.8890625 0.60625 0.0265625 0.09375
0 0.8875 0.7390625 0.040625 0.1296875
0 0.8546875 0.9140625 0.021875 0.05625
0 0.871875 0.90625 0.015625 0.05
0 0.528125 0.4140625 0.040625 0.1078125
0 0.453125 0.7109375 0.0265625 0.0625
