0 0.1203125 0.8640625 0.0390625 0.134375
0 0.0578125 0.265625 0.0546875 0.0203125
0 0.06875 0.465625 0.075 0.03125
0 0.06875 0.4203125 0.08125 0.034375
0 0.0671875 0.3640625 0.06875 0.0359375
0 0.075 0.3265625 0.0578125 0.03125
0 0.071875 0.2140625 0.065625 0.028125
0 0.0640625 0.234375 0.0578125 0.028125
0 0.0625 0.2890625 0.05625 0.0265625
0 0.06875 0.5703125 0.01875 0.0875
0 0.0875 0.565625 0.0234375 0.0921875
0 0.1125 0.565625 0.0265625 0.09375
0 0.1109375 0.6984375 0.040625 0.1296875
0 0.078125 0.8734375 0.021875 0.05625
0 0.0953125 0.865625 0.015625 0.05
