0 0.134375 0.615625 0.0484375 0.015625
0 0.3484375 0.440625 0.0578125 0.01875
0 0.3484375 0.1046875 0.075 0.021875
0 0.2453125 0.11875 0.071875 0.0203125
0 0.2421875 0.1 0.065625 0.01875
0 0.0984375 0.4515625 0.05 0.0140625
0 0.1859375 0.45 0.0546875 0.0140625
0 0.1859375 0.4359375 0.053125 0.0171875
0 0.2734375 0.4578125 0.0578125 0.0125
0 0.271875 0.4421875 0.0609375 0.021875
0 0.35 0.4546875 0.0609375 0.0140625
0 0.396875 0.375 0.0171875 0.075
0 0.396875 0.178125 0.01875 0.078125
0 0.3796875 0.1765625 0.01875 0.084375
