0 0.6875 0.2796875 0.046875 0.0625
0 0.70625 0.275 0.059375 0.078125
0 0.7234375 0.265625 0.0546875 0.0640625
0 0.7375 0.25625 0.05625 0.0625
0 0.75 0.2453125 0.0578125 0.0625
0 0.76875 0.2375 0.0640625 0.06875
0 0.7515625 0.371875 0.0390625 0.065625
0 0.765625 0.365625 0.028125 0.0515625
0 0.78125 0.3640625 0.0359375 0.0765625
0 0.8984375 0.4609375 0.0125 0.040625
0 0.909375 0.459375 0.009375 0.028125
0 0.796875 0.3578125 0.0203125 0.0515625
0 0.7984375 0.4546875 0.0390625 0.05625
0 0.8140625 0.4484375 0.04375 0.0625
0 0.840625 0.128125 0.05625 0.065625
0 0.8546875 0.115625 0.0515625 0.0578125
0 0.865625 0.103125 0.0515625 0.05625
0 0.8765625 0.0921875 0.053125 0.0546875
0 0.8859375 0.18125 0.05625 0.059375
0 0.9 0.1703125 0.05625 0.059375
0 0.9109375 0.1578125 0.05625 0.0578125
0 0.99375 0.090625 0.05625 0.06875
0 0.7859375 0.103125 0.034375 0.0375
0 0.8671875 0.20625 0.053125 0.059375
0 0.853125 0.21875 0.0578125 0.06875
0 0.9140625 0.0015625 0.0390625 0.05
0 0.815625 0.0625 0.03125 0.0296875
0 0.8484375 0.0375 0.0390625 0.034375
0 0.7171875 0.1046875 0.0390625 0.05
0 0.7046875 0.1078125 0.0328125 0.0390625
