0 0.3765625 0.6078125 0.0671875 0.0609375
0 0.4328125 0.91875 0.071875 0.0515625
0 0.3640625 0.8015625 0.0828125 0.14375
0 0.2609375 0.1875 0.0796875 0.0359375
0 0.5640625 0.1765625 0.10625 0.08125
0 0.2890625 0.2453125 0.053125 0.040625
0 0.2796875 0.2359375 0.05625 0.0328125
0 0.271875 0.221875 0.0625 0.0328125
0 0.275 0.2078125 0.071875 0.0359375
0 0.4515625 0.959375 0.034375 0.040625
0 0.4359375 0.9640625 0.03125 0.05
0 0.421875 0.965625 0.03125 0.0515625
0 0.315625 0.6859375 0.046875 0.0765625
0 0.3359375 0.6765625 0.0453125 0.0765625
