0 0.9875 0.3 0.0734375 0.05
0 0.99375 0.321875 0.0734375 0.0484375
0 0.5234375 0.525 0.040625 0.059375
0 0.4546875 0.553125 0.0390625 0.0546875
0 0.4109375 0.571875 0.034375 0.0453125
0 0.4328125 0.5578125 0.03125 0.0484375
0 0.6421875 0.4671875 0.034375 0.0453125
0 0.6625 0.4625 0.0296875 0.04375
0 0.6828125 0.459375 0.0375 0.05625
0 0.715625 0.44375 0.040625 0.05625
0 0.4875 0.540625 0.0359375 0.05625
0 0.634375 0.6890625 0.0734375 0.053125
0 0.665625 0.5234375 0.0515625 0.03125
0 0.71875 0.9046875 0.0625 0.0453125
0 0.696875 0.8875 0.0796875 0.0515625
0 0.6921875 0.8609375 0.0703125 0.04375
0 0.6859375 0.8296875 0.071875 0.05
0 0.66875 0.809375 0.0765625 0.05
0 0.6671875 0.7859375 0.06875 0.04375
0 0.6625 0.765625 0.0640625 0.04375
0 0.6546875 0.7453125 0.0671875 0.046875
0 0.6453125 0.7109375 0.0640625 0.04375
0 0.625 0.6640625 0.0734375 0.05
0 0.678125 0.5625 0.0578125 0.0375
0 0.6109375 0.6421875 0.084375 0.053125
0 0.6078125 0.6140625 0.0734375 0.05
0 0.603125 0.5890625 0.0609375 0.0453125
0 0.5875 0.5328125 0.05 0.034375
0 0.590625 0.5578125 0.065625 0.04375
0 0.5765625 0.9265625 0.075 0.05625
0 0.5625 0.903125 0.065625 0.053125
0 0.5484375 0.8640625 0.075 0.0578125
0 0.5359375 0.825 0.0859375 0.0625
0 0.515625 0.8015625 0.06875 0.0546875
0 0.671875 0.54375 0.0640625 0.0421875
0 0.684375 0.5796875 0.059375 0.040625
0 0.4984375 0.7546875 0.075 0.04375
0 0.796875 0.8671875 0.0703125 0.0453125
0 0.790625 0.8453125 0.06875 0.046875
0 0.690625 0.596875 0.059375 0.040625
0 0.7765625 0.825 0.0640625 0.0515625
0 0.7578125 0.7765625 0.0671875 0.04375
0 0.753125 0.753125 0.06875 0.046875
0 0.7453125 0.7359375 0.0671875 0.0390625
0 0.7359375 0.715625 0.065625 0.0421875
0 0.7359375 0.69375 0.078125 0.0515625
0 0.721875 0.6796875 0.0625 0.0453125
0 0.7125 0.6578125 0.0640625 0.0484375
0 0.7046875 0.628125 0.059375 0.0390625
0 0.7 0.609375 0.065625 0.0421875
0 0.5109375 0.775 0.078125 0.059375
0 0.4859375 0.7359375 0.0703125 0.046875
0 0.1375 0.84375 0.09375 0.0625
0 0.1296875 0.7953125 0.071875 0.0484375
0 0.1703125 0.915625 0.0875 0.05
0 0.1546875 0.8921875 0.1015625 0.065625
0 0.178125 0.9453125 0.0953125 0.0609375
0 0.4828125 0.7046875 0.09375 0.06875
0 0.2703125 0.8828125 0.0765625 0.05
0 0.45625 0.675 0.0703125 0.0484375
0 0.4421875 0.6359375 0.071875 0.053125
0 0.428125 0.6171875 0.065625 0.0421875
0 0.321875 0.9984375 0.0796875 0.059375
0 0.3078125 0.971875 0.08125 0.059375
0 0.2921875 0.9265625 0.0875 0.0546875
0 0.2828125 0.903125 0.0828125 0.0546875
0 0.2640625 0.8578125 0.075 0.05625
0 0.1921875 0.9703125 0.0875 0.0546875
0 0.253125 0.83125 0.078125 0.059375
0 0.2359375 0.80625 0.0640625 0.05
0 0.221875 0.7703125 0.0578125 0.046875
0 0.209375 0.7484375 0.0578125 0.0421875
0 0.2 0.7296875 0.0546875 0.0359375
0 0.19375 0.7109375 0.059375 0.0390625
0 0.203125 0.996875 0.0875 0.05625
0 0.43125 0.8640625 0.0703125 0.05625
0 0.375 0.721875 0.075 0.05
0 0.4671875 0.9375 0.0671875 0.0546875
0 0.4859375 0.9609375 0.0796875 0.0609375
0 0.415625 0.803125 0.071875 0.0546875
0 0.40625 0.7734375 0.0609375 0.0515625
0 0.3640625 0.7015625 0.0765625 0.0546875
0 0.384375 0.75 0.084375 0.0625
0 0.5046875 0.5328125 0.0359375 0.05625
0 0.471875 0.5484375 0.0375 0.0546875
0 0.5578125 0.50625 0.040625 0.053125
0 0.8484375 0.334375 0.0453125 0.0296875
0 0.8359375 0.309375 0.0515625 0.03125
0 0.853125 0.3484375 0.0484375 0.0359375
0 0.8875 0.6609375 0.0703125 0.0390625
0 0.875 0.6234375 0.0625 0.0390625
0 0.8515625 0.559375 0.05625 0.040625
0 0.8578125 0.575 0.0578125 0.0421875
0 0.8625 0.590625 0.059375 0.0359375
0 0.86875 0.6046875 0.059375 0.0390625
0 0.8421875 0.3234375 0.046875 0.0265625
0 0.859375 0.3625 0.0484375 0.0375
0 0.253125 0.634375 0.0328125 0.05
0 0.265625 0.6296875 0.03125 0.0484375
0 0.20625 0.65 0.0296875 0.0453125
0 0.190625 0.65625 0.0328125 0.0453125
0 0.2234375 0.6484375 0.0359375 0.0546875
0 0.2390625 0.6421875 0.0390625 0.0546875
0 0.2984375 0.6171875 0.034375 0.05
0 0.3125 0.6109375 0.0375 0.053125
0 0.28125 0.6265625 0.0390625 0.0578125
0 0.88125 0.2640625 0.034375 0.0515625
0 0.103125 0.69375 0.0359375 0.05
0 0.0859375 0.7015625 0.0375 0.05
0 0.0703125 0.7125 0.0390625 0.05
0 0.0515625 0.71875 0.0375 0.05
0 0.5421875 0.515625 0.0375 0.05
0 0.8984375 0.25 0.0421875 0.06875
0 0.8640625 0.375 0.046875 0.0328125
0 0.9328125 0.5390625 0.0484375 0.0328125
0 0.8703125 0.3859375 0.0515625 0.034375
0 0.8765625 0.3984375 0.0515625 0.0328125
0 0.8828125 0.4125 0.05625 0.0390625
0 0.8890625 0.4265625 0.059375 0.0375
0 0.89375 0.4421875 0.0578125 0.040625
0 0.896875 0.4578125 0.0515625 0.034375
0 0.9046875 0.4703125 0.05625 0.0359375
0 0.9109375 0.484375 0.05625 0.034375
0 0.9171875 0.5109375 0.053125 0.034375
0 0.925 0.525 0.0515625 0.0328125
0 0.95 0.5703125 0.0625 0.0390625
0 0.9953125 0.6953125 0.05625 0.034375
0 0.9875 0.678125 0.0515625 0.0375
0 0.9671875 0.625 0.0546875 0.0390625
0 0.959375 0.603125 0.0546875 0.040625
0 0.975 0.640625 0.0625 0.040625
0 0.9828125 0.6578125 0.0625 0.04375
0 0.890625 0.640625 0.0578125 0.0359375
0 0.934375 0.7953125 0.065625 0.0359375
0 0.928125 0.778125 0.0640625 0.0375
0 0.240625 0.5609375 0.034375 0.0515625
0 0.0171875 0.5140625 0.034375 0.046875
0 0.05 0.4984375 0.03125 0.040625
0 0.228125 0.5671875 0.028125 0.04375
0 0.1984375 0.5828125 0.0375 0.05
0 0.1828125 0.5859375 0.0296875 0.0453125
0 0.1703125 0.590625 0.0328125 0.0484375
0 0.2734375 0.5515625 0.03125 0.046875
0 0.2578125 0.55625 0.028125 0.0484375
0 0.2125 0.5734375 0.0375 0.05
0 0.4171875 0.4921875 0.0359375 0.0515625
0 0.396875 0.5015625 0.0390625 0.0515625
0 0.3796875 0.509375 0.034375 0.05
0 0.3625 0.515625 0.0359375 0.05
0 0.3203125 0.5296875 0.03125 0.0453125
0 0.303125 0.5390625 0.034375 0.0515625
0 0.2875 0.5484375 0.0359375 0.053125
0 0.3453125 0.525 0.0375 0.0546875
0 0.39375 0.43125 0.0328125 0.0515625
0 0.3765625 0.4390625 0.0328125 0.0515625
0 0.340625 0.4515625 0.0359375 0.0546875
0 0.925 0.7609375 0.071875 0.0453125
0 0.3578125 0.446875 0.03125 0.053125
0 0.1921875 0.4984375 0.0296875 0.0515625
0 0.2078125 0.4984375 0.0359375 0.0484375
0 0.8078125 0.4453125 0.053125 0.0375
0 0.121875 0.6140625 0.0328125 0.0484375
0 0.0953125 0.6234375 0.0375 0.0515625
0 0.078125 0.6296875 0.0328125 0.053125
0 0.7734375 0.35 0.040625 0.03125
0 0.765625 0.334375 0.046875 0.0328125
0 0.7828125 0.3609375 0.040625 0.0328125
0 0.7859375 0.3796875 0.0484375 0.034375
0 0.7921875 0.3953125 0.05 0.0359375
0 0.79375 0.4171875 0.0515625 0.0375
0 0.8046875 0.4328125 0.0515625 0.034375
0 0.8125 0.4609375 0.0546875 0.0390625
0 0.2234375 0.4859375 0.040625 0.0609375
0 0.825 0.4828125 0.05625 0.034375
0 0.83125 0.49375 0.0578125 0.034375
0 0.8375 0.509375 0.0671875 0.040625
0 0.8328125 0.5296875 0.0640625 0.0328125
0 0.8953125 0.678125 0.065625 0.0359375
0 0.8984375 0.69375 0.06875 0.0421875
0 0.90625 0.709375 0.0671875 0.0453125
0 0.9140625 0.725 0.0609375 0.0390625
0 0.94375 0.815625 0.0671875 0.0484375
0 0.9171875 0.7421875 0.0703125 0.0453125
0 0.1375 0.6046875 0.0328125 0.0546875
0 0.1515625 0.5984375 0.034375 0.053125
0 0.0625 0.6375 0.0328125 0.0484375
0 0.140625 0.51875 0.0296875 0.046875
0 0.15625 0.509375 0.0328125 0.0484375
0 0.1734375 0.5015625 0.03125 0.0546875
0 0.0015625 0.65625 0.028125 0.0421875
0 0.0171875 0.65625 0.03125 0.05
0 0.0328125 0.65 0.034375 0.05
0 0.046875 0.640625 0.0296875 0.040625
0 0.0015625 0.5703125 0.0265625 0.0484375
0 0.01875 0.5671875 0.0328125 0.0515625
0 0.034375 0.559375 0.03125 0.0515625
0 0.05 0.553125 0.034375 0.05625
0 0.078125 0.5390625 0.0359375 0.053125
0 0.096875 0.5328125 0.03125 0.0515625
0 0.1125 0.528125 0.034375 0.05
