0 0.7640625 0.1140625 0.0484375 0.0390625
0 0.940625 0.0046875 0.0609375 0.0421875
0 0.9859375 0.09375 0.05625 0.04375
0 0.9546875 0.0390625 0.053125 0.0359375
0 0.765625 0.1296875 0.05625 0.0421875
0 0.96875 0.0546875 0.053125 0.0328125
0 0.7828125 0.175 0.05 0.040625
0 0.790625 0.19375 0.0546875 0.05
0 0.7734375 0.1515625 0.065625 0.0515625
0 0.7515625 0.0984375 0.05625 0.0453125
0 0.7390625 0.0703125 0.0609375 0.040625
0 0.725 0.04375 0.0671875 0.0359375
0 0.71875 0.0203125 0.0578125 0.0375
0 0.975 0.0734375 0.046875 0.034375
0 0.8046875 0.0171875 0.0484375 0.0328125
0 0.8453125 0.1140625 0.05 0.0375
0 0.815625 0.0359375 0.0609375 0.0375
0 0.821875 0.0671875 0.0484375 0.0328125
0 0.8515625 0.13125 0.0515625 0.0328125
0 0.8328125 0.290625 0.0515625 0.0296875
0 0.8046875 0.2296875 0.05 0.0421875
0 0.8484375 0.321875 0.053125 0.040625
0 0.934375 0.3015625 0.0609375 0.046875
0 0.8953125 0.2375 0.0546875 0.028125
0 0.86875 0.1671875 0.0578125 0.0390625
0 0.8828125 0.2140625 0.0484375 0.0375
0 0.66875 0.221875 0.0609375 0.0375
0 0.409375 0.0578125 0.053125 0.034375
0 0.390625 0.034375 0.0484375 0.034375
0 0.4203125 0.109375 0.046875 0.0359375
0 0.440625 0.121875 0.0640625 0.04375
0 0.4515625 0.1421875 0.06875 0.0453125
0 0.4609375 0.1953125 0.0484375 0.0421875
0 0.5109375 0.309375 0.046875 0.034375
0 0.503125 0.2828125 0.05625 0.0359375
0 0.4140625 0.0890625 0.05 0.040625
0 0.5265625 0.346875 0.0484375 0.0390625
0 0.440625 0.3734375 0.0875 0.0484375
0 0.5765625 0.0328125 0.053125 0.04375
0 0.590625 0.065625 0.0515625 0.040625
0 0.6046875 0.084375 0.0578125 0.0421875
0 0.6875 0.2734375 0.0609375 0.0453125
0 0.6234375 0.134375 0.0484375 0.0296875
0 0.6953125 0.2953125 0.0546875 0.0375
0 0.1203125 0.1359375 0.109375 0.19375
