0 0.8125 0.9734375 0.0515625 0.0359375
0 0.8953125 0.9765625 0.0546875 0.034375
0 0.909375 0.996875 0.0609375 0.046875
0 0.703125 0.7625 0.0359375 0.0484375
0 0.20625 0.9609375 0.040625 0.0625
0 0.2484375 0.9640625 0.034375 0.0515625
0 0.3015625 0.940625 0.0390625 0.05
0 0.5171875 0.9109375 0.0921875 0.0640625
0 0.321875 0.921875 0.04375 0.0671875
0 0.1609375 0.9875 0.0640625 0.0453125
0 0.7265625 0.175 0.1140625 0.1421875
0 0.9875 0.8578125 0.0296875 0.0453125
0 0.8703125 0.9078125 0.04375 0.05625
0 0.928125 0.890625 0.034375 0.053125
0 0.9734375 0.865625 0.0296875 0.0484375
0 0.9578125 0.875 0.0359375 0.0546875
0 0.94375 0.884375 0.0375 0.0609375
0 0.9125 0.896875 0.0328125 0.05
0 0.8953125 0.9046875 0.0375 0.0609375
0 0.95625 0.653125 0.03125 0.0484375
0 0.9765625 0.6484375 0.0296875 0.05
0 0.9265625 0.6671875 0.0359375 0.046875
0 0.9421875 0.7984375 0.0390625 0.05625
0 0.9234375 0.809375 0.0375 0.05
0 0.909375 0.7265625 0.0375 0.0484375
0 0.9375 0.715625 0.034375 0.0515625
0 0.95625 0.7078125 0.034375 0.0546875
0 0.9734375 0.7 0.0328125 0.053125
