0 0.546875 0.2734375 0.0921875 0.071875
0 0.534375 0.2453125 0.09375 0.065625
0 0.5125 0.1875 0.096875 0.06875
0 0.5 0.15625 0.096875 0.065625
0 0.475 0.0828125 0.103125 0.0703125
0 0.4625 0.0515625 0.0984375 0.0671875
0 0.4453125 0.0265625 0.0859375 0.0671875
0 0.8 0.0734375 0.0984375 0.0734375
0 0.2875 0.446875 0.0390625 0.0625
0 0.3140625 0.353125 0.0609375 0.0703125
0 0.290625 0.340625 0.0546875 0.0734375
0 0.7015625 0.165625 0.1078125 0.06875
0 0.6921875 0.1296875 0.096875 0.0609375
0 0.68125 0.096875 0.0984375 0.0625
0 0.6625 0.0484375 0.1 0.0625
0 0.65 0.015625 0.1015625 0.0640625
0 0.78125 0.0171875 0.1015625 0.071875
0 0.4359375 0.284375 0.0796875 0.0625
0 0.4140625 0.2484375 0.0859375 0.059375
0 0.4 0.221875 0.0921875 0.065625
0 0.3765625 0.1734375 0.1015625 0.0734375
0 0.3578125 0.1171875 0.0890625 0.059375
0 0.334375 0.0953125 0.115625 0.0765625
0 0.315625 0.05 0.1125 0.078125
0 0.296875 0.01875 0.1234375 0.0890625
0 0.825 0.1265625 0.0984375 0.0703125
0 0.815625 0.0984375 0.1046875 0.071875
0 0.709375 0.2046875 0.1203125 0.078125
0 0.74375 0.2296875 0.075 0.05625
0 0.621875 0.290625 0.1625 0.1046875
0 0.234375 0.6703125 0.2328125 0.371875
0 0.7734375 0.39375 0.565625 0.290625
