0 0.078125 0.3171875 0.0484375 0.0390625
0 0.35625 0.421875 0.04375 0.0421875
0 0.315625 0.346875 0.046875 0.0484375
0 0.1828125 0.009375 0.0515625 0.0359375
0 0.265625 0.0125 0.0546875 0.034375
0 0.2796875 0.0328125 0.0609375 0.046875
0 0.2453125 0.1828125 0.0734375 0.0484375
0 0.2546875 0.2078125 0.0609375 0.0421875
0 0.3 0.296875 0.05625 0.04375
0 0.26875 0.2421875 0.053125 0.0359375
0 0.2078125 0.0765625 0.0546875 0.0421875
0 0.0796875 0.3328125 0.05625 0.0421875
0 0.2828125 0.2578125 0.053125 0.0328125
0 0.096875 0.378125 0.05 0.040625
0 0.1046875 0.396875 0.0546875 0.05
0 0.0875 0.3546875 0.065625 0.0515625
0 0.065625 0.3015625 0.05625 0.0453125
0 0.053125 0.2734375 0.0609375 0.040625
0 0.0015625 0.1265625 0.0578125 0.0359375
0 0.0015625 0.1609375 0.0515625 0.0390625
0 0.0390625 0.246875 0.0671875 0.0359375
0 0.0328125 0.2234375 0.0578125 0.0375
0 0.0265625 0.190625 0.05 0.0328125
0 0.321875 0.3640625 0.0609375 0.046875
0 0.2890625 0.2765625 0.046875 0.034375
0 0.11875 0.2203125 0.0484375 0.0328125
0 0.159375 0.3171875 0.05 0.0375
0 0.09375 0.159375 0.0625 0.040625
0 0.1109375 0.2 0.0546875 0.034375
0 0.240625 0.1625 0.0546875 0.0375
0 0.1296875 0.2390625 0.0609375 0.0375
0 0.1359375 0.2703125 0.0484375 0.0328125
0 0.165625 0.334375 0.0515625 0.0328125
0 0.10625 0.178125 0.0671875 0.040625
0 0.071875 0.1109375 0.05625 0.0359375
0 0.06875 0.0921875 0.065625 0.0453125
0 0.0578125 0.0703125 0.0578125 0.04375
0 0.2140625 0.1109375 0.05625 0.034375
0 0.215625 0.09375 0.05625 0.0390625
0 0.2421875 0.1265625 0.0421875 0.034375
0 0.146875 0.49375 0.0515625 0.0296875
0 0.11875 0.4328125 0.05 0.0421875
0 0.1625 0.525 0.053125 0.040625
0 0.2484375 0.5046875 0.0609375 0.046875
0 0.190625 0.0453125 0.05625 0.046875
0 0.209375 0.440625 0.0546875 0.028125
0 0.1828125 0.3703125 0.0578125 0.0390625
0 0.196875 0.4171875 0.0484375 0.0375
0 0.0015625 0.4765625 0.0609375 0.0453125
0 0.009375 0.4984375 0.0546875 0.0375
0 0.9625 0.071875 0.075 0.05625
0 0.9484375 0.0484375 0.065625 0.053125
0 0.934375 0.009375 0.075 0.0578125
0 0.440625 0.4046875 0.0828125 0.065625
0 0.309375 0.084375 0.090625 0.065625
0 0.55625 0.0609375 0.0875 0.05
0 0.540625 0.0375 0.1015625 0.065625
0 0.5640625 0.090625 0.0953125 0.0609375
0 0.65625 0.028125 0.0765625 0.05
0 0.7515625 0.2203125 0.1015625 0.0640625
0 0.7390625 0.1953125 0.09375 0.059375
0 0.7328125 0.1640625 0.1109375 0.0765625
0 0.7078125 0.14375 0.0796875 0.059375
0 0.69375 0.1171875 0.08125 0.059375
0 0.678125 0.071875 0.0875 0.0546875
0 0.66875 0.0484375 0.0828125 0.0546875
0 0.65 0.003125 0.075 0.05625
0 0.578125 0.115625 0.0875 0.0546875
0 0.5890625 0.1421875 0.0875 0.05625
0 0.65625 0.265625 0.065625 0.046875
0 0.61875 0.2328125 0.1078125 0.075
0 0.6140625 0.19375 0.0875 0.0578125
0 0.8171875 0.009375 0.0703125 0.05625
0 0.853125 0.0828125 0.0671875 0.0546875
0 0.871875 0.10625 0.0796875 0.0609375
