0 0.4203125 0.16875 0.11875 0.0796875
0 0.4 0.1046875 0.121875 0.078125
0 0.2359375 0.58125 0.0921875 0.071875
0 0.2234375 0.553125 0.09375 0.065625
0 0.2015625 0.4953125 0.096875 0.06875
0 0.1890625 0.4640625 0.096875 0.065625
0 0.1640625 0.390625 0.103125 0.0703125
0 0.1515625 0.359375 0.0984375 0.0671875
0 0.134375 0.334375 0.0859375 0.0671875
0 0.1296875 0.3 0.0984375 0.0671875
0 0.4265625 0.203125 0.10625 0.0765625
0 0.4453125 0.2328125 0.121875 0.0875
0 0.4484375 0.26875 0.1 0.071875
0 0.9703125 0.115625 0.0984375 0.0578125
0 0.99375 0.175 0.096875 0.0609375
0 0.98125 0.146875 0.1 0.0671875
0 0.95 0.065625 0.0890625 0.05
0 0.9328125 0.0453125 0.096875 0.0609375
0 0.753125 0.41875 0.065625 0.0515625
0 0.7203125 0.371875 0.090625 0.0734375
0 0.703125 0.3390625 0.0984375 0.078125
0 0.6734375 0.2859375 0.1109375 0.078125
0 0.64375 0.2359375 0.11875 0.078125
0 0.4890625 0.38125 0.0984375 0.0734375
0 0.003125 0.6609375 0.0609375 0.0703125
0 0.6421875 0.1984375 0.0953125 0.0640625
0 0.628125 0.16875 0.096875 0.06875
0 0.6171875 0.134375 0.1 0.0640625
0 0.1125 0.240625 0.1125 0.0765625
0 0.390625 0.4734375 0.1078125 0.06875
0 0.38125 0.4375 0.096875 0.0609375
0 0.3703125 0.4046875 0.0984375 0.0625
0 0.3515625 0.35625 0.1 0.0625
0 0.3390625 0.3234375 0.1015625 0.0640625
0 0.3171875 0.271875 0.103125 0.0671875
0 0.29375 0.2171875 0.1078125 0.0734375
0 0.2765625 0.1859375 0.115625 0.075
0 0.2640625 0.153125 0.121875 0.0765625
0 0.4703125 0.325 0.1015625 0.071875
0 0.1234375 0.2703125 0.109375 0.06875
0 0.59375 0.0796875 0.0984375 0.0640625
0 0.125 0.5921875 0.0796875 0.0625
0 0.103125 0.55625 0.0859375 0.059375
0 0.0890625 0.5296875 0.0921875 0.065625
0 0.065625 0.48125 0.1015625 0.0734375
0 0.046875 0.425 0.0890625 0.059375
0 0.0234375 0.403125 0.115625 0.0765625
0 0.0046875 0.3578125 0.1125 0.078125
0 0.5140625 0.434375 0.0984375 0.0703125
0 0.5046875 0.40625 0.1046875 0.071875
0 0.3984375 0.5125 0.1203125 0.078125
0 0.4328125 0.5375 0.075 0.05625
0 0.3109375 0.5984375 0.1625 0.1046875
0 0.58125 0.05 0.1 0.0671875
0 0.79375 0.2734375 0.0765625 0.053125
0 0.790625 0.24375 0.090625 0.0625
0 0.7640625 0.2015625 0.0703125 0.0515625
0 0.7625 0.1765625 0.090625 0.0578125
0 0.7578125 0.1484375 0.1 0.075
0 0.746875 0.1171875 0.1046875 0.0796875
0 0.7296875 0.0921875 0.090625 0.065625
0 0.7203125 0.065625 0.0921875 0.065625
0 0.7109375 0.0390625 0.096875 0.06875
0 0.7 0.0140625 0.09375 0.0625
0 0.4625 0.7015625 0.565625 0.290625
