0 0.73125 0.3875 0.0484375 0.0390625
0 0.96875 0.4171875 0.046875 0.0484375
0 0.8359375 0.0796875 0.0515625 0.0359375
0 0.91875 0.0828125 0.0546875 0.034375
0 0.9328125 0.103125 0.0609375 0.046875
0 0.8984375 0.253125 0.0734375 0.0484375
0 0.9078125 0.278125 0.0609375 0.0421875
0 0.953125 0.3671875 0.05625 0.04375
0 0.921875 0.3125 0.053125 0.0359375
0 0.8609375 0.146875 0.0546875 0.0421875
0 0.7328125 0.403125 0.05625 0.0421875
0 0.9359375 0.328125 0.053125 0.0328125
0 0.75 0.4484375 0.05 0.040625
0 0.7578125 0.4671875 0.0546875 0.05
0 0.740625 0.425 0.065625 0.0515625
0 0.71875 0.371875 0.05625 0.0453125
0 0.70625 0.34375 0.0609375 0.040625
0 0.6546875 0.196875 0.0578125 0.0359375
0 0.6546875 0.23125 0.0515625 0.0390625
0 0.6921875 0.3171875 0.0671875 0.0359375
0 0.6859375 0.29375 0.0578125 0.0375
0 0.6796875 0.2609375 0.05 0.0328125
0 0.975 0.434375 0.0609375 0.046875
0 0.9421875 0.346875 0.046875 0.034375
0 0.771875 0.290625 0.0484375 0.0328125
0 0.8125 0.3875 0.05 0.0375
0 0.746875 0.2296875 0.0625 0.040625
0 0.7640625 0.2703125 0.0546875 0.034375
0 0.89375 0.2328125 0.0546875 0.0375
0 0.7828125 0.309375 0.0609375 0.0375
0 0.7890625 0.340625 0.0484375 0.0328125
0 0.81875 0.4046875 0.0515625 0.0328125
0 0.759375 0.2484375 0.0671875 0.040625
0 0.725 0.18125 0.05625 0.0359375
0 0.721875 0.1625 0.065625 0.0453125
0 0.7109375 0.140625 0.0578125 0.04375
0 0.8671875 0.18125 0.05625 0.034375
0 0.86875 0.1640625 0.05625 0.0390625
0 0.8953125 0.196875 0.0421875 0.034375
0 0.8 0.5640625 0.0515625 0.0296875
0 0.771875 0.503125 0.05 0.0421875
0 0.815625 0.5953125 0.053125 0.040625
0 0.125 0.2359375 0.075 0.0546875
0 0.9015625 0.575 0.0609375 0.046875
0 0.2015625 0.1265625 0.046875 0.03125
0 0.16875 0.1546875 0.0484375 0.0328125
0 0.2296875 0.0671875 0.040625 0.0625
0 0.271875 0.0703125 0.034375 0.0515625
0 0.325 0.046875 0.0390625 0.05
0 0.540625 0.0171875 0.0921875 0.0640625
0 0.3453125 0.028125 0.04375 0.0671875
0 0.1171875 0.1765625 0.0671875 0.0515625
0 0.1375 0.1984375 0.0671875 0.0484375
0 0.84375 0.115625 0.05625 0.046875
0 0.31875 0.1671875 0.109375 0.0765625
0 0.0515625 0.26875 0.09375 0.0640625
0 0.05625 0.23125 0.1203125 0.0734375
0 0.0296875 0.2078125 0.1046875 0.0703125
0 0.0625 0.1484375 0.1875 0.0984375
0 0.2078125 0.234375 0.1046875 0.0671875
0 0.8625 0.5109375 0.0546875 0.028125
0 0.8359375 0.440625 0.0578125 0.0390625
0 0.85 0.4875 0.0484375 0.0375
0 0.6359375 0.4953125 0.0609375 0.0375
0 0.3765625 0.33125 0.053125 0.034375
0 0.3578125 0.3078125 0.0484375 0.034375
0 0.3875 0.3828125 0.046875 0.0359375
0 0.4078125 0.3953125 0.0640625 0.04375
0 0.41875 0.415625 0.06875 0.0453125
0 0.428125 0.46875 0.0484375 0.0421875
0 0.478125 0.5828125 0.046875 0.034375
0 0.4703125 0.55625 0.05625 0.0359375
0 0.38125 0.3625 0.05 0.040625
0 0.49375 0.6203125 0.0484375 0.0390625
0 0.4078125 0.646875 0.0875 0.0484375
0 0.5234375 0.2546875 0.0625 0.0484375
0 0.54375 0.30625 0.053125 0.04375
0 0.5578125 0.3390625 0.0515625 0.040625
0 0.571875 0.3578125 0.0578125 0.0421875
0 0.6546875 0.546875 0.0609375 0.0453125
0 0.6421875 0.1390625 0.0421875 0.05625
0 0.5296875 0.196875 0.0328125 0.0453125
0 0.55 0.1796875 0.0421875 0.0515625
0 0.590625 0.4078125 0.0484375 0.0296875
0 0.6625 0.56875 0.0546875 0.0375
0 0.9625 0.1546875 0.090625 0.065625
0 0.0875 0.409375 0.109375 0.19375
0 0.184375 0.09375 0.0640625 0.0453125
0 0.89375 0.0140625 0.04375 0.05625
0 0.9359375 0.003125 0.0328125 0.05
0 0.91875 0.0109375 0.0375 0.0609375
