0 0.353125 0.1625 0.11875 0.0796875
0 0.3328125 0.0984375 0.121875 0.078125
0 0.16875 0.575 0.0921875 0.071875
0 0.15625 0.546875 0.09375 0.065625
0 0.134375 0.4890625 0.096875 0.06875
0 0.121875 0.4578125 0.096875 0.065625
0 0.096875 0.384375 0.103125 0.0703125
0 0.084375 0.353125 0.0984375 0.0671875
0 0.0671875 0.328125 0.0859375 0.0671875
0 0.0625 0.29375 0.0984375 0.0671875
0 0.359375 0.196875 0.10625 0.0765625
0 0.378125 0.2265625 0.121875 0.0875
0 0.38125 0.2625 0.1 0.071875
0 0.903125 0.109375 0.0984375 0.0578125
0 0.9828125 0.259375 0.0671875 0.046875
0 0.9671875 0.2390625 0.0796875 0.053125
0 0.9484375 0.215625 0.09375 0.0609375
0 0.9265625 0.16875 0.096875 0.0609375
0 0.9140625 0.140625 0.1 0.0671875
0 0.8828125 0.059375 0.0890625 0.05
0 0.865625 0.0390625 0.096875 0.0609375
0 0.6859375 0.4125 0.065625 0.0515625
0 0.653125 0.365625 0.090625 0.0734375
0 0.6359375 0.3328125 0.0984375 0.078125
0 0.60625 0.2796875 0.1109375 0.078125
0 0.5765625 0.2296875 0.11875 0.078125
0 0.421875 0.375 0.0984375 0.0734375
0 0.575 0.1921875 0.0953125 0.0640625
0 0.5609375 0.1625 0.096875 0.06875
0 0.55 0.128125 0.1 0.0640625
0 0.0453125 0.234375 0.1125 0.0765625
0 0.3234375 0.4671875 0.1078125 0.06875
0 0.3140625 0.43125 0.096875 0.0609375
0 0.303125 0.3984375 0.0984375 0.0625
0 0.284375 0.35 0.1 0.0625
0 0.271875 0.3171875 0.1015625 0.0640625
0 0.25 0.265625 0.103125 0.0671875
0 0.2265625 0.2109375 0.1078125 0.0734375
0 0.209375 0.1796875 0.115625 0.075
0 0.196875 0.146875 0.121875 0.0765625
0 0.403125 0.31875 0.1015625 0.071875
0 0.05625 0.2640625 0.109375 0.06875
0 0.5265625 0.0734375 0.0984375 0.0640625
0 0.0578125 0.5859375 0.0796875 0.0625
0 0.0359375 0.55 0.0859375 0.059375
0 0.021875 0.5234375 0.0921875 0.065625
0 0.446875 0.428125 0.0984375 0.0703125
0 0.4375 0.4 0.1046875 0.071875
0 0.33125 0.50625 0.1203125 0.078125
0 0.365625 0.53125 0.075 0.05625
0 0.24375 0.5921875 0.1625 0.1046875
0 0.5140625 0.04375 0.1 0.0671875
0 0.9984375 0.0578125 0.0765625 0.053125
0 0.9796875 0.021875 0.0640625 0.0453125
0 0.7265625 0.2671875 0.0765625 0.053125
0 0.7234375 0.2375 0.090625 0.0625
0 0.696875 0.1953125 0.0703125 0.0515625
0 0.6953125 0.1703125 0.090625 0.0578125
0 0.690625 0.1421875 0.1 0.075
0 0.6796875 0.1109375 0.1046875 0.0796875
0 0.6625 0.0859375 0.090625 0.065625
0 0.653125 0.059375 0.0921875 0.065625
0 0.64375 0.0328125 0.096875 0.06875
0 0.6328125 0.0078125 0.09375 0.0625
0 0.3953125 0.6953125 0.565625 0.290625
