0 0.88125 0.35 0.0484375 0.0390625
0 0.9859375 0.0421875 0.0515625 0.0359375
0 0.8828125 0.365625 0.05625 0.0421875
0 0.9 0.4109375 0.05 0.040625
0 0.9078125 0.4296875 0.0546875 0.05
0 0.890625 0.3875 0.065625 0.0515625
0 0.86875 0.334375 0.05625 0.0453125
0 0.85625 0.30625 0.0609375 0.040625
0 0.8046875 0.159375 0.0578125 0.0359375
0 0.8046875 0.19375 0.0515625 0.0390625
0 0.8421875 0.2796875 0.0671875 0.0359375
0 0.8359375 0.25625 0.0578125 0.0375
0 0.8296875 0.2234375 0.05 0.0328125
0 0.921875 0.253125 0.0484375 0.0328125
0 0.9625 0.35 0.05 0.0375
0 0.896875 0.1921875 0.0625 0.040625
0 0.9140625 0.2328125 0.0546875 0.034375
0 0.9328125 0.271875 0.0609375 0.0375
0 0.9390625 0.303125 0.0484375 0.0328125
0 0.96875 0.3671875 0.0515625 0.0328125
0 0.909375 0.2109375 0.0671875 0.040625
0 0.875 0.14375 0.05625 0.0359375
0 0.871875 0.125 0.065625 0.0453125
0 0.8609375 0.103125 0.0578125 0.04375
0 0.95 0.5265625 0.0515625 0.0296875
0 0.921875 0.465625 0.05 0.0421875
0 0.965625 0.5578125 0.053125 0.040625
0 0.275 0.1984375 0.075 0.0546875
0 0.3515625 0.0890625 0.046875 0.03125
0 0.31875 0.1171875 0.0484375 0.0328125
0 0.3796875 0.0296875 0.040625 0.0625
0 0.421875 0.0328125 0.034375 0.0515625
0 0.475 0.009375 0.0390625 0.05
0 0.2671875 0.1390625 0.0671875 0.0515625
0 0.2875 0.1609375 0.0671875 0.0484375
0 0.99375 0.078125 0.05625 0.046875
0 0.46875 0.1296875 0.109375 0.0765625
0 0.2015625 0.23125 0.09375 0.0640625
0 0.20625 0.19375 0.1203125 0.0734375
0 0.1796875 0.1703125 0.1046875 0.0703125
0 0.2125 0.1109375 0.1875 0.0984375
0 0.3578125 0.196875 0.1046875 0.0671875
0 0.9859375 0.403125 0.0578125 0.0390625
0 0.7859375 0.4578125 0.0609375 0.0375
0 0.5265625 0.29375 0.053125 0.034375
0 0.5078125 0.2703125 0.0484375 0.034375
0 0.5375 0.3453125 0.046875 0.0359375
0 0.5578125 0.3578125 0.0640625 0.04375
0 0.56875 0.378125 0.06875 0.0453125
0 0.578125 0.43125 0.0484375 0.0421875
0 0.628125 0.5453125 0.046875 0.034375
0 0.6203125 0.51875 0.05625 0.0359375
0 0.53125 0.325 0.05 0.040625
0 0.64375 0.5828125 0.0484375 0.0390625
0 0.5578125 0.609375 0.0875 0.0484375
0 0.6734375 0.2171875 0.0625 0.0484375
0 0.69375 0.26875 0.053125 0.04375
0 0.7078125 0.3015625 0.0515625 0.040625
0 0.721875 0.3203125 0.0578125 0.0421875
0 0.8046875 0.509375 0.0609375 0.0453125
0 0.7921875 0.1015625 0.0421875 0.05625
0 0.6796875 0.159375 0.0328125 0.0453125
0 0.7 0.1421875 0.0421875 0.0515625
0 0.740625 0.3703125 0.0484375 0.0296875
0 0.8125 0.53125 0.0546875 0.0375
0 0.2375 0.371875 0.109375 0.19375
0 0.334375 0.05625 0.0640625 0.0453125
