0 0.41875 0.9015625 0.0515625 0.0359375
0 0.5015625 0.9046875 0.0546875 0.034375
0 0.515625 0.925 0.0609375 0.046875
0 0.44375 0.96875 0.0546875 0.0421875
0 0.3046875 0.984375 0.065625 0.0453125
0 0.29375 0.9625 0.0578125 0.04375
0 0.4515625 0.9859375 0.05625 0.0390625
0 0.309375 0.690625 0.0359375 0.0484375
0 0.1234375 0.8390625 0.0921875 0.0640625
0 0.4265625 0.9375 0.05625 0.046875
0 0.225 0.9609375 0.0421875 0.05625
0 0.759375 0.88125 0.09375 0.0625
0 0.7515625 0.8328125 0.071875 0.0484375
0 0.5453125 0.9765625 0.090625 0.065625
0 0.7921875 0.953125 0.0875 0.05
0 0.7765625 0.9296875 0.1015625 0.065625
0 0.8 0.9828125 0.0953125 0.0609375
0 0.8921875 0.9203125 0.0765625 0.05
0 0.9140625 0.9640625 0.0875 0.0546875
0 0.9046875 0.940625 0.0828125 0.0546875
0 0.8859375 0.8953125 0.075 0.05625
0 0.875 0.86875 0.078125 0.059375
0 0.8578125 0.84375 0.0640625 0.05
0 0.84375 0.8078125 0.0578125 0.046875
0 0.83125 0.7859375 0.0578125 0.0421875
0 0.821875 0.7671875 0.0546875 0.0359375
0 0.815625 0.7484375 0.059375 0.0390625
0 0.996875 0.759375 0.075 0.05
0 0.9859375 0.7390625 0.0765625 0.0546875
0 0.3328125 0.103125 0.1140625 0.1421875
0 0.59375 0.7859375 0.0296875 0.0453125
0 0.875 0.671875 0.0328125 0.05
0 0.8875 0.6671875 0.03125 0.0484375
0 0.828125 0.6875 0.0296875 0.0453125
0 0.8125 0.69375 0.0328125 0.0453125
0 0.8453125 0.6859375 0.0359375 0.0546875
0 0.8609375 0.6796875 0.0390625 0.0546875
0 0.9203125 0.6546875 0.034375 0.05
0 0.934375 0.6484375 0.0375 0.053125
0 0.903125 0.6640625 0.0390625 0.0578125
0 0.4765625 0.8359375 0.04375 0.05625
0 0.534375 0.81875 0.034375 0.053125
0 0.5796875 0.79375 0.0296875 0.0484375
0 0.5640625 0.803125 0.0359375 0.0546875
0 0.55 0.8125 0.0375 0.0609375
0 0.51875 0.825 0.0328125 0.05
0 0.5015625 0.8328125 0.0375 0.0609375
0 0.725 0.73125 0.0359375 0.05
0 0.7078125 0.7390625 0.0375 0.05
0 0.6921875 0.75 0.0390625 0.05
0 0.6734375 0.75625 0.0375 0.05
0 0.8625 0.5984375 0.034375 0.0515625
0 0.609375 0.565625 0.03125 0.04375
0 0.6390625 0.5515625 0.034375 0.046875
0 0.671875 0.5359375 0.03125 0.040625
0 0.85 0.6046875 0.028125 0.04375
0 0.8203125 0.6203125 0.0375 0.05
0 0.8046875 0.6234375 0.0296875 0.0453125
0 0.7921875 0.628125 0.0328125 0.0484375
0 0.8953125 0.5890625 0.03125 0.046875
0 0.8796875 0.59375 0.028125 0.0484375
0 0.834375 0.6109375 0.0375 0.05
0 0.5625 0.58125 0.03125 0.0484375
0 0.984375 0.553125 0.0359375 0.05
0 0.9421875 0.5671875 0.03125 0.0453125
0 0.925 0.5765625 0.034375 0.0515625
0 0.909375 0.5859375 0.0359375 0.053125
0 0.9671875 0.5625 0.0375 0.0546875
0 0.9984375 0.4765625 0.0328125 0.0515625
0 0.9625 0.4890625 0.0359375 0.0546875
0 0.5828125 0.5765625 0.0296875 0.05
0 0.5328125 0.5953125 0.0359375 0.046875
0 0.9796875 0.484375 0.03125 0.053125
0 0.8140625 0.5359375 0.0296875 0.0515625
0 0.8296875 0.5359375 0.0359375 0.0484375
0 0.74375 0.6515625 0.0328125 0.0484375
0 0.7171875 0.6609375 0.0375 0.0515625
0 0.7 0.6671875 0.0328125 0.053125
0 0.8453125 0.5234375 0.040625 0.0609375
0 0.759375 0.6421875 0.0328125 0.0546875
0 0.7734375 0.6359375 0.034375 0.053125
0 0.684375 0.675 0.0328125 0.0484375
0 0.5484375 0.7265625 0.0390625 0.05625
0 0.7625 0.55625 0.0296875 0.046875
0 0.778125 0.546875 0.0328125 0.0484375
0 0.7953125 0.5390625 0.03125 0.0546875
0 0.5296875 0.7375 0.0375 0.05
0 0.609375 0.7 0.03125 0.0453125
0 0.6234375 0.69375 0.028125 0.0421875
0 0.6390625 0.69375 0.03125 0.05
0 0.6546875 0.6875 0.034375 0.05
0 0.66875 0.678125 0.0296875 0.040625
0 0.515625 0.6546875 0.0375 0.0484375
0 0.54375 0.64375 0.034375 0.0515625
0 0.5625 0.6359375 0.034375 0.0546875
0 0.5796875 0.628125 0.0328125 0.053125
0 0.6078125 0.6140625 0.034375 0.05625
0 0.6234375 0.6078125 0.0265625 0.0484375
0 0.640625 0.6046875 0.0328125 0.0515625
0 0.65625 0.596875 0.03125 0.0515625
0 0.671875 0.590625 0.034375 0.05625
0 0.7 0.5765625 0.0359375 0.053125
0 0.71875 0.5703125 0.03125 0.0515625
0 0.734375 0.565625 0.034375 0.05
