0 0.0109375 0.9515625 0.0171875 0.0171875
0 0.0515625 0.9734375 0.0171875 0.015625
0 0.028125 0.959375 0.01875 0.0203125
0 0.034375 0.965625 0.015625 0.015625
0 0.0578125 0.975 0.0140625 0.0171875
0 0.0671875 0.98125 0.015625 0.015625
0 0.0125 0.978125 0.021875 0.01875
0 0.0984375 0.996875 0.0140625 0.0140625
0 0.0046875 0.9484375 0.015625 0.01875
0 0.090625 0.9921875 0.015625 0.0171875
0 0.0390625 0.996875 0.0234375 0.0234375
0 0.0734375 0.984375 0.0140625 0.0171875
0 0.0 0.975 0.021875 0.0203125
0 0.328125 0.5546875 0.06875 0.2171875
0 0.0828125 0.9890625 0.0140625 0.0171875
0 0.26875 0.765625 0.021875 0.0109375
0 0.3625 0.80625 0.034375 0.0703125
0 0.3671875 0.528125 0.0671875 0.1625
0 0.409375 0.5390625 0.0546875 0.175
