0 0.4625 0.828125 0.015625 0.0140625
0 0.3359375 0.8609375 0.0125 0.0125
0 0.2734375 0.6875 0.015625 0.0171875
0 0.4921875 0.796875 0.021875 0.015625
0 0.4859375 0.8015625 0.021875 0.015625
0 0.4828125 0.80625 0.01875 0.0125
0 0.4828125 0.8140625 0.0171875 0.0140625
0 0.4734375 0.8140625 0.021875 0.0171875
0 0.46875 0.825 0.015625 0.0125
0 0.0046875 0.51875 0.015625 0.0125
0 0.4578125 0.840625 0.0171875 0.015625
0 0.0 0.5234375 0.015625 0.0125
0 0.453125 0.8453125 0.0171875 0.0125
0 0.440625 0.846875 0.0203125 0.0125
0 0.440625 0.8265625 0.015625 0.0109375
0 0.2984375 0.6984375 0.0171875 0.0171875
0 0.4453125 0.81875 0.01875 0.0125
0 0.0046875 0.490625 0.0171875 0.0203125
0 0.0046875 0.5796875 0.0125 0.0125
0 0.4578125 0.8328125 0.0140625 0.0109375
0 0.284375 0.6921875 0.015625 0.01875
0 0.0109375 0.4953125 0.015625 0.015625
0 0.01875 0.4984375 0.0171875 0.0203125
0 0.4375 0.865625 0.0171875 0.0125
0 0.4265625 0.88125 0.0171875 0.0125
0 0.1703125 0.6359375 0.0140625 0.015625
0 0.1640625 0.63125 0.015625 0.0140625
0 0.146875 0.6234375 0.015625 0.0140625
0 0.140625 0.6203125 0.015625 0.015625
0 0.13125 0.615625 0.015625 0.0140625
0 0.1234375 0.6125 0.015625 0.015625
0 0.1296875 0.6375 0.0140625 0.0140625
0 0.346875 0.75 0.0171875 0.0203125
0 0.1375 0.640625 0.009375 0.0109375
0 0.15625 0.653125 0.01875 0.0171875
0 0.1796875 0.6640625 0.0171875 0.0171875
0 0.0265625 0.5046875 0.0203125 0.01875
0 0.3578125 0.753125 0.021875 0.0203125
0 0.1875 0.66875 0.01875 0.015625
0 0.140625 0.6953125 0.015625 0.0125
0 0.2046875 0.678125 0.0171875 0.0171875
0 0.3390625 0.7203125 0.0171875 0.015625
0 0.315625 0.70625 0.01875 0.0203125
0 0.196875 0.671875 0.0140625 0.0140625
0 0.153125 0.709375 0.01875 0.0140625
0 0.146875 0.70625 0.0171875 0.0140625
0 0.134375 0.690625 0.0140625 0.0140625
0 0.3109375 0.846875 0.0140625 0.0125
0 0.321875 0.7125 0.015625 0.015625
0 0.3453125 0.721875 0.0140625 0.0171875
0 0.165625 0.73125 0.0140625 0.0125
0 0.3546875 0.728125 0.015625 0.015625
0 0.3 0.725 0.021875 0.01875
0 0.178125 0.740625 0.0203125 0.0171875
0 0.1609375 0.725 0.0140625 0.0109375
0 0.5359375 0.809375 0.0390625 0.025
0 0.421875 0.7734375 0.0265625 0.028125
0 0.4171875 0.75625 0.015625 0.01875
0 0.409375 0.7546875 0.0171875 0.0125
0 0.14375 0.7015625 0.0171875 0.0125
0 0.434375 0.8578125 0.021875 0.0109375
0 0.4015625 0.7515625 0.0125 0.0171875
0 0.3859375 0.74375 0.0140625 0.0140625
0 0.3078125 0.84375 0.0125 0.0140625
0 0.3296875 0.85625 0.0109375 0.0140625
0 0.2921875 0.6953125 0.015625 0.01875
0 0.378125 0.7390625 0.015625 0.0171875
0 0.3265625 0.74375 0.0234375 0.0234375
0 0.7859375 0.8734375 0.0640625 0.0796875
0 0.2203125 0.68125 0.015625 0.0140625
0 0.34375 0.8625 0.0109375 0.0109375
0 0.196875 0.6484375 0.015625 0.015625
0 0.3609375 0.73125 0.0140625 0.0171875
0 0.3484375 0.871875 0.0109375 0.0140625
0 0.3875 0.771875 0.01875 0.021875
0 0.1796875 0.6375 0.0171875 0.0171875
0 0.115625 0.6078125 0.015625 0.0140625
0 0.2671875 0.6828125 0.01875 0.0203125
0 0.2515625 0.675 0.015625 0.015625
0 0.2265625 0.665625 0.0140625 0.0140625
0 0.35625 0.8703125 0.009375 0.0125
0 0.3453125 0.8359375 0.0125 0.015625
0 0.34375 0.8484375 0.015625 0.0140625
0 0.3625 0.85625 0.0203125 0.0171875
0 0.23125 0.6875 0.0203125 0.015625
0 0.2421875 0.7 0.0171875 0.021875
0 0.2625 0.7078125 0.0171875 0.01875
0 0.2875 0.721875 0.021875 0.0203125
0 0.375 0.7703125 0.025 0.028125
0 0.2109375 0.65625 0.015625 0.0125
0 0.21875 0.659375 0.0140625 0.015625
0 0.615625 0.3015625 0.06875 0.2171875
0 0.434375 0.86875 0.0203125 0.015625
0 0.403125 0.878125 0.0140625 0.0140625
0 0.4 0.871875 0.0140625 0.0125
0 0.39375 0.8671875 0.0125 0.015625
0 0.3765625 0.8828125 0.0125 0.015625
0 0.3734375 0.85625 0.0171875 0.015625
0 0.190625 0.75625 0.0125 0.0125
0 0.3703125 0.7359375 0.0140625 0.0171875
0 0.55625 0.5125 0.021875 0.0109375
0 0.18125 0.7453125 0.015625 0.0140625
0 0.409375 0.88125 0.015625 0.015625
0 0.65 0.553125 0.034375 0.0703125
0 0.296875 0.84375 0.0125 0.0140625
0 0.2875 0.840625 0.0171875 0.0171875
0 0.278125 0.8328125 0.0140625 0.0140625
0 0.271875 0.8296875 0.0203125 0.0171875
0 0.265625 0.8234375 0.0171875 0.01875
0 0.2578125 0.8203125 0.015625 0.015625
0 0.2515625 0.8140625 0.0171875 0.0140625
0 0.2421875 0.80625 0.015625 0.0125
0 0.2375 0.8 0.0171875 0.0140625
0 0.228125 0.7875 0.015625 0.0140625
0 0.2171875 0.7765625 0.021875 0.0109375
0 0.2109375 0.765625 0.021875 0.0125
0 0.2015625 0.7609375 0.015625 0.015625
0 0.1875 0.75 0.0125 0.0125
0 0.6546875 0.275 0.0671875 0.1625
0 0.696875 0.2859375 0.0546875 0.175
