0 0.8375 0.5 0.01875 0.040625
0 0.8265625 0.4015625 0.0125 0.0203125
0 0.8 0.403125 0.015625 0.0234375
0 0.7296875 0.4578125 0.053125 0.015625
0 0.7234375 0.4890625 0.0390625 0.0140625
0 0.721875 0.515625 0.0484375 0.0140625
0 0.8 0.5015625 0.021875 0.040625
0 0.9109375 0.503125 0.021875 0.0328125
0 0.684375 0.63125 0.015625 0.025
0 0.8515625 0.4046875 0.0140625 0.01875
0 0.9109375 0.5703125 0.0515625 0.0140625
0 0.9125 0.584375 0.0453125 0.015625
0 0.9125 0.5984375 0.0484375 0.0140625
0 0.909375 0.6125 0.04375 0.0125
0 0.8578125 0.5046875 0.015625 0.0296875
0 0.8734375 0.503125 0.01875 0.0359375
0 0.8390625 0.4015625 0.009375 0.0171875
0 0.7421875 0.396875 0.05625 0.015625
0 0.9078125 0.6265625 0.0390625 0.0125
0 0.9453125 0.4015625 0.05 0.015625
0 0.7296875 0.4140625 0.0359375 0.0140625
