0 0.10625 0.3515625 0.01875 0.040625
0 0.0953125 0.253125 0.0125 0.0203125
0 0.06875 0.2546875 0.015625 0.0234375
0 0.06875 0.353125 0.021875 0.040625
0 0.1796875 0.3546875 0.021875 0.0328125
0 0.1203125 0.25625 0.0140625 0.01875
0 0.1796875 0.421875 0.0515625 0.0140625
0 0.18125 0.4359375 0.0453125 0.015625
0 0.18125 0.45 0.0484375 0.0140625
0 0.178125 0.4640625 0.04375 0.0125
0 0.1265625 0.35625 0.015625 0.0296875
0 0.1421875 0.3546875 0.01875 0.0359375
0 0.1078125 0.253125 0.009375 0.0171875
0 0.0109375 0.2484375 0.05625 0.015625
0 0.1765625 0.478125 0.0390625 0.0125
0 0.2140625 0.253125 0.05 0.015625
