0 0.746875 0.0453125 0.0484375 0.0203125
0 0.6703125 0.0015625 0.0765625 0.028125
0 0.7515625 0.01875 0.053125 0.0203125
0 0.75 0.0703125 0.05625 0.021875
0 0.6671875 0.0703125 0.078125 0.0328125
0 0.7484375 0.0953125 0.05 0.021875
0 0.74375 0.1203125 0.0453125 0.01875
0 0.74375 0.15 0.0453125 0.01875
0 0.7296875 0.178125 0.065625 0.0265625
0 0.384375 0.13125 0.0640625 0.0265625
0 0.3859375 0.1015625 0.0609375 0.0265625
0 0.3875 0.0703125 0.0578125 0.0234375
0 0.3921875 0.0453125 0.053125 0.0265625
0 0.39375 0.0140625 0.059375 0.0234375
0 0.6703125 0.0359375 0.0703125 0.0296875
0 0.665625 0.10625 0.078125 0.028125
0 0.9609375 0.0359375 0.096875 0.03125
0 0.95625 0.0 0.0859375 0.03125
0 0.6671875 0.1375 0.075 0.034375
0 0.8671875 0.0109375 0.0484375 0.021875
0 0.871875 0.034375 0.0421875 0.01875
0 0.8671875 0.0578125 0.0453125 0.0203125
0 0.8625 0.08125 0.05 0.0234375
0 0.8609375 0.10625 0.05 0.021875
0 0.8640625 0.1296875 0.046875 0.021875
0 0.85625 0.153125 0.05 0.021875
0 0.9515625 0.075 0.0875 0.0328125
0 0.9578125 0.1140625 0.1015625 0.034375
0 0.9453125 0.1515625 0.0734375 0.0234375
0 0.921875 0.1921875 0.1234375 0.0375
0 0.6546875 0.1765625 0.0625 0.03125
0 0.01875 0.1046875 0.0234375 0.071875
0 0.0140625 0.0390625 0.0625 0.0234375
0 0.015625 0.0125 0.05625 0.021875
0 0.478125 0.03125 0.0796875 0.028125
0 0.4734375 0.0640625 0.0796875 0.0328125
0 0.475 0.0984375 0.078125 0.028125
0 0.4703125 0.13125 0.078125 0.03125
0 0.415625 0.1671875 0.0984375 0.0375
0 0.1703125 0.01875 0.065625 0.028125
0 0.165625 0.0453125 0.0640625 0.0265625
0 0.1671875 0.071875 0.0640625 0.021875
0 0.1640625 0.096875 0.065625 0.021875
0 0.1703125 0.125 0.0609375 0.025
0 0.1578125 0.153125 0.0625 0.0234375
0 0.240625 0.128125 0.053125 0.0203125
0 0.25 0.0984375 0.0640625 0.0203125
0 0.24375 0.071875 0.0578125 0.0234375
0 0.2484375 0.04375 0.0609375 0.025
0 0.2453125 0.015625 0.0546875 0.0234375
0 0.1953125 0.678125 0.0765625 0.03125
0 0.528125 0.5421875 0.0984375 0.0328125
0 0.415625 0.5390625 0.0859375 0.034375
0 0.425 0.4984375 0.0796875 0.034375
0 0.528125 0.5046875 0.0953125 0.03125
0 0.09375 0.659375 0.078125 0.03125
0 0.0984375 0.69375 0.06875 0.0265625
0 0.0953125 0.728125 0.0734375 0.03125
0 0.09375 0.7609375 0.0734375 0.028125
0 0.0890625 0.79375 0.08125 0.03125
0 0.0890625 0.828125 0.065625 0.0234375
0 0.1890625 0.8328125 0.08125 0.028125
0 0.1921875 0.79375 0.0875 0.03125
0 0.1953125 0.75625 0.084375 0.03125
0 0.190625 0.7171875 0.078125 0.0296875
0 0.1921875 0.6421875 0.08125 0.028125
0 0.1015625 0.625 0.071875 0.03125
0 0.1 0.590625 0.0703125 0.0296875
0 0.203125 0.603125 0.0859375 0.034375
0 0.1984375 0.5671875 0.071875 0.0265625
0 0.103125 0.55625 0.075 0.028125
0 0.1046875 0.521875 0.06875 0.0265625
0 0.2015625 0.5296875 0.0703125 0.025
0 0.1546875 0.484375 0.1453125 0.0328125
0 0.5265625 0.5796875 0.0953125 0.025
0 0.5203125 0.61875 0.0921875 0.025
0 0.525 0.6578125 0.1015625 0.0296875
0 0.5140625 0.69375 0.08125 0.028125
0 0.76875 0.553125 0.0875 0.0296875
0 0.7671875 0.5921875 0.0875 0.028125
0 0.7671875 0.628125 0.0875 0.0328125
0 0.7609375 0.6671875 0.09375 0.0296875
0 0.75625 0.7046875 0.0859375 0.03125
0 0.7578125 0.74375 0.090625 0.03125
0 0.75625 0.78125 0.0890625 0.0328125
0 0.7421875 0.81875 0.0953125 0.0328125
0 0.7484375 0.8578125 0.1015625 0.0359375
0 0.8796875 0.8625 0.0921875 0.034375
0 0.86875 0.821875 0.0984375 0.034375
0 0.8796875 0.775 0.1078125 0.0359375
0 0.88125 0.734375 0.10625 0.03125
0 0.8859375 0.6953125 0.103125 0.0328125
0 0.8890625 0.64375 0.1140625 0.034375
0 0.890625 0.6078125 0.10625 0.028125
0 0.896875 0.5609375 0.0953125 0.03125
0 0.8359375 0.5109375 0.19375 0.04375
0 0.4125 0.5734375 0.0859375 0.0328125
0 0.4109375 0.6140625 0.08125 0.0296875
0 0.4046875 0.6515625 0.0828125 0.034375
0 0.4109375 0.690625 0.0828125 0.028125
0 0.409375 0.73125 0.0796875 0.028125
0 0.40625 0.7640625 0.084375 0.0296875
0 0.4078125 0.8 0.0859375 0.0328125
0 0.4 0.8375 0.0640625 0.025
0 0.503125 0.8078125 0.075 0.0296875
0 0.5140625 0.771875 0.0890625 0.0328125
0 0.5140625 0.7296875 0.0875 0.028125
0 0.0609375 0.5546875 0.009375 0.01875
0 0.053125 0.0421875 0.0125 0.025
0 0.028125 0.146875 0.046875 0.0171875
0 0.046875 0.7625 0.0125 0.01875
0 0.05 0.7203125 0.0140625 0.028125
0 0.0515625 0.659375 0.015625 0.0234375
0 0.05625 0.621875 0.0078125 0.0203125
0 0.059375 0.590625 0.0125 0.021875
0 0.0640625 0.515625 0.0125 0.0171875
0 0.2359375 0.1671875 0.0890625 0.0546875
