0 0.1625 0.1984375 0.06875 0.028125
0 0.165625 0.165625 0.071875 0.0296875
0 0.1671875 0.128125 0.071875 0.028125
0 0.059375 0.16875 0.1 0.0296875
0 0.0640625 0.1328125 0.090625 0.034375
0 0.06875 0.0953125 0.09375 0.0359375
0 0.0640625 0.0578125 0.0921875 0.03125
0 0.1703125 0.09375 0.0609375 0.025
0 0.171875 0.059375 0.0828125 0.0265625
0 0.1671875 0.025 0.078125 0.0296875
0 0.0703125 0.0171875 0.096875 0.0359375
0 0.1609375 0.2328125 0.075 0.0265625
0 0.1609375 0.26875 0.075 0.028125
0 0.159375 0.3015625 0.0734375 0.0265625
0 0.1609375 0.334375 0.0765625 0.03125
0 0.4546875 0.2234375 0.0765625 0.03125
0 0.7875 0.0875 0.0984375 0.0328125
0 0.675 0.084375 0.0859375 0.034375
0 0.684375 0.04375 0.0796875 0.034375
0 0.7875 0.05 0.0953125 0.03125
0 0.353125 0.2046875 0.078125 0.03125
0 0.3578125 0.2390625 0.06875 0.0265625
0 0.3546875 0.2734375 0.0734375 0.03125
0 0.353125 0.30625 0.0734375 0.028125
0 0.3484375 0.3390625 0.08125 0.03125
0 0.3484375 0.3734375 0.065625 0.0234375
0 0.4484375 0.378125 0.08125 0.028125
0 0.4515625 0.3390625 0.0875 0.03125
0 0.4546875 0.3015625 0.084375 0.03125
0 0.45 0.2625 0.078125 0.0296875
0 0.4515625 0.1875 0.08125 0.028125
0 0.3609375 0.1703125 0.071875 0.03125
0 0.359375 0.1359375 0.0703125 0.0296875
0 0.4625 0.1484375 0.0859375 0.034375
0 0.4578125 0.1125 0.071875 0.0265625
0 0.3625 0.1015625 0.075 0.028125
0 0.3640625 0.0671875 0.06875 0.0265625
0 0.4609375 0.075 0.0703125 0.025
0 0.4140625 0.0296875 0.1453125 0.0328125
0 0.0640625 0.2078125 0.0875 0.0375
0 0.0625 0.246875 0.0921875 0.034375
0 0.0546875 0.2859375 0.084375 0.028125
0 0.059375 0.325 0.0828125 0.0328125
0 0.059375 0.3609375 0.0734375 0.034375
0 0.1640625 0.3703125 0.0703125 0.0328125
0 0.7859375 0.125 0.0953125 0.025
0 0.7796875 0.1640625 0.0921875 0.025
0 0.784375 0.203125 0.1015625 0.0296875
0 0.7734375 0.2390625 0.08125 0.028125
0 0.671875 0.11875 0.0859375 0.0328125
0 0.6703125 0.159375 0.08125 0.0296875
0 0.6640625 0.196875 0.0828125 0.034375
0 0.6703125 0.2359375 0.0828125 0.028125
0 0.66875 0.2765625 0.0796875 0.028125
0 0.665625 0.309375 0.084375 0.0296875
0 0.6671875 0.3453125 0.0859375 0.0328125
0 0.659375 0.3828125 0.0640625 0.025
0 0.7625 0.353125 0.075 0.0296875
0 0.7734375 0.3171875 0.0890625 0.0328125
0 0.7734375 0.275 0.0875 0.028125
0 0.3203125 0.1 0.009375 0.01875
0 0.30625 0.3078125 0.0125 0.01875
0 0.309375 0.265625 0.0140625 0.028125
0 0.3109375 0.2046875 0.015625 0.0234375
0 0.315625 0.1671875 0.0078125 0.0203125
0 0.31875 0.1359375 0.0125 0.021875
0 0.3234375 0.0609375 0.0125 0.0171875
0 0.0140625 0.0546875 0.015625 0.0234375
0 0.0109375 0.0921875 0.0171875 0.0296875
