0 0.08125 0.0109375 0.084375 0.0328125
0 0.0828125 0.0484375 0.0734375 0.0328125
0 0.0796875 0.0828125 0.0765625 0.028125
0 0.1875 0.0921875 0.0875 0.0296875
0 0.19375 0.0546875 0.103125 0.0359375
0 0.1859375 0.015625 0.0890625 0.0328125
0 0.5296875 0.0078125 0.075 0.028125
0 0.528125 0.040625 0.0734375 0.0265625
0 0.5296875 0.0734375 0.0765625 0.03125
0 0.7234375 0.0125 0.0734375 0.03125
0 0.721875 0.0453125 0.0734375 0.028125
0 0.7171875 0.078125 0.08125 0.03125
0 0.7171875 0.1125 0.065625 0.0234375
0 0.8171875 0.1171875 0.08125 0.028125
0 0.8203125 0.078125 0.0875 0.03125
0 0.8234375 0.040625 0.084375 0.03125
0 0.81875 0.0015625 0.078125 0.0296875
0 0.4234375 0.025 0.084375 0.028125
0 0.428125 0.0640625 0.0828125 0.0328125
0 0.428125 0.1 0.0734375 0.034375
0 0.5328125 0.109375 0.0703125 0.0328125
0 0.675 0.046875 0.0125 0.01875
0 0.678125 0.0046875 0.0140625 0.028125
0 0.9078125 0.9 0.06875 0.0296875
0 0.6203125 0.834375 0.0796875 0.0296875
0 0.9046875 0.9734375 0.0640625 0.028125
0 0.815625 0.9671875 0.0671875 0.0265625
0 0.815625 0.921875 0.0703125 0.0265625
0 0.8140625 0.884375 0.078125 0.028125
0 0.8140625 0.8453125 0.0796875 0.03125
0 0.53125 0.83125 0.06875 0.0265625
0 0.53125 0.8640625 0.0640625 0.028125
0 0.6171875 0.8703125 0.065625 0.0265625
0 0.615625 0.90625 0.075 0.028125
0 0.353125 0.9859375 0.065625 0.0265625
0 0.359375 0.953125 0.0546875 0.0234375
0 0.3578125 0.921875 0.0640625 0.025
0 0.3609375 0.8875 0.0546875 0.021875
0 0.3640625 0.8546875 0.0640625 0.021875
0 0.3640625 0.828125 0.0671875 0.025
0 0.5265625 0.9625 0.06875 0.0296875
0 0.5234375 0.9953125 0.065625 0.0234375
0 0.615625 0.978125 0.06875 0.0234375
0 0.6140625 0.9421875 0.06875 0.028125
0 0.5265625 0.9296875 0.0578125 0.0234375
0 0.5265625 0.896875 0.071875 0.0296875
