0 0.1203125 0.7453125 0.0859375 0.0328125
0 0.7359375 0.9640625 0.0171875 0.0296875
0 0.7359375 0.8140625 0.0109375 0.034375
0 0.86875 0.79375 0.028125 0.0109375
0 0.846875 0.9 0.0140625 0.0359375
0 0.8375 0.965625 0.0125 0.03125
0 0.9765625 0.8234375 0.078125 0.021875
0 0.7828125 0.3078125 0.015625 0.021875
0 0.953125 0.3453125 0.01875 0.021875
0 0.8765625 0.971875 0.065625 0.028125
0 0.9203125 0.1171875 0.0796875 0.0296875
0 0.83125 0.1140625 0.06875 0.0265625
0 0.83125 0.146875 0.0640625 0.028125
0 0.9171875 0.153125 0.065625 0.0265625
0 0.915625 0.1890625 0.075 0.028125
0 0.4375 0.4296875 0.1171875 0.0296875
0 0.6546875 0.4328125 0.046875 0.01875
0 0.65 0.36875 0.0671875 0.0265625
0 0.65 0.3390625 0.0578125 0.025
0 0.65625 0.303125 0.0734375 0.0296875
0 0.653125 0.26875 0.065625 0.0265625
0 0.659375 0.2359375 0.0546875 0.0234375
0 0.6578125 0.2046875 0.0640625 0.025
0 0.6609375 0.1703125 0.0546875 0.021875
0 0.6640625 0.1375 0.0640625 0.021875
0 0.6640625 0.1109375 0.0671875 0.025
0 0.8265625 0.2453125 0.06875 0.0296875
0 0.8234375 0.278125 0.065625 0.0234375
0 0.821875 0.309375 0.071875 0.0265625
0 0.81875 0.3421875 0.0671875 0.025
0 0.8140625 0.375 0.0640625 0.0234375
0 0.815625 0.40625 0.0640625 0.025
0 0.8953125 0.44375 0.0796875 0.0234375
0 0.90625 0.409375 0.065625 0.0265625
0 0.9125 0.3703125 0.071875 0.0296875
0 0.909375 0.3328125 0.065625 0.0265625
0 0.9140625 0.296875 0.075 0.028125
0 0.915625 0.2609375 0.06875 0.0234375
0 0.9140625 0.225 0.06875 0.028125
0 0.8265625 0.2125 0.0578125 0.0234375
0 0.8265625 0.1796875 0.071875 0.0296875
0 0.9734375 0.975 0.0796875 0.0296875
0 0.1015625 0.8171875 0.05625 0.025
0 0.4296875 0.9734375 0.0703125 0.0203125
0 0.4328125 0.9359375 0.071875 0.028125
0 0.428125 0.90625 0.0640625 0.021875
0 0.4328125 0.8703125 0.075 0.03125
0 0.4328125 0.83125 0.0453125 0.01875
0 0.4359375 0.8 0.0734375 0.028125
0 0.4296875 0.7625 0.0765625 0.0296875
0 0.1 0.7859375 0.053125 0.021875
0 0.0984375 0.8453125 0.0578125 0.0265625
0 0.184375 0.8546875 0.06875 0.0234375
0 0.0984375 0.875 0.053125 0.025
0 0.0921875 0.90625 0.0609375 0.028125
0 0.0875 0.9328125 0.046875 0.0203125
0 0.096875 0.965625 0.05625 0.025
0 0.0921875 0.99375 0.059375 0.025
0 0.1765625 0.9921875 0.059375 0.0234375
0 0.1671875 0.965625 0.0515625 0.01875
0 0.184375 0.928125 0.071875 0.0265625
0 0.346875 0.9703125 0.0640625 0.0265625
0 0.3390625 0.9359375 0.0578125 0.0234375
0 0.971875 0.9359375 0.0734375 0.0296875
0 0.8796875 0.9328125 0.071875 0.0296875
0 0.8859375 0.9 0.071875 0.0296875
0 0.9734375 0.9 0.071875 0.03125
0 0.8875 0.8625 0.0671875 0.0265625
0 0.8859375 0.8265625 0.0734375 0.0265625
0 0.9578125 0.7859375 0.1 0.03125
0 0.6 0.915625 0.05 0.0203125
0 0.590625 0.940625 0.0609375 0.0234375
0 0.6 0.9828125 0.0609375 0.025
0 0.6890625 0.9625 0.0828125 0.03125
0 0.6828125 0.9234375 0.0734375 0.0265625
0 0.6015625 0.8734375 0.0625 0.025
0 0.603125 0.846875 0.0546875 0.025
0 0.6046875 0.8109375 0.0609375 0.0265625
0 0.6890625 0.8125 0.0796875 0.028125
0 0.6953125 0.778125 0.0609375 0.025
0 0.6109375 0.7734375 0.084375 0.0328125
0 0.3515625 0.75625 0.06875 0.0390625
0 0.353125 0.796875 0.0640625 0.025
0 0.35 0.834375 0.0625 0.0265625
0 0.3484375 0.8671875 0.059375 0.025
0 0.3484375 0.8984375 0.0671875 0.0265625
0 0.1765625 0.8953125 0.059375 0.0203125
0 0.1796875 0.8234375 0.0578125 0.0234375
0 0.1796875 0.7890625 0.0703125 0.025
0 0.190625 0.759375 0.0484375 0.0171875
