0 0.10625 0.0234375 0.0765625 0.028125
0 0.2140625 0.0328125 0.0875 0.0296875
0 0.55625 0.0140625 0.0765625 0.03125
0 0.74375 0.01875 0.08125 0.03125
0 0.74375 0.053125 0.065625 0.0234375
0 0.84375 0.0578125 0.08125 0.028125
0 0.846875 0.01875 0.0875 0.03125
0 0.4546875 0.0046875 0.0828125 0.0328125
0 0.4546875 0.040625 0.0734375 0.034375
0 0.559375 0.05 0.0703125 0.0328125
0 0.509375 0.965625 0.015625 0.021875
0 0.934375 0.840625 0.06875 0.0296875
0 0.646875 0.775 0.0796875 0.0296875
0 0.93125 0.9140625 0.0640625 0.028125
0 0.928125 0.9515625 0.0796875 0.03125
0 0.93125 0.9859375 0.06875 0.0265625
0 0.834375 0.984375 0.0765625 0.03125
0 0.834375 0.94375 0.0765625 0.0296875
0 0.8421875 0.9078125 0.0671875 0.0265625
0 0.8421875 0.8625 0.0703125 0.0265625
0 0.840625 0.825 0.078125 0.028125
0 0.840625 0.7859375 0.0796875 0.03125
0 0.5578125 0.771875 0.06875 0.0265625
0 0.5578125 0.8046875 0.0640625 0.028125
0 0.64375 0.8109375 0.065625 0.0265625
0 0.6421875 0.846875 0.075 0.028125
0 0.3765625 0.996875 0.0578125 0.025
0 0.3828125 0.9609375 0.0734375 0.0296875
0 0.3796875 0.9265625 0.065625 0.0265625
0 0.3859375 0.89375 0.0546875 0.0234375
0 0.384375 0.8625 0.0640625 0.025
0 0.3875 0.828125 0.0546875 0.021875
0 0.390625 0.7953125 0.0640625 0.021875
0 0.390625 0.76875 0.0671875 0.025
0 0.553125 0.903125 0.06875 0.0296875
0 0.55 0.9359375 0.065625 0.0234375
0 0.5484375 0.9671875 0.071875 0.0265625
0 0.6359375 0.990625 0.065625 0.0265625
0 0.640625 0.9546875 0.075 0.028125
0 0.6421875 0.91875 0.06875 0.0234375
0 0.640625 0.8828125 0.06875 0.028125
0 0.553125 0.8703125 0.0578125 0.0234375
0 0.553125 0.8375 0.071875 0.0296875
