0 0.6171875 0.6875 0.078125 0.0328125
0 0.959375 0.65625 0.0609375 0.0265625
0 0.875 0.6515625 0.06875 0.0234375
0 0.8734375 0.61875 0.0734375 0.025
0 0.959375 0.625 0.065625 0.0234375
0 0.9734375 0.590625 0.075 0.0296875
0 0.8796875 0.5828125 0.0734375 0.0265625
0 0.8890625 0.5390625 0.071875 0.046875
0 0.9640625 0.55 0.0609375 0.0234375
0 0.6484375 0.534375 0.121875 0.034375
0 0.625 0.5796875 0.075 0.025
0 0.6171875 0.6109375 0.0859375 0.0328125
0 0.7078125 0.6140625 0.0671875 0.0234375
0 0.7046875 0.64375 0.0625 0.0234375
0 0.615625 0.65 0.0796875 0.028125
0 0.7046875 0.6828125 0.059375 0.021875
0 0.7046875 0.709375 0.0578125 0.0234375
0 0.6125 0.73125 0.071875 0.0265625
0 0.7015625 0.74375 0.0671875 0.028125
0 0.6140625 0.7625 0.0765625 0.03125
0 0.7 0.7796875 0.06875 0.025
0 0.6109375 0.803125 0.08125 0.028125
0 0.6078125 0.8359375 0.0703125 0.025
0 0.7 0.8125 0.0578125 0.0234375
0 0.6984375 0.8453125 0.0609375 0.025
0 0.7 0.8765625 0.053125 0.0234375
0 0.6078125 0.8734375 0.071875 0.0296875
0 0.3078125 0.8640625 0.0671875 0.0296875
0 0.4171875 0.83125 0.0765625 0.0265625
0 0.3046875 0.825 0.0765625 0.03125
0 0.959375 0.690625 0.0671875 0.0234375
0 0.875 0.684375 0.071875 0.0265625
0 0.86875 0.725 0.0484375 0.01875
0 0.9640625 0.7203125 0.0640625 0.021875
0 0.86875 0.884375 0.0625 0.0296875
0 0.9546875 0.884375 0.053125 0.021875
0 0.9546875 0.8578125 0.059375 0.0234375
0 0.865625 0.85 0.0671875 0.028125
0 0.8703125 0.81875 0.06875 0.028125
0 0.871875 0.7859375 0.0609375 0.028125
0 0.8734375 0.7515625 0.059375 0.0265625
0 0.9578125 0.7875 0.0671875 0.028125
0 0.953125 0.7515625 0.059375 0.0234375
0 0.4140625 0.7515625 0.09375 0.0359375
0 0.175 0.740625 0.0140625 0.034375
0 0.1765625 0.703125 0.0171875 0.0296875
0 0.1765625 0.553125 0.0109375 0.034375
0 0.3765625 0.878125 0.0171875 0.015625
0 0.309375 0.5328125 0.028125 0.0109375
0 0.4578125 0.7171875 0.0109375 0.0296875
0 0.2875 0.6390625 0.0140625 0.0359375
0 0.271875 0.7515625 0.0140625 0.028125
0 0.278125 0.7046875 0.0125 0.03125
0 0.5734375 0.646875 0.0078125 0.0234375
0 0.84375 0.58125 0.009375 0.025
0 0.9875 0.859375 0.009375 0.0265625
0 0.8359375 0.78125 0.0140625 0.0265625
0 0.834375 0.6828125 0.0125 0.025
0 0.8390625 0.9015625 0.028125 0.0125
0 0.99375 0.7890625 0.0125 0.028125
0 0.4171875 0.5625 0.078125 0.021875
0 0.7109375 0.571875 0.065625 0.0296875
0 0.2234375 0.046875 0.015625 0.021875
0 0.39375 0.084375 0.01875 0.021875
0 0.5609375 0.19375 0.028125 0.0125
0 0.815625 0.2 0.025 0.0140625
0 0.98125 0.08125 0.01875 0.0265625
0 0.3171875 0.7109375 0.065625 0.028125
0 0.3171875 0.75 0.0765625 0.03125
0 0.4078125 0.790625 0.075 0.025
0 0.6421875 0.0328125 0.0796875 0.03125
0 0.6453125 0.0671875 0.06875 0.0265625
0 0.646875 0.1421875 0.03125 0.0921875
0 0.60625 0.140625 0.03125 0.0921875
0 0.5640625 0.1390625 0.034375 0.090625
0 0.5234375 0.1375 0.0296875 0.084375
0 0.5484375 0.065625 0.0765625 0.03125
0 0.5484375 0.025 0.0765625 0.0296875
0 0.8421875 0.00625 0.071875 0.0265625
0 0.8375 0.040625 0.078125 0.03125
0 0.815625 0.1484375 0.034375 0.0875
0 0.859375 0.1546875 0.0296875 0.0984375
0 0.9015625 0.153125 0.028125 0.0875
0 0.94375 0.153125 0.028125 0.0859375
0 0.9296875 0.08125 0.0828125 0.0265625
0 0.9390625 0.040625 0.0765625 0.0265625
0 0.9359375 0.0015625 0.0828125 0.03125
0 0.0953125 0.171875 0.046875 0.01875
0 0.090625 0.1078125 0.0671875 0.0265625
0 0.090625 0.078125 0.0578125 0.025
0 0.096875 0.0421875 0.0734375 0.0296875
0 0.09375 0.0078125 0.065625 0.0265625
0 0.2640625 0.0171875 0.065625 0.0234375
0 0.2625 0.0484375 0.071875 0.0265625
0 0.259375 0.08125 0.0671875 0.025
0 0.2546875 0.1140625 0.0640625 0.0234375
0 0.25625 0.1453125 0.0640625 0.025
0 0.3359375 0.1828125 0.0796875 0.0234375
0 0.346875 0.1484375 0.065625 0.0265625
0 0.353125 0.109375 0.071875 0.0296875
0 0.35 0.071875 0.065625 0.0265625
0 0.3546875 0.0359375 0.075 0.028125
0 0.35625 0.0 0.06875 0.0234375
0 0.4140625 0.7140625 0.0796875 0.0296875
0 0.4125 0.675 0.0734375 0.0296875
0 0.3203125 0.671875 0.071875 0.0296875
0 0.3265625 0.6390625 0.071875 0.0296875
0 0.4140625 0.6390625 0.071875 0.03125
0 0.328125 0.6015625 0.0671875 0.0265625
0 0.3265625 0.565625 0.0734375 0.0265625
0 0.3984375 0.525 0.1 0.03125
0 0.040625 0.6546875 0.05 0.0203125
0 0.03125 0.6796875 0.0609375 0.0234375
0 0.040625 0.721875 0.0609375 0.025
0 0.0359375 0.7515625 0.0671875 0.0265625
0 0.01875 0.8140625 0.0609375 0.025
0 0.03125 0.8484375 0.059375 0.0265625
0 0.1203125 0.821875 0.0578125 0.0234375
0 0.1203125 0.78125 0.071875 0.028125
0 0.125 0.7421875 0.084375 0.0328125
0 0.1296875 0.7015625 0.0828125 0.03125
0 0.1234375 0.6625 0.0734375 0.0265625
0 0.0421875 0.6125 0.0625 0.025
0 0.04375 0.5859375 0.0546875 0.025
0 0.0453125 0.55 0.0609375 0.0265625
0 0.1296875 0.5515625 0.0796875 0.028125
0 0.1359375 0.5171875 0.0609375 0.025
0 0.0515625 0.5125 0.084375 0.0328125
