0 0.3640625 0.39375 0.0125 0.0234375
0 0.375 0.2390625 0.015625 0.028125
0 0.778125 0.9140625 0.1015625 0.034375
0 0.7484375 0.946875 0.0546875 0.0203125
0 0.8234375 0.95 0.05625 0.0203125
0 0.821875 0.975 0.05625 0.021875
0 0.521875 0.98125 0.08125 0.0296875
0 0.5234375 0.946875 0.0828125 0.03125
0 0.559375 0.9046875 0.1890625 0.0484375
0 0.6140625 0.9421875 0.0515625 0.0203125
0 0.6109375 0.9703125 0.05 0.01875
0 0.6140625 0.9921875 0.046875 0.0171875
0 0.74375 0.975 0.0703125 0.0265625
0 0.95625 0.9796875 0.0578125 0.0234375
0 0.95625 0.9546875 0.05625 0.0234375
0 0.021875 0.99375 0.0609375 0.0265625
0 0.021875 0.9625 0.065625 0.0234375
0 0.0359375 0.928125 0.075 0.0296875
0 0.0265625 0.8875 0.0609375 0.0234375
0 0.190625 0.934375 0.0671875 0.025
0 0.2 0.89375 0.084375 0.034375
0 0.290625 0.9375 0.0890625 0.0328125
0 0.2890625 0.975 0.090625 0.0296875
0 0.9375 0.915625 0.01875 0.034375
0 0.6390625 0.571875 0.025 0.0140625
0 0.9109375 0.5875 0.0296875 0.0125
0 0.2859375 0.5546875 0.01875 0.0171875
0 0.04375 0.41875 0.01875 0.0265625
0 0.2953125 0.8890625 0.075 0.046875
0 0.190625 0.9671875 0.0640625 0.03125
0 0.2234375 0.309375 0.0796875 0.028125
0 0.00625 0.490625 0.028125 0.0859375
0 0.0015625 0.378125 0.0765625 0.0265625
0 0.003125 0.2984375 0.084375 0.0296875
0 0.0078125 0.2609375 0.0875 0.0296875
0 0.0109375 0.2234375 0.0828125 0.0328125
0 0.221875 0.2296875 0.0859375 0.0328125
0 0.221875 0.26875 0.0734375 0.025
0 0.215625 0.35 0.084375 0.0296875
0 0.9546875 0.534375 0.0296875 0.090625
0 0.946875 0.459375 0.078125 0.0296875
0 0.953125 0.4234375 0.075 0.03125
0 0.95 0.3875 0.0765625 0.0296875
0 0.95 0.3515625 0.075 0.028125
0 0.8515625 0.3375 0.0703125 0.0296875
0 0.8578125 0.3 0.071875 0.028125
0 0.8609375 0.2578125 0.0796875 0.0296875
0 0.9546875 0.3125 0.0796875 0.03125
0 0.2140625 0.3875 0.0875 0.03125
0 0.9140625 0.5296875 0.0296875 0.0953125
0 0.871875 0.528125 0.0328125 0.0921875
0 0.8296875 0.525 0.028125 0.0890625
0 0.8484375 0.4546875 0.084375 0.03125
0 0.2109375 0.425 0.0859375 0.03125
0 0.196875 0.496875 0.03125 0.0796875
0 0.2421875 0.5 0.03125 0.090625
0 0.2859375 0.5015625 0.03125 0.09375
0 0.3234375 0.503125 0.03125 0.0859375
0 0.321875 0.43125 0.0921875 0.0296875
0 0.31875 0.390625 0.08125 0.0328125
0 0.3296875 0.353125 0.0890625 0.0328125
0 0.325 0.3125 0.071875 0.03125
0 0.3265625 0.2734375 0.071875 0.0296875
0 0.328125 0.234375 0.084375 0.0328125
0 0.54375 0.246875 0.08125 0.03125
0 0.540625 0.2828125 0.0875 0.034375
0 0.54375 0.325 0.0796875 0.03125
0 0.540625 0.365625 0.0796875 0.0296875
0 0.540625 0.403125 0.0828125 0.0328125
0 0.534375 0.440625 0.0796875 0.03125
0 0.515625 0.5140625 0.0328125 0.0890625
0 0.55625 0.521875 0.034375 0.090625
0 0.5984375 0.5203125 0.028125 0.0953125
0 0.6421875 0.521875 0.03125 0.0828125
0 0.634375 0.446875 0.0640625 0.028125
0 0.634375 0.4046875 0.06875 0.0265625
0 0.640625 0.3671875 0.0828125 0.028125
0 0.640625 0.3234375 0.0640625 0.0234375
0 0.64375 0.2875 0.0765625 0.028125
0 0.6421875 0.246875 0.0734375 0.0296875
0 0.853125 0.375 0.078125 0.0296875
0 0.8515625 0.41875 0.078125 0.028125
