0 0.8296875 0.2265625 0.0484375 0.0203125
0 0.753125 0.1828125 0.0765625 0.028125
0 0.7515625 0.15 0.0765625 0.03125
0 0.753125 0.1140625 0.075 0.03125
0 0.7640625 0.0796875 0.0671875 0.0265625
0 0.759375 0.0484375 0.06875 0.0296875
0 0.7625 0.0171875 0.0578125 0.0234375
0 0.84375 0.01875 0.0375 0.0203125
0 0.8453125 0.0421875 0.046875 0.021875
0 0.840625 0.0671875 0.053125 0.021875
0 0.840625 0.0921875 0.0578125 0.0234375
0 0.8390625 0.11875 0.04375 0.01875
0 0.8328125 0.146875 0.0484375 0.0203125
0 0.8328125 0.1765625 0.046875 0.01875
0 0.834375 0.2 0.053125 0.0203125
0 0.8328125 0.2515625 0.05625 0.021875
0 0.75 0.2515625 0.078125 0.0328125
0 0.83125 0.2765625 0.05 0.021875
0 0.8265625 0.3015625 0.0453125 0.01875
0 0.8265625 0.33125 0.0453125 0.01875
0 0.8125 0.359375 0.065625 0.0265625
0 0.4671875 0.3125 0.0640625 0.0265625
0 0.46875 0.2828125 0.0609375 0.0265625
0 0.4703125 0.2515625 0.0578125 0.0234375
0 0.475 0.2265625 0.053125 0.0265625
0 0.4765625 0.1953125 0.059375 0.0234375
0 0.478125 0.165625 0.0546875 0.025
0 0.478125 0.10625 0.0625 0.025
0 0.4796875 0.0796875 0.059375 0.025
0 0.4828125 0.0515625 0.0546875 0.021875
0 0.4765625 0.0265625 0.0546875 0.021875
0 0.753125 0.2171875 0.0703125 0.0296875
0 0.7484375 0.2875 0.078125 0.028125
0 0.95625 0.0953125 0.0453125 0.0171875
0 0.95625 0.0234375 0.04375 0.0203125
0 0.9578125 0.071875 0.05 0.01875
0 0.95625 0.11875 0.0421875 0.01875
0 0.75 0.31875 0.075 0.034375
0 0.953125 0.1421875 0.0515625 0.0234375
0 0.9546875 0.1671875 0.0453125 0.0203125
0 0.95 0.1921875 0.0484375 0.021875
0 0.9546875 0.215625 0.0421875 0.01875
0 0.95 0.2390625 0.0453125 0.0203125
0 0.9453125 0.2625 0.05 0.0234375
0 0.94375 0.2875 0.05 0.021875
0 0.946875 0.3109375 0.046875 0.021875
0 0.9390625 0.334375 0.05 0.021875
0 0.7375 0.3578125 0.0625 0.03125
0 0.4796875 0.003125 0.0515625 0.01875
0 0.5625 0.0109375 0.0703125 0.025
0 0.5640625 0.04375 0.065625 0.0296875
0 0.034375 0.1140625 0.0484375 0.021875
0 0.0328125 0.2859375 0.0328125 0.084375
0 0.0671875 0.2875 0.0296875 0.08125
0 0.1015625 0.2859375 0.0234375 0.071875
0 0.096875 0.2203125 0.0625 0.0234375
0 0.0984375 0.19375 0.05625 0.021875
0 0.0984375 0.1671875 0.0578125 0.021875
0 0.1015625 0.1390625 0.0578125 0.0203125
0 0.1015625 0.1140625 0.0578125 0.021875
0 0.1046875 0.0890625 0.0609375 0.0234375
0 0.10625 0.0625 0.059375 0.0234375
0 0.1109375 0.0109375 0.05 0.021875
0 0.5609375 0.078125 0.0703125 0.025
0 0.3390625 0.021875 0.0578125 0.0203125
0 0.3390625 0.046875 0.0546875 0.0234375
0 0.3328125 0.0796875 0.0578125 0.021875
0 0.3296875 0.109375 0.05 0.0203125
0 0.5640625 0.1109375 0.0765625 0.03125
0 0.5640625 0.14375 0.0828125 0.028125
0 0.55625 0.1765625 0.0703125 0.028125
0 0.5609375 0.2125 0.0796875 0.028125
0 0.55625 0.2453125 0.0796875 0.0328125
0 0.5578125 0.2796875 0.078125 0.028125
0 0.553125 0.3125 0.078125 0.03125
0 0.4984375 0.3484375 0.0984375 0.0375
0 0.2609375 0.0171875 0.046875 0.01875
0 0.2625 0.0421875 0.059375 0.0234375
0 0.2625 0.06875 0.0546875 0.0234375
0 0.25625 0.09375 0.0640625 0.0234375
0 0.2609375 0.121875 0.05625 0.0234375
0 0.253125 0.1484375 0.053125 0.0234375
0 0.253125 0.1734375 0.0609375 0.0296875
0 0.253125 0.2 0.065625 0.028125
0 0.2484375 0.2265625 0.0640625 0.0265625
0 0.25 0.253125 0.0640625 0.021875
0 0.246875 0.278125 0.065625 0.021875
0 0.253125 0.30625 0.0609375 0.025
0 0.240625 0.334375 0.0625 0.0234375
0 0.3234375 0.309375 0.053125 0.0203125
0 0.3328125 0.2796875 0.0640625 0.0203125
0 0.3265625 0.253125 0.0578125 0.0234375
0 0.33125 0.225 0.0609375 0.025
0 0.328125 0.196875 0.0546875 0.0234375
0 0.33125 0.16875 0.0609375 0.025
0 0.3375 0.1375 0.0671875 0.025
0 0.278125 0.859375 0.0765625 0.03125
0 0.6109375 0.7234375 0.0984375 0.0328125
0 0.4984375 0.7203125 0.0859375 0.034375
0 0.5078125 0.6796875 0.0796875 0.034375
0 0.6109375 0.6859375 0.0953125 0.03125
0 0.1765625 0.840625 0.078125 0.03125
0 0.18125 0.875 0.06875 0.0265625
0 0.178125 0.909375 0.0734375 0.03125
0 0.1765625 0.9421875 0.0734375 0.028125
0 0.171875 0.975 0.08125 0.03125
0 0.275 0.975 0.0875 0.03125
0 0.278125 0.9375 0.084375 0.03125
0 0.2734375 0.8984375 0.078125 0.0296875
0 0.275 0.8234375 0.08125 0.028125
0 0.184375 0.80625 0.071875 0.03125
0 0.1828125 0.771875 0.0703125 0.0296875
0 0.2859375 0.784375 0.0859375 0.034375
0 0.28125 0.7484375 0.071875 0.0265625
0 0.1859375 0.7375 0.075 0.028125
0 0.1875 0.703125 0.06875 0.0265625
0 0.284375 0.7109375 0.0703125 0.025
0 0.2375 0.665625 0.1453125 0.0328125
0 0.609375 0.7609375 0.0953125 0.025
0 0.603125 0.8 0.0921875 0.025
0 0.6078125 0.8390625 0.1015625 0.0296875
0 0.596875 0.875 0.08125 0.028125
0 0.8515625 0.734375 0.0875 0.0296875
0 0.85 0.7734375 0.0875 0.028125
0 0.85 0.809375 0.0875 0.0328125
0 0.84375 0.8484375 0.09375 0.0296875
0 0.8390625 0.8859375 0.0859375 0.03125
0 0.840625 0.925 0.090625 0.03125
0 0.8390625 0.9625 0.0890625 0.0328125
0 0.9625 0.95625 0.1078125 0.0359375
0 0.9640625 0.915625 0.10625 0.03125
0 0.96875 0.8765625 0.103125 0.0328125
0 0.971875 0.825 0.1140625 0.034375
0 0.9734375 0.7890625 0.10625 0.028125
0 0.9796875 0.7421875 0.0953125 0.03125
0 0.91875 0.6921875 0.19375 0.04375
0 0.4953125 0.7546875 0.0859375 0.0328125
0 0.49375 0.7953125 0.08125 0.0296875
0 0.4875 0.8328125 0.0828125 0.034375
0 0.49375 0.871875 0.0828125 0.028125
0 0.4921875 0.9125 0.0796875 0.028125
0 0.4890625 0.9453125 0.084375 0.0296875
0 0.490625 0.98125 0.0859375 0.0328125
0 0.5859375 0.9890625 0.075 0.0296875
0 0.596875 0.953125 0.0890625 0.0328125
0 0.596875 0.9109375 0.0875 0.028125
0 0.14375 0.7359375 0.009375 0.01875
0 0.1359375 0.2234375 0.0125 0.025
0 0.1109375 0.328125 0.046875 0.0171875
0 0.7203125 0.0453125 0.0109375 0.0296875
0 0.2203125 0.16875 0.009375 0.0203125
0 0.0046875 0.29375 0.0140625 0.0265625
0 0.0375 0.0453125 0.0421875 0.0171875
0 0.1296875 0.94375 0.0125 0.01875
0 0.1328125 0.9015625 0.0140625 0.028125
0 0.134375 0.840625 0.015625 0.0234375
0 0.1390625 0.803125 0.0078125 0.0203125
0 0.1421875 0.771875 0.0125 0.021875
0 0.146875 0.696875 0.0125 0.0171875
0 0.31875 0.3484375 0.0890625 0.0546875
