0 0.703125 0.290625 0.0390625 0.0171875
0 0.6375 0.2875 0.0640625 0.025
0 0.79375 0.321875 0.0484375 0.021875
0 0.7921875 0.49375 0.0328125 0.084375
0 0.8265625 0.4953125 0.0296875 0.08125
0 0.8609375 0.49375 0.0234375 0.071875
0 0.85625 0.428125 0.0625 0.0234375
0 0.8578125 0.4015625 0.05625 0.021875
0 0.8578125 0.375 0.0578125 0.021875
0 0.8609375 0.346875 0.0578125 0.0203125
0 0.8609375 0.321875 0.0578125 0.021875
0 0.8640625 0.296875 0.0609375 0.0234375
0 0.865625 0.2703125 0.059375 0.0234375
0 0.8703125 0.21875 0.05 0.021875
0 0.6421875 0.259375 0.0546875 0.025
0 0.6375 0.3125 0.053125 0.0234375
0 0.6375 0.3390625 0.053125 0.025
0 0.63125 0.3640625 0.0609375 0.025
0 0.6296875 0.390625 0.065625 0.025
0 0.63125 0.44375 0.0546875 0.0234375
0 0.6296875 0.471875 0.0609375 0.021875
0 0.6296875 0.496875 0.0515625 0.0203125
0 0.6578125 0.5265625 0.0875 0.028125
0 0.6921875 0.5015625 0.040625 0.01875
0 0.6921875 0.48125 0.0390625 0.01875
0 0.69375 0.4609375 0.040625 0.01875
0 0.69375 0.4390625 0.0390625 0.0171875
0 0.6984375 0.4171875 0.0390625 0.01875
0 0.7 0.3953125 0.0484375 0.01875
0 0.7 0.3546875 0.0421875 0.015625
0 0.7 0.3109375 0.0390625 0.01875
0 0.70625 0.2703125 0.0375 0.01875
0 0.0453125 0.8328125 0.1296875 0.0359375
0 0.096875 0.9921875 0.075 0.028125
0 0.1046875 0.9515625 0.08125 0.0296875
0 0.1046875 0.915625 0.0828125 0.025
0 0.0078125 0.9078125 0.075 0.028125
0 0.0078125 0.8734375 0.078125 0.025
0 0.10625 0.8796875 0.0828125 0.0265625
0 0.7125 0.1890625 0.0328125 0.015625
0 0.75 0.971875 0.071875 0.028125
0 0.646875 0.9765625 0.090625 0.034375
0 0.6515625 0.9390625 0.09375 0.0359375
0 0.646875 0.9015625 0.0921875 0.03125
0 0.753125 0.9375 0.0609375 0.025
0 0.7546875 0.903125 0.0828125 0.0265625
0 0.75 0.86875 0.078125 0.0296875
0 0.653125 0.8609375 0.096875 0.0359375
0 0.3046875 0.9234375 0.0875 0.034375
0 0.3046875 0.9625 0.0859375 0.03125
0 0.003125 0.9765625 0.075 0.028125
0 0.409375 0.9671875 0.084375 0.0296875
0 0.4125 0.9296875 0.0875 0.0328125
0 0.415625 0.890625 0.0953125 0.0328125
0 0.3015625 0.884375 0.0828125 0.0296875
0 0.7046875 0.228125 0.03125 0.01875
0 0.703125 0.2484375 0.0375 0.015625
0 0.7078125 0.20625 0.040625 0.0203125
0 0.6421875 0.2359375 0.05625 0.0234375
0 0.640625 0.209375 0.0578125 0.021875
0 0.6296875 0.1859375 0.053125 0.0234375
0 0.9421875 0.9796875 0.0703125 0.0296875
0 0.9453125 0.9453125 0.075 0.028125
0 0.946875 0.9109375 0.06875 0.0265625
0 0.996875 0.8734375 0.1453125 0.0328125
0 0.903125 0.94375 0.009375 0.01875
0 0.8953125 0.43125 0.0125 0.025
0 0.8703125 0.5359375 0.046875 0.0171875
0 0.9796875 0.3765625 0.009375 0.0203125
0 0.7640625 0.5015625 0.0140625 0.0265625
0 0.796875 0.253125 0.0421875 0.0171875
0 0.9015625 0.9796875 0.0125 0.021875
0 0.90625 0.9046875 0.0125 0.0171875
0 0.596875 0.8984375 0.015625 0.0234375
0 0.59375 0.9359375 0.0171875 0.0296875
