0 0.284375 0.240625 0.090625 0.1015625
0 0.1390625 0.353125 0.065625 0.06875
0 0.2078125 0.3015625 0.0859375 0.0890625
0 0.228125 0.2796875 0.0828125 0.0828125
0 0.3125 0.19375 0.0734375 0.078125
0 0.875 0.6140625 0.03125 0.0265625
0 0.8859375 0.6234375 0.0375 0.0359375
0 0.7203125 0.4609375 0.028125 0.0234375
0 0.5203125 0.596875 0.025 0.028125
0 0.5234375 0.771875 0.03125 0.03125
0 0.5359375 0.7578125 0.0203125 0.0296875
0 0.55 0.7609375 0.021875 0.025
0 0.571875 0.74375 0.0203125 0.021875
0 0.575 0.7234375 0.046875 0.05
0 0.6140625 0.840625 0.0453125 0.0484375
0 0.6046875 0.8234375 0.0359375 0.0390625
0 0.5859375 0.80625 0.0359375 0.0296875
0 0.571875 0.8484375 0.0140625 0.0296875
0 0.5828125 0.8515625 0.0140625 0.025
0 0.996875 0.7234375 0.0203125 0.0203125
0 0.5140625 0.0015625 0.075 0.0765625
0 0.8640625 0.6078125 0.0265625 0.021875
0 0.9796875 0.6328125 0.04375 0.0484375
0 0.9453125 0.6625 0.0375 0.0421875
0 0.9375 0.6796875 0.0390625 0.0375
0 0.584375 0.709375 0.0546875 0.0578125
0 0.61875 0.6921875 0.053125 0.053125
0 0.603125 0.7015625 0.0375 0.0359375
0 0.8484375 0.73125 0.0609375 0.0625
0 0.8375 0.7125 0.05625 0.05625
0 0.81875 0.6984375 0.05625 0.0546875
0 0.2046875 0.8609375 0.071875 0.0609375
0 0.19375 0.8890625 0.06875 0.0453125
0 0.76875 0.4390625 0.040625 0.040625
0 0.9328125 0.8921875 0.034375 0.034375
0 0.753125 0.45 0.028125 0.0359375
0 0.4890625 0.0046875 0.0515625 0.0546875
0 0.8875 0.03125 0.0671875 0.0671875
0 0.7984375 0.29375 0.0640625 0.0640625
0 0.6671875 0.415625 0.0640625 0.0640625
0 0.6484375 0.4375 0.053125 0.0625
0 0.5640625 0.50625 0.0734375 0.078125
0 0.6828125 0.4015625 0.05625 0.05625
0 0.88125 0.3421875 0.0515625 0.05
0 0.821875 0.3984375 0.05 0.0484375
0 0.7984375 0.428125 0.0578125 0.0609375
0 0.790625 0.53125 0.0375 0.0375
0 0.775 0.5171875 0.0375 0.034375
0 0.75625 0.496875 0.0328125 0.0390625
0 0.73125 0.4859375 0.040625 0.0375
0 0.1984375 0.9375 0.0625 0.0328125
0 0.190625 0.9578125 0.06875 0.0328125
0 0.946875 0.8828125 0.0359375 0.0375
0 0.1921875 0.9984375 0.0640625 0.0296875
0 0.1953125 0.978125 0.0625 0.0328125
0 0.434375 0.81875 0.040625 0.0484375
0 0.88125 0.284375 0.075 0.075
0 0.690625 0.38125 0.075 0.0828125
0 0.5828125 0.490625 0.0640625 0.0734375
0 0.5296875 0.5484375 0.0625 0.065625
0 0.546875 0.5265625 0.06875 0.071875
0 0.6 0.4796875 0.0625 0.06875
0 0.4078125 0.653125 0.0765625 0.084375
0 0.0109375 0.4953125 0.0828125 0.0859375
0 0.034375 0.475 0.0765625 0.078125
0 0.05625 0.4546875 0.0796875 0.0828125
0 0.08125 0.434375 0.0859375 0.08125
0 0.2921875 0.209375 0.0703125 0.0703125
0 0.3265625 0.171875 0.0625 0.065625
0 0.3484375 0.15625 0.071875 0.071875
0 0.3765625 0.140625 0.0875 0.0890625
0 0.4515625 0.0609375 0.078125 0.078125
0 0.9140625 0.0625 0.0671875 0.0671875
0 0.0046875 0.3078125 0.0796875 0.0890625
0 0.0234375 0.284375 0.0859375 0.0890625
0 0.0515625 0.2671875 0.0765625 0.084375
0 0.065625 0.2421875 0.0765625 0.0828125
0 0.0859375 0.228125 0.071875 0.0875
0 0.1046875 0.203125 0.0828125 0.1
0 0.1328125 0.1953125 0.059375 0.0671875
0 0.1546875 0.165625 0.0859375 0.090625
0 0.1953125 0.125 0.0875 0.0921875
0 0.228125 0.1 0.08125 0.078125
0 0.253125 0.0671875 0.0765625 0.08125
0 0.2796875 0.0421875 0.0859375 0.0890625
0 0.30625 0.009375 0.0859375 0.0875
0 0.2796875 0.984375 0.0796875 0.0421875
0 0.2890625 0.93125 0.096875 0.0625
0 0.3328125 0.884375 0.0859375 0.06875
0 0.3578125 0.8640625 0.084375 0.0640625
0 0.3765625 0.8421875 0.078125 0.0578125
0 0.4359375 0.7859375 0.103125 0.0640625
0 0.3984375 0.80625 0.065625 0.06875
0 0.315625 0.7375 0.084375 0.0859375
0 0.434375 0.6359375 0.0671875 0.0671875
0 0.4515625 0.6203125 0.065625 0.065625
0 0.46875 0.603125 0.0640625 0.0671875
0 0.359375 0.70625 0.078125 0.0859375
0 0.403125 0.68125 0.0578125 0.059375
0 0.0453125 0.0078125 0.0890625 0.0890625
0 0.01875 0.021875 0.0796875 0.0734375
0 0.0078125 0.0515625 0.0921875 0.0921875
0 0.6953125 0.925 0.0484375 0.0359375
0 0.696875 0.9640625 0.05 0.025
0 0.6953125 0.98125 0.0453125 0.01875
0 0.696875 0.996875 0.0453125 0.01875
0 0.690625 0.940625 0.065625 0.0328125
0 0.709375 0.9140625 0.0609375 0.046875
0 0.9265625 0.9703125 0.0421875 0.05
0 0.9015625 0.9203125 0.046875 0.0609375
0 0.9375 0.9390625 0.059375 0.071875
0 0.9984375 0.9953125 0.05 0.0578125
0 0.965625 0.934375 0.053125 0.0609375
0 0.996875 0.934375 0.071875 0.084375
0 0.725 0.9 0.0625 0.0484375
0 0.7109375 0.540625 0.1265625 0.121875
0 0.671875 0.55 0.084375 0.078125
0 0.6453125 0.5796875 0.071875 0.0703125
0 0.628125 0.596875 0.0734375 0.0671875
0 0.609375 0.6140625 0.0671875 0.06875
0 0.5890625 0.6265625 0.0609375 0.0609375
0 0.575 0.640625 0.0546875 0.059375
0 0.5609375 0.659375 0.0625 0.0546875
0 0.54375 0.675 0.059375 0.05625
0 0.5203125 0.6921875 0.059375 0.053125
0 0.5015625 0.7171875 0.0703125 0.0703125
0 0.484375 0.7390625 0.0671875 0.0671875
0 0.3171875 0.9015625 0.065625 0.0421875
0 0.8078125 0.9671875 0.0328125 0.059375
0 0.828125 0.984375 0.0265625 0.0625
0 0.890625 0.95 0.0515625 0.071875
0 0.9 0.3328125 0.05 0.04375
0 0.8140625 0.4171875 0.0640625 0.0609375
0 0.675 0.8640625 0.0453125 0.0515625
0 0.6609375 0.875 0.0375 0.0484375
0 0.653125 0.8921875 0.0359375 0.04375
0 0.6390625 0.9046875 0.0328125 0.0453125
0 0.6296875 0.9171875 0.0234375 0.040625
0 0.6140625 0.9265625 0.01875 0.0421875
0 0.5984375 0.925 0.015625 0.0421875
0 0.5796875 0.921875 0.0234375 0.05
0 0.5578125 0.91875 0.021875 0.053125
0 0.534375 0.921875 0.025 0.0609375
