0 0.9453125 0.184375 0.0828125 0.0875
0 0.875 0.059375 0.05 0.0515625
0 0.8359375 0.103125 0.0515625 0.0453125
0 0.8078125 0.171875 0.103125 0.096875
0 0.7875 0.19375 0.1015625 0.096875
0 0.7703125 0.2171875 0.1109375 0.109375
0 0.7390625 0.23125 0.0890625 0.09375
0 0.721875 0.25625 0.0953125 0.0984375
0 0.6796875 0.3015625 0.1203125 0.1234375
0 0.625 0.328125 0.078125 0.075
0 0.5984375 0.4421875 0.0921875 0.0875
0 0.634375 0.4703125 0.1046875 0.103125
0 0.7046875 0.515625 0.1171875 0.125
0 0.7375 0.5375 0.1265625 0.13125
0 0.7640625 0.5703125 0.128125 0.1296875
0 0.78125 0.609375 0.103125 0.103125
0 0.7921875 0.6375 0.0796875 0.078125
0 0.8203125 0.6421875 0.109375 0.1171875
0 0.9140625 0.7625 0.10625 0.0984375
0 0.9421875 0.7875 0.1078125 0.090625
0 0.9171875 0.165625 0.0953125 0.1015625
0 0.6671875 0.49375 0.10625 0.1078125
0 0.86875 0.709375 0.0953125 0.0953125
0 0.91875 0.103125 0.0625 0.0703125
0 0.15625 0.96875 0.078125 0.078125
0 0.1765625 0.9875 0.0765625 0.078125
0 0.1234375 0.95 0.10625 0.1046875
0 0.1015625 0.9125 0.0859375 0.078125
0 0.003125 0.8109375 0.0921875 0.0859375
0 0.0296875 0.846875 0.10625 0.1
0 0.0453125 0.8875 0.125 0.115625
0 0.0859375 0.890625 0.0765625 0.0734375
0 0.0265625 0.3875 0.0796875 0.0765625
0 0.0140625 0.4125 0.096875 0.090625
0 0.0078125 0.6234375 0.096875 0.1
0 0.0375 0.6625 0.0859375 0.0875
0 0.1515625 0.7703125 0.078125 0.084375
0 0.1671875 0.7921875 0.0703125 0.0734375
0 0.1953125 0.8 0.0953125 0.1046875
0 0.225 0.85625 0.0828125 0.0828125
0 0.271875 0.8875 0.0953125 0.09375
0 0.353125 0.98125 0.0765625 0.0890625
0 0.375 0.9984375 0.084375 0.090625
0 0.33125 0.9703125 0.0625 0.0609375
0 0.05625 0.375 0.090625 0.0890625
0 0.0703125 0.3515625 0.0796875 0.0796875
0 0.0921875 0.334375 0.08125 0.0859375
0 0.1265625 0.7546875 0.0734375 0.075
0 0.0671875 0.68125 0.0890625 0.096875
0 0.090625 0.7015625 0.0953125 0.1
0 0.1171875 0.721875 0.0984375 0.109375
0 0.1984375 0.8328125 0.0703125 0.071875
0 0.29375 0.928125 0.0875 0.09375
0 0.31875 0.95 0.078125 0.071875
0 0.3234375 0.3515625 0.0921875 0.0921875
0 0.284375 0.3 0.09375 0.0828125
0 0.2359375 0.265625 0.1015625 0.1015625
0 0.2265625 0.2375 0.0765625 0.0796875
0 0.34375 0.3734375 0.09375 0.1015625
0 0.48125 0.5140625 0.0875 0.1046875
0 0.55625 0.5953125 0.096875 0.0984375
0 0.534375 0.5625 0.0921875 0.1015625
0 0.8140625 0.1421875 0.0609375 0.075
0 0.30625 0.3265625 0.0921875 0.084375
0 0.3671875 0.3890625 0.0859375 0.0859375
0 0.3828125 0.41875 0.1015625 0.103125
0 0.05 0.94375 0.0859375 0.0859375
0 0.8171875 0.90625 0.1234375 0.1484375
0 0.7890625 0.865625 0.1234375 0.134375
0 0.7453125 0.8453125 0.153125 0.14375
0 0.7296875 0.803125 0.125 0.121875
0 0.7046875 0.7671875 0.1171875 0.115625
0 0.690625 0.734375 0.090625 0.096875
0 0.6671875 0.709375 0.0890625 0.0921875
0 0.6421875 0.6921875 0.1046875 0.103125
0 0.628125 0.665625 0.0859375 0.0828125
0 0.6109375 0.6375 0.0875 0.0875
0 0.5734375 0.6234375 0.109375 0.10625
0 0.4984375 0.5421875 0.0921875 0.1140625
0 0.44375 0.509375 0.1109375 0.1234375
0 0.421875 0.4796875 0.1140625 0.1296875
0 0.4046875 0.4484375 0.1046875 0.115625
0 0.3484375 0.175 0.084375 0.08125
