0 0.8359375 0.053125 0.0921875 0.0875
0 0.871875 0.08125 0.1046875 0.103125
0 0.9421875 0.1265625 0.1171875 0.125
0 0.975 0.1484375 0.1265625 0.13125
0 0.0 0.9765625 0.078125 0.0796875
0 0.9046875 0.1046875 0.10625 0.1078125
0 0.39375 0.5796875 0.078125 0.078125
0 0.425 0.625 0.0890625 0.09375
0 0.45625 0.6453125 0.0953125 0.0953125
0 0.5 0.70625 0.0953125 0.0984375
0 0.5328125 0.7171875 0.06875 0.0734375
0 0.540625 0.7546875 0.1078125 0.109375
0 0.571875 0.775 0.0859375 0.0875
0 0.6046875 0.7984375 0.0953125 0.090625
0 0.634375 0.8390625 0.103125 0.0984375
0 0.659375 0.871875 0.0953125 0.096875
0 0.6828125 0.8859375 0.0796875 0.0796875
0 0.6375 0.9484375 0.075 0.0703125
0 0.6515625 0.978125 0.09375 0.1
0 0.690625 0.9984375 0.084375 0.06875
0 0.4140625 0.5984375 0.0765625 0.078125
0 0.3609375 0.5609375 0.10625 0.1046875
0 0.3390625 0.5234375 0.0859375 0.078125
0 0.7640625 0.9109375 0.0796875 0.0890625
0 0.775 0.934375 0.0671875 0.075
0 0.7953125 0.9453125 0.078125 0.0953125
0 0.825 0.953125 0.103125 0.115625
0 0.8390625 0.76875 0.078125 0.0765625
0 0.01875 0.196875 0.090625 0.0875
0 0.0484375 0.2125 0.078125 0.0734375
0 0.0671875 0.2328125 0.075 0.0703125
0 0.0890625 0.2640625 0.0984375 0.0984375
0 0.11875 0.284375 0.06875 0.06875
0 0.1515625 0.3453125 0.115625 0.1234375
0 0.1921875 0.36875 0.0875 0.090625
0 0.2140625 0.3984375 0.0890625 0.0875
0 0.240625 0.421875 0.0921875 0.0859375
0 0.2671875 0.4578125 0.10625 0.1
0 0.2828125 0.4984375 0.125 0.115625
0 0.3234375 0.5015625 0.0765625 0.0734375
0 0.0125 0.778125 0.090625 0.09375
0 0.028125 0.8078125 0.0796875 0.0859375
0 0.0421875 0.8328125 0.065625 0.071875
0 0.065625 0.846875 0.071875 0.075
0 0.0828125 0.86875 0.0703125 0.0796875
0 0.10625 0.8796875 0.0875 0.096875
0 0.121875 0.9125 0.0703125 0.075
0 0.00625 0.6953125 0.071875 0.06875
0 0.078125 0.8109375 0.05625 0.065625
0 0.1609375 0.8875 0.0625 0.0703125
0 0.8171875 0.825 0.0953125 0.0890625
0 0.775 0.778125 0.0984375 0.0890625
0 0.753125 0.7453125 0.1078125 0.10625
0 0.15625 0.940625 0.10625 0.10625
0 0.1765625 0.975 0.075 0.0703125
0 0.7015625 0.6875 0.1015625 0.1078125
0 0.2515625 0.0234375 0.096875 0.090625
0 0.2359375 0.046875 0.0953125 0.1
0 0.2078125 0.059375 0.078125 0.0828125
0 0.159375 0.059375 0.0703125 0.0765625
0 0.10625 0.1078125 0.0703125 0.0671875
0 0.1265625 0.125 0.0640625 0.0640625
0 0.2453125 0.234375 0.096875 0.1
0 0.275 0.2734375 0.0859375 0.0875
0 0.3890625 0.38125 0.078125 0.084375
0 0.4046875 0.403125 0.0703125 0.0734375
0 0.4328125 0.4109375 0.0953125 0.1046875
0 0.4625 0.4671875 0.0828125 0.0828125
0 0.509375 0.4984375 0.0953125 0.09375
0 0.590625 0.5921875 0.0765625 0.0890625
0 0.6125 0.609375 0.084375 0.090625
0 0.56875 0.58125 0.0625 0.0609375
0 0.6546875 0.6484375 0.0875 0.0953125
0 0.6734375 0.6703125 0.0890625 0.0984375
0 0.3640625 0.365625 0.0734375 0.075
0 0.1515625 0.1453125 0.0796875 0.0765625
0 0.1796875 0.175 0.0734375 0.0796875
0 0.2109375 0.2015625 0.0859375 0.0890625
0 0.3046875 0.2921875 0.0890625 0.096875
0 0.328125 0.3125 0.0953125 0.1
0 0.3546875 0.3328125 0.0984375 0.109375
0 0.4359375 0.44375 0.0703125 0.071875
0 0.53125 0.5390625 0.0875 0.09375
0 0.55625 0.5609375 0.078125 0.071875
0 0.6296875 0.6328125 0.0828125 0.084375
0 0.721875 0.7234375 0.0875 0.090625
0 0.471875 0.6828125 0.1 0.096875
0 0.74375 0.884375 0.0875 0.0984375
0 0.828125 0.990625 0.0703125 0.078125
0 0.71875 0.125 0.0875 0.1046875
0 0.79375 0.20625 0.096875 0.0984375
0 0.771875 0.1734375 0.0921875 0.1015625
0 0.6046875 0.0 0.0859375 0.0859375
0 0.6203125 0.0296875 0.1015625 0.103125
0 0.2875 0.5546875 0.0859375 0.0859375
0 0.009375 0.7265625 0.0734375 0.0671875
0 0.165625 0.45 0.1078125 0.0859375
0 0.9828125 0.45625 0.153125 0.14375
0 0.9671875 0.4140625 0.125 0.121875
0 0.9421875 0.378125 0.1171875 0.115625
0 0.928125 0.3453125 0.090625 0.096875
0 0.9046875 0.3203125 0.0890625 0.0921875
0 0.8796875 0.303125 0.1046875 0.103125
0 0.865625 0.2765625 0.0859375 0.0828125
0 0.8484375 0.2484375 0.0875 0.0875
0 0.8109375 0.234375 0.109375 0.10625
0 0.7359375 0.153125 0.0921875 0.1140625
0 0.68125 0.1203125 0.1109375 0.1234375
0 0.659375 0.090625 0.1140625 0.1296875
0 0.6421875 0.059375 0.1046875 0.115625
