0 0.2734375 0.9546875 0.1078125 0.090625
0 0.5984375 0.88125 0.0953125 0.096875
0 0.68125 0.9546875 0.0453125 0.1125
0 0.5140625 0.6296875 0.1109375 0.121875
0 0.5625 0.5265625 0.1171875 0.10625
0 0.6546875 0.2890625 0.0875 0.096875
0 0.6578125 0.24375 0.0828125 0.1
0 0.740625 0.4390625 0.0796875 0.1015625
0 0.709375 0.478125 0.1 0.1046875
0 0.796875 0.3796875 0.0921875 0.096875
0 0.8296875 0.3296875 0.0890625 0.096875
0 0.971875 0.1203125 0.1078125 0.09375
0 0.8234375 0.9171875 0.10625 0.109375
0 0.9046875 0.8625 0.0703125 0.075
0 0.978125 0.7609375 0.103125 0.1
0 0.9984375 0.4203125 0.08125 0.0765625
0 0.7515625 0.9703125 0.10625 0.121875
0 0.6765625 0.7578125 0.1140625 0.125
0 0.440625 0.7140625 0.115625 0.1171875
0 0.940625 0.83125 0.0640625 0.0671875
0 0.86875 0.596875 0.0765625 0.084375
0 0.91875 0.534375 0.0828125 0.084375
0 0.934375 0.5203125 0.084375 0.075
0 0.95 0.49375 0.0859375 0.078125
0 0.9625 0.4671875 0.08125 0.078125
0 0.9796875 0.44375 0.0828125 0.0796875
0 0.9484375 0.978125 0.0765625 0.0703125
0 0.9578125 0.7890625 0.0859375 0.0828125
0 0.8515625 0.9 0.084375 0.0921875
0 0.8765625 0.8859375 0.06875 0.075
0 0.9234375 0.846875 0.0671875 0.0671875
0 0.8203125 0.171875 0.0828125 0.0671875
0 0.6 0.45625 0.1015625 0.090625
0 0.975 0.959375 0.090625 0.0859375
0 0.5 0.8734375 0.0828125 0.084375
0 0.4578125 0.925 0.084375 0.08125
0 0.840625 0.8265625 0.0796875 0.078125
0 0.8796875 0.7828125 0.0859375 0.0859375
0 0.871875 0.5125 0.0859375 0.0796875
0 0.96875 0.053125 0.1390625 0.1453125
0 0.9125 0.45 0.0828125 0.06875
0 0.95625 0.690625 0.0734375 0.08125
0 0.8203125 0.565625 0.0796875 0.084375
0 0.7796875 0.6125 0.09375 0.1046875
0 0.7546875 0.628125 0.0765625 0.08125
0 0.728125 0.659375 0.0859375 0.0890625
0 0.9796875 0.653125 0.0765625 0.075
0 0.9671875 0.0140625 0.0578125 0.0609375
0 0.915625 0.3296875 0.053125 0.0703125
0 0.809375 0.8375 0.0546875 0.0515625
0 0.8515625 0.61875 0.0734375 0.08125
0 0.83125 0.64375 0.0765625 0.0859375
0 0.809375 0.665625 0.08125 0.0828125
0 0.784375 0.6875 0.084375 0.0875
0 0.553125 0.6234375 0.09375 0.1
0 0.6109375 0.421875 0.078125 0.0703125
0 0.496875 0.978125 0.0796875 0.078125
0 0.7484375 0.70625 0.0953125 0.0984375
0 0.559375 0.9265625 0.06875 0.075
0 0.575 0.896875 0.084375 0.096875
0 0.478125 0.8984375 0.0875 0.0875
0 0.625 0.86875 0.0796875 0.078125
0 0.9546875 0.1484375 0.0890625 0.0765625
0 0.9296875 0.225 0.090625 0.0734375
0 0.8671875 0.2828125 0.0875 0.0890625
0 0.853125 0.3125 0.0796875 0.08125
0 0.6921875 0.509375 0.0734375 0.084375
