0 0.259375 0.540625 0.0859375 0.08125
0 0.0453125 0.34375 0.09375 0.09375
0 0.359375 0.4875 0.0875 0.0890625
0 0.378125 0.51875 0.0625 0.0671875
0 0.4015625 0.528125 0.078125 0.09375
0 0.421875 0.546875 0.0796875 0.090625
0 0.4359375 0.571875 0.06875 0.078125
0 0.465625 0.5859375 0.09375 0.09375
0 0.4796875 0.615625 0.0828125 0.0828125
0 0.0703125 0.36875 0.0875 0.0859375
0 0.1171875 0.9875 0.140625 0.14375
0 0.090625 0.390625 0.0921875 0.0859375
0 0.11875 0.4265625 0.0984375 0.0953125
0 0.1421875 0.4515625 0.0984375 0.0984375
0 0.1625 0.4796875 0.1 0.1015625
0 0.190625 0.49375 0.0796875 0.090625
0 0.2109375 0.5171875 0.08125 0.0921875
0 0.2765625 0.5671875 0.090625 0.0859375
0 0.3234375 0.6109375 0.0828125 0.09375
0 0.3578125 0.6390625 0.0890625 0.0859375
0 0.3796875 0.6703125 0.078125 0.078125
0 0.4 0.7078125 0.0765625 0.1171875
0 0.3359375 0.465625 0.0765625 0.0734375
0 0.3265625 0.434375 0.096875 0.1015625
0 0.3 0.41875 0.0859375 0.0921875
0 0.4078125 0.0109375 0.0921875 0.10625
0 0.4375 0.021875 0.0734375 0.0828125
0 0.4625 0.0265625 0.065625 0.0671875
0 0.471875 0.0515625 0.0890625 0.0890625
0 0.49375 0.06875 0.084375 0.0828125
0 0.51875 0.0796875 0.0578125 0.059375
0 0.5234375 0.1046875 0.0859375 0.084375
0 0.5453125 0.125 0.078125 0.0859375
0 0.2734375 0.4078125 0.071875 0.0734375
0 0.7875 0.2109375 0.0828125 0.084375
0 0.5703125 0.1375 0.0609375 0.071875
0 0.603125 0.190625 0.0921875 0.0953125
0 0.628125 0.2078125 0.08125 0.0859375
0 0.6515625 0.2171875 0.0640625 0.0625
0 0.0171875 0.1 0.10625 0.10625
0 0.0625 0.14375 0.109375 0.1140625
0 0.0984375 0.184375 0.125 0.1296875
0 0.1078125 0.228125 0.075 0.0625
0 0.1234375 0.24375 0.075 0.071875
0 0.15 0.2546875 0.09375 0.096875
0 0.1609375 0.2828125 0.078125 0.0734375
0 0.2 0.315625 0.0796875 0.0984375
0 0.228125 0.328125 0.0953125 0.1140625
0 0.240625 0.3609375 0.078125 0.0890625
0 0.2609375 0.3796875 0.0828125 0.0890625
0 0.665625 0.2375 0.0765625 0.065625
0 0.678125 0.2625 0.0875 0.078125
0 0.7015625 0.2734375 0.075 0.06875
0 0.715625 0.2953125 0.08125 0.06875
0 0.7140625 0.1109375 0.0953125 0.115625
0 0.7265625 0.1421875 0.0765625 0.090625
0 0.621875 0.034375 0.075 0.0796875
0 0.1765625 0.3 0.0609375 0.0625
0 0.4890625 0.7 0.0953125 0.0859375
0 0.0390625 0.928125 0.1203125 0.134375
0 0.6046875 0.0171875 0.0765625 0.08125
0 0.6421875 0.053125 0.0828125 0.096875
0 0.671875 0.0703125 0.0875 0.103125
0 0.68125 0.10625 0.078125 0.0859375
0 0.7390625 0.1671875 0.0546875 0.0671875
0 0.75625 0.1875 0.0796875 0.084375
