0 0.70625 0.0171875 0.221875 0.2171875
0 0.5796875 0.3765625 0.196875 0.1953125
0 0.6875 0.221875 0.121875 0.115625
0 0.778125 0.0125 0.128125 0.128125
0 0.1 0.4296875 0.0828125 0.084375
0 0.0140625 0.4921875 0.075 0.06875
0 0.028125 0.5140625 0.08125 0.06875
0 0.0265625 0.3296875 0.0953125 0.115625
0 0.64375 0.8203125 0.0703125 0.065625
0 0.6703125 0.8078125 0.0796875 0.0765625
0 0.725 0.75 0.075 0.075
0 0.7515625 0.7390625 0.0828125 0.090625
0 0.834375 0.675 0.109375 0.096875
0 0.8578125 0.6515625 0.1078125 0.0984375
0 0.825 0.9734375 0.0984375 0.1015625
0 0.85 0.9390625 0.0953125 0.0984375
0 0.9375 0.8828125 0.0640625 0.0703125
0 0.971875 0.8359375 0.0859375 0.0859375
0 0.990625 0.8078125 0.0921875 0.1015625
0 0.7234375 0.33125 0.0890625 0.0921875
0 0.7484375 0.30625 0.0734375 0.0796875
0 0.775 0.2921875 0.0875 0.09375
0 0.7984375 0.2703125 0.0890625 0.0953125
0 0.821875 0.246875 0.090625 0.0953125
0 0.84375 0.2265625 0.084375 0.0890625
0 0.8546875 0.1984375 0.0703125 0.0796875
0 0.8765625 0.1796875 0.071875 0.0734375
0 0.928125 0.1484375 0.090625 0.096875
0 0.94375 0.1203125 0.0828125 0.084375
0 0.96875 0.10625 0.0921875 0.1
0 0.9859375 0.084375 0.0890625 0.096875
0 0.975 0.346875 0.09375 0.1
0 0.546875 0.7703125 0.078125 0.0796875
0 0.5609375 0.7390625 0.0921875 0.103125
0 0.5890625 0.7296875 0.0734375 0.078125
0 0.6046875 0.703125 0.0859375 0.09375
0 0.6234375 0.6828125 0.0875 0.0890625
0 0.6515625 0.6765625 0.06875 0.0671875
0 0.6640625 0.6484375 0.0859375 0.0859375
0 0.6796875 0.6234375 0.0953125 0.103125
0 0.7125 0.61875 0.0671875 0.075
0 0.721875 0.5859375 0.1015625 0.103125
0 0.784375 0.5359375 0.0953125 0.096875
0 0.8203125 0.51875 0.096875 0.0984375
0 0.840625 0.478125 0.0890625 0.103125
0 0.8640625 0.4609375 0.0671875 0.0734375
0 0.8796875 0.4359375 0.08125 0.0953125
0 0.903125 0.421875 0.0734375 0.075
0 0.9171875 0.4046875 0.071875 0.0734375
0 0.934375 0.3890625 0.071875 0.075
0 0.9578125 0.375 0.0796875 0.0890625
0 0.515625 0.7828125 0.0953125 0.1
0 0.4984375 0.8140625 0.090625 0.0875
0 0.0390625 0.3609375 0.0765625 0.090625
0 0.9 0.1625 0.06875 0.075
0 0.765625 0.575 0.0890625 0.084375
0 0.7921875 0.6921875 0.0921875 0.0828125
0 0.7078125 0.7765625 0.0703125 0.075
0 0.6890625 0.7890625 0.0765625 0.0765625
0 0.634375 0.853125 0.1046875 0.1
0 0.5765625 0.8984375 0.0828125 0.0796875
0 0.8765625 0.625 0.09375 0.0875
0 0.9296875 0.58125 0.0921875 0.1
0 0.9765625 0.534375 0.0734375 0.078125
0 0.8046875 0.040625 0.1265625 0.125
0 0.89375 0.8984375 0.096875 0.11875
0 0.9546875 0.8578125 0.0765625 0.0890625
0 0.4796875 0.9171875 0.1265625 0.128125
0 0.0515625 0.3859375 0.0546875 0.0671875
0 0.06875 0.40625 0.0796875 0.084375
0 0.884375 0.0484375 0.0296875 0.028125
0 0.846875 0.08125 0.034375 0.0375
0 0.7796875 0.146875 0.021875 0.028125
