0 0.3109375 0.115625 0.0703125 0.065625
0 0.3375 0.103125 0.0796875 0.0765625
0 0.3921875 0.0453125 0.075 0.075
0 0.41875 0.034375 0.0828125 0.090625
0 0.3828125 0.3671875 0.0890625 0.0984375
0 0.43125 0.3375 0.0703125 0.0734375
0 0.4515625 0.3234375 0.065625 0.065625
0 0.4625 0.2984375 0.0796875 0.078125
0 0.4921875 0.26875 0.0984375 0.1015625
0 0.5171875 0.234375 0.0953125 0.0984375
0 0.6046875 0.178125 0.0640625 0.0703125
0 0.6390625 0.13125 0.0859375 0.0859375
0 0.6578125 0.103125 0.0921875 0.1015625
0 0.40625 0.3515625 0.0875 0.090625
0 0.2140625 0.065625 0.078125 0.0796875
0 0.228125 0.034375 0.0921875 0.103125
0 0.25625 0.025 0.0734375 0.078125
0 0.1828125 0.078125 0.0953125 0.1
0 0.165625 0.109375 0.090625 0.0875
0 0.375 0.071875 0.0703125 0.075
0 0.35625 0.084375 0.0765625 0.0765625
0 0.3015625 0.1484375 0.1046875 0.1
0 0.24375 0.19375 0.0828125 0.0796875
0 0.3453125 0.3765625 0.1328125 0.140625
0 0.5609375 0.19375 0.096875 0.11875
0 0.34375 0.5078125 0.1046875 0.128125
0 0.425 0.490625 0.0875 0.0953125
0 0.7078125 0.228125 0.121875 0.1171875
0 0.8109375 0.13125 0.0921875 0.103125
0 0.678125 0.253125 0.103125 0.103125
0 0.628125 0.296875 0.1046875 0.1
0 0.603125 0.3234375 0.1140625 0.1109375
0 0.559375 0.365625 0.0984375 0.103125
0 0.73125 0.05625 0.0921875 0.09375
0 0.684375 0.0828125 0.0953125 0.109375
0 0.621875 0.153125 0.0765625 0.0890625
0 0.146875 0.2125 0.1265625 0.128125
0 0.76875 0.003125 0.10625 0.1125
0 0.51875 0.396875 0.09375 0.09375
0 0.4953125 0.4171875 0.0921875 0.0921875
0 0.4859375 0.4484375 0.115625 0.1109375
0 0.4609375 0.4671875 0.1140625 0.1125
0 0.76875 0.159375 0.0890625 0.09375
0 0.8609375 0.1 0.1109375 0.121875
0 0.8875 0.0765625 0.1140625 0.121875
0 0.909375 0.0578125 0.10625 0.1125
0 0.946875 0.28125 0.0875 0.0921875
0 0.725 0.6734375 0.09375 0.0890625
0 0.759375 0.6203125 0.075 0.06875
0 0.7921875 0.596875 0.090625 0.1
0 0.85625 0.5546875 0.0984375 0.09375
0 0.8984375 0.5125 0.0890625 0.084375
0 0.9328125 0.4671875 0.0796875 0.0765625
0 0.953125 0.4484375 0.08125 0.0796875
0 0.9984375 0.4171875 0.0875 0.090625
0 0.640625 0.5734375 0.1015625 0.10625
0 0.7765625 0.4609375 0.0734375 0.0796875
0 0.81875 0.41875 0.0703125 0.0765625
0 0.871875 0.3671875 0.0703125 0.0765625
0 0.89375 0.353125 0.06875 0.071875
0 0.903125 0.3234375 0.0984375 0.0875
0 0.6828125 0.5578125 0.0859375 0.096875
0 0.7421875 0.490625 0.0890625 0.0921875
0 0.8 0.4359375 0.06875 0.075
0 0.8390625 0.4 0.0765625 0.0765625
0 0.9234375 0.303125 0.0859375 0.0875
0 0.9734375 0.265625 0.08125 0.09375
0 0.990625 0.2375 0.08125 0.0859375
0 0.746875 0.1875 0.08125 0.084375
0 0.9375 0.0109375 0.0796875 0.0765625
0 0.921875 0.0328125 0.078125 0.0796875
0 0.74375 0.64375 0.065625 0.071875
0 0.8265625 0.5765625 0.0890625 0.1046875
0 0.8703125 0.525 0.0796875 0.0796875
0 0.9125 0.4859375 0.084375 0.08125
0 0.965625 0.428125 0.06875 0.0765625
