0 0.79375 0.2875 0.0671875 0.0546875
0 0.8765625 0.9828125 0.078125 0.0875
0 0.1640625 0.115625 0.1078125 0.1140625
0 0.065625 0.2203125 0.103125 0.1046875
0 0.8171875 0.1 0.096875 0.103125
0 0.7421875 0.1640625 0.1015625 0.1078125
0 0.8921875 0.3921875 0.1296875 0.109375
0 0.953125 0.1296875 0.1296875 0.0421875
0 0.525 0.5921875 0.1140625 0.1234375
0 0.6109375 0.509375 0.109375 0.1015625
0 0.728125 0.3875 0.1390625 0.1078125
0 0.709375 0.64375 0.109375 0.0796875
0 0.8109375 0.5078125 0.11875 0.0546875
0 0.4953125 0.0546875 0.065625 0.096875
0 0.3046875 0.259375 0.1 0.11875
0 0.3375 0.2046875 0.103125 0.0453125
0 0.3703125 0.1703125 0.11875 0.046875
0 0.840625 0.9578125 0.121875 0.125
0 0.446875 0.3859375 0.1078125 0.06875
0 0.534375 0.378125 0.0609375 0.06875
0 0.834375 0.0328125 0.0875 0.0859375
0 0.95 0.903125 0.1296875 0.121875
0 0.36875 0.5078125 0.1171875 0.1296875
0 0.4765625 0.6796875 0.1078125 0.115625
0 0.6734375 0.5171875 0.0453125 0.096875
0 0.7421875 0.5875 0.1109375 0.03125
0 0.8265625 0.4734375 0.1125 0.053125
0 0.6171875 0.475 0.0921875 0.0796875
0 0.6234375 0.44375 0.06875 0.0625
0 0.45625 0.425 0.0796875 0.0734375
0 0.4171875 0.4234375 0.09375 0.0921875
0 0.5015625 0.309375 0.0765625 0.08125
0 0.196875 0.0765625 0.109375 0.1109375
0 0.203125 0.0375 0.075 0.0703125
0 0.315625 0.0296875 0.0734375 0.078125
0 0.346875 0.1421875 0.078125 0.05
0 0.55625 0.0078125 0.084375 0.090625
0 0.7203125 0.1140625 0.08125 0.084375
0 0.5703125 0.240625 0.06875 0.0765625
0 0.6578125 0.2578125 0.0828125 0.0890625
0 0.6015625 0.2921875 0.0765625 0.078125
0 0.55625 0.3609375 0.06875 0.075
0 0.8546875 0.00625 0.1046875 0.0859375
0 0.6609375 0.703125 0.128125 0.084375
0 0.678125 0.675 0.1328125 0.078125
0 0.6421875 0.7390625 0.1296875 0.0984375
0 0.9109375 0.33125 0.0375 0.0484375
0 0.521875 0.2796875 0.078125 0.0765625
0 0.553125 0.56875 0.1125 0.1109375
0 0.625 0.55 0.0625 0.071875
0 0.671875 0.44375 0.0765625 0.071875
0 0.7046875 0.428125 0.0796875 0.071875
0 0.5875 0.559375 0.1046875 0.084375
0 0.275 0.45 0.0609375 0.0796875
0 0.765625 0.5515625 0.0828125 0.053125
0 0.8578125 0.28125 0.0578125 0.06875
0 0.9078125 0.20625 0.0703125 0.0640625
0 0.875 0.2375 0.13125 0.096875
0 0.628125 0.0328125 0.0734375 0.0796875
0 0.803125 0.3234375 0.09375 0.084375
0 0.534375 0.03125 0.0796875 0.0953125
0 0.9859375 0.0625 0.0828125 0.1234375
0 0.61875 0.196875 0.078125 0.084375
0 0.4515625 0.353125 0.09375 0.0609375
0 0.4390625 0.2140625 0.04375 0.0796875
0 0.2609375 0.0640625 0.065625 0.103125
0 0.39375 0.2515625 0.046875 0.071875
0 0.4796875 0.1796875 0.0546875 0.0953125
