0 0.03125 0.8703125 0.1125 0.121875
0 0.01875 0.834375 0.0921875 0.0984375
0 0.05625 0.8953125 0.1109375 0.11875
0 0.1046875 0.9390625 0.1046875 0.1046875
0 0.0890625 0.9078125 0.09375 0.1
0 0.4578125 0.5546875 0.0859375 0.0859375
0 0.4953125 0.5984375 0.090625 0.09375
0 0.5171875 0.615625 0.0828125 0.0859375
0 0.534375 0.640625 0.09375 0.09375
0 0.5546875 0.6578125 0.078125 0.08125
0 0.584375 0.684375 0.0875 0.090625
0 0.6015625 0.71875 0.0890625 0.084375
0 0.6171875 0.75 0.1 0.103125
0 0.6390625 0.7734375 0.1046875 0.103125
0 0.659375 0.796875 0.1015625 0.090625
0 0.703125 0.83125 0.1015625 0.1046875
0 0.7265625 0.85625 0.09375 0.0953125
0 0.7453125 0.88125 0.0921875 0.10625
0 0.775 0.8921875 0.0734375 0.0828125
0 0.8 0.896875 0.065625 0.0671875
0 0.809375 0.921875 0.0890625 0.0890625
0 0.83125 0.9390625 0.084375 0.0828125
0 0.85625 0.95 0.0578125 0.059375
0 0.8609375 0.975 0.0859375 0.084375
0 0.8828125 0.9953125 0.078125 0.0859375
0 0.4765625 0.578125 0.0890625 0.0921875
0 0.4390625 0.53125 0.0875 0.0859375
0 0.4203125 0.509375 0.0828125 0.08125
0 0.8703125 0.7 0.071875 0.078125
0 0.1625 0.246875 0.08125 0.090625
0 0.228125 0.3078125 0.078125 0.0796875
0 0.2828125 0.3625 0.0859375 0.0796875
0 0.3078125 0.39375 0.084375 0.090625
0 0.3609375 0.45 0.08125 0.0875
0 0.38125 0.4703125 0.0765625 0.084375
0 0.4015625 0.4890625 0.0765625 0.0828125
0 0.1875 0.8125 0.0921875 0.1
0 0.21875 0.8484375 0.090625 0.090625
0 0.2578125 0.878125 0.1078125 0.109375
0 0.2765625 0.9140625 0.075 0.075
0 0.3265625 0.9453125 0.1046875 0.1046875
0 0.3546875 0.9703125 0.10625 0.10625
0 0.0765625 0.246875 0.075 0.0875
0 0.1515625 0.1703125 0.075 0.08125
0 0.1328125 0.1890625 0.075 0.0765625
0 0.115625 0.20625 0.0734375 0.08125
0 0.096875 0.225 0.0765625 0.0859375
0 0.05625 0.2640625 0.06875 0.084375
0 0.034375 0.2765625 0.0671875 0.0703125
0 0.0234375 0.30625 0.0890625 0.090625
0 0.00625 0.328125 0.0984375 0.1015625
0 0.959375 0.9046875 0.075 0.0796875
0 0.140625 0.953125 0.084375 0.0875
0 0.296875 0.928125 0.084375 0.08125
0 0.15625 0.771875 0.10625 0.103125
0 0.0125 0.6203125 0.08125 0.0796875
0 0.034375 0.6421875 0.084375 0.0921875
0 0.0578125 0.665625 0.078125 0.09375
0 0.1 0.6765625 0.15625 0.1671875
0 0.125 0.7140625 0.1375 0.1421875
0 0.9421875 0.8875 0.0765625 0.08125
0 0.728125 0.0375 0.0953125 0.0984375
0 0.7609375 0.0484375 0.06875 0.0734375
0 0.76875 0.0859375 0.1078125 0.109375
0 0.8 0.10625 0.0859375 0.0875
0 0.8328125 0.1296875 0.0953125 0.090625
0 0.8625 0.1703125 0.103125 0.0984375
0 0.8875 0.203125 0.0953125 0.096875
0 0.9109375 0.2171875 0.0796875 0.0796875
0 0.865625 0.2796875 0.075 0.0703125
0 0.8796875 0.309375 0.09375 0.1
0 0.91875 0.3296875 0.084375 0.06875
0 0.9328125 0.35625 0.090625 0.078125
0 0.953125 0.375 0.084375 0.0734375
0 0.9640625 0.4046875 0.1109375 0.0890625
0 0.9921875 0.2421875 0.0796875 0.0890625
0 0.503125 0.4 0.0953125 0.1015625
0 0.553125 0.4390625 0.0875 0.1015625
0 0.5578125 0.471875 0.06875 0.0703125
0 0.578125 0.4859375 0.0734375 0.0734375
0 0.590625 0.509375 0.0609375 0.065625
0 0.6078125 0.5265625 0.0625 0.0671875
0 0.6375 0.5390625 0.0828125 0.090625
0 0.6578125 0.559375 0.08125 0.0828125
0 0.6828125 0.6109375 0.0671875 0.0703125
0 0.71875 0.603125 0.1 0.1140625
0 0.7328125 0.66875 0.0671875 0.0671875
0 0.7625 0.6765625 0.0859375 0.0921875
0 0.784375 0.696875 0.0875 0.0921875
0 0.8 0.7234375 0.078125 0.0796875
0 0.81875 0.7453125 0.0765625 0.0796875
0 0.8421875 0.75625 0.0828125 0.0890625
0 0.853125 0.784375 0.0625 0.0734375
0 0.865625 0.8140625 0.0921875 0.09375
0 0.8921875 0.85 0.0828125 0.0875
0 0.928125 0.8609375 0.090625 0.096875
0 0.525 0.4265625 0.0734375 0.078125
0 0.484375 0.3609375 0.10625 0.1
0 0.459375 0.34375 0.09375 0.0890625
0 0.1625 0.0296875 0.0953125 0.09375
0 0.1828125 0.0546875 0.0875 0.0875
0 0.1953125 0.078125 0.06875 0.071875
0 0.2140625 0.096875 0.075 0.071875
0 0.240625 0.109375 0.090625 0.09375
0 0.25625 0.1390625 0.0796875 0.0859375
0 0.2703125 0.1640625 0.065625 0.071875
0 0.29375 0.178125 0.071875 0.075
0 0.3109375 0.2 0.0703125 0.0796875
0 0.334375 0.2109375 0.0875 0.096875
0 0.35 0.24375 0.0703125 0.075
0 0.2171875 0.0 0.071875 0.071875
0 0.234375 0.0265625 0.071875 0.06875
0 0.30625 0.1421875 0.05625 0.065625
0 0.3890625 0.21875 0.0625 0.0703125
0 0.98125 0.0765625 0.1078125 0.10625
0 0.384375 0.271875 0.10625 0.10625
0 0.4046875 0.30625 0.075 0.0703125
0 0.675 0.5796875 0.08125 0.0859375
0 0.728125 0.6359375 0.084375 0.0890625
0 0.9796875 0.9234375 0.0828125 0.096875
0 0.9296875 0.01875 0.1015625 0.1078125
0 0.340625 0.4296875 0.0828125 0.084375
0 0.3296875 0.403125 0.0640625 0.0625
0 0.2515625 0.33125 0.090625 0.0875
0 0.9015625 0.0015625 0.0890625 0.0984375
0 0.20625 0.284375 0.090625 0.0921875
0 0.184375 0.2640625 0.084375 0.0875
0 0.95 0.0546875 0.0875 0.090625
0 0.7 0.0140625 0.1 0.096875
0 0.971875 0.215625 0.0875 0.0984375
0 0.0734375 0.31875 0.0734375 0.065625
0 0.059375 0.35 0.071875 0.065625
0 0.184375 0.35625 0.0796875 0.06875
0 0.2 0.4015625 0.1015625 0.1078125
0 0.1515625 0.3953125 0.0765625 0.05625
0 0.2421875 0.4328125 0.0875 0.1078125
0 0.2703125 0.45625 0.0671875 0.0921875
0 0.3390625 0.4890625 0.06875 0.0640625
0 0.2375 0.0578125 0.0734375 0.0671875
