0 0.009375 0.1546875 0.03125 0.0125
0 0.0109375 0.10625 0.0375 0.0171875
0 0.0453125 0.2796875 0.015625 0.01875
0 0.103125 0.19375 0.0140625 0.0296875
0 0.05 0.196875 0.0140625 0.0265625
0 0.121875 0.128125 0.0328125 0.009375
0 0.1125 0.09375 0.028125 0.0109375
0 0.1 0.04375 0.025 0.0125
0 0.1859375 0.1015625 0.0328125 0.0125
0 0.23125 0.1703125 0.034375 0.0125
0 0.24375 0.1890625 0.0265625 0.0109375
0 0.0734375 0.1921875 0.0203125 0.03125
0 0.115625 0.19375 0.0171875 0.025
0 0.1265625 0.1890625 0.015625 0.0296875
0 0.2875 0.0984375 0.0265625 0.03125
0 0.1171875 0.1171875 0.0515625 0.0125
0 0.121875 0.1375 0.0453125 0.015625
0 0.28125 0.0453125 0.0375 0.0234375
0 0.2890625 0.0234375 0.025 0.01875
0 0.3359375 0.0265625 0.03125 0.0328125
0 0.2984375 0.015625 0.0375 0.03125
0 0.046875 0.2984375 0.0125 0.021875
0 0.0171875 0.03125 0.025 0.040625
0 0.190625 0.140625 0.01875 0.00625
0 0.1484375 0.065625 0.015625 0.025
0 0.1984375 0.1953125 0.0296875 0.0125
0 0.1984375 0.015625 0.0171875 0.03125
0 0.1765625 0.0109375 0.0171875 0.03125
0 0.159375 0.0171875 0.0171875 0.0234375
0 0.0984375 0.0203125 0.0125 0.0296875
0 0.2171875 0.00625 0.015625 0.03125
