0 0.0125 0.309375 0.021875 0.021875
0 0.790625 0.2421875 0.028125 0.0171875
0 0.85 0.2203125 0.0203125 0.0140625
0 0.9796875 0.153125 0.025 0.0140625
0 0.7046875 0.278125 0.021875 0.015625
0 0.0921875 0.1890625 0.01875 0.01875
0 0.1015625 0.1609375 0.0140625 0.01875
0 0.1203125 0.128125 0.021875 0.028125
0 0.1359375 0.0859375 0.0265625 0.03125
0 0.759375 0.25 0.0265625 0.0203125
0 0.746875 0.2546875 0.0234375 0.0171875
0 0.7375 0.2625 0.0296875 0.021875
0 0.71875 0.2734375 0.025 0.01875
0 0.6984375 0.284375 0.025 0.0171875
0 0.0 0.328125 0.0171875 0.01875
0 0.0390625 0.24375 0.0203125 0.025
