0 0.715625 0.925 0.0265625 0.0203125
0 0.653125 0.9171875 0.0359375 0.01875
0 0.571875 0.95 0.0421875 0.0265625
0 0.5328125 0.9703125 0.040625 0.021875
0 0.475 0.9921875 0.0265625 0.0171875
0 0.265625 0.621875 0.021875 0.015625
0 0.2921875 0.609375 0.028125 0.015625
0 0.3 0.6015625 0.0234375 0.015625
0 0.2171875 0.66875 0.0609375 0.0359375
0 0.0296875 0.7515625 0.0484375 0.028125
0 0.075 0.73125 0.04375 0.021875
0 0.1171875 0.7125 0.053125 0.03125
0 0.1640625 0.6921875 0.05 0.028125
0 0.334375 0.6140625 0.046875 0.0265625
0 0.2796875 0.6421875 0.06875 0.0375
0 0.9375 0.7875 0.0484375 0.028125
0 0.909375 0.8140625 0.0296875 0.025
