0 0.4828125 0.6171875 0.0609375 0.0390625
0 0.1859375 0.0046875 0.1359375 0.1390625
0 0.2 0.125 0.1359375 0.1390625
0 0.2453125 0.240625 0.18125 0.115625
0 0.26875 0.3359375 0.1546875 0.1140625
0 0.3875 0.325 0.0890625 0.1015625
0 0.2578125 0.4609375 0.1296875 0.09375
0 0.4125 0.428125 0.1203125 0.096875
0 0.51875 0.459375 0.1140625 0.0765625
0 0.4203125 0.5109375 0.1140625 0.109375
0 0.3625 0.7140625 0.28125 0.15625
0 0.4109375 0.79375 0.146875 0.10625
0 0.0140625 0.9453125 0.134375 0.1515625
0 0.0734375 0.965625 0.09375 0.1125
0 0.121875 0.9921875 0.1203125 0.15
