0 0.4953125 0.4359375 0.084375 0.071875
0 0.5234375 0.471875 0.071875 0.0546875
0 0.6796875 0.40625 0.096875 0.0625
0 0.8140625 0.359375 0.109375 0.0640625
0 0.671875 0.35625 0.1 0.06875
0 0.64375 0.315625 0.1234375 0.0640625
0 0.64375 0.2640625 0.096875 0.065625
0 0.6046875 0.134375 0.0984375 0.0671875
0 0.590625 0.0890625 0.1109375 0.0703125
0 0.58125 0.04375 0.0953125 0.0625
0 0.4359375 0.3078125 0.103125 0.08125
0 0.4140625 0.259375 0.0796875 0.059375
0 0.3953125 0.221875 0.0796875 0.0640625
0 0.971875 0.025 0.0828125 0.0609375
0 0.9765625 0.0765625 0.1140625 0.0734375
0 0.984375 0.125 0.1 0.071875
0 0.990625 0.1796875 0.11875 0.0734375
0 0.9953125 0.2328125 0.1171875 0.0671875
0 0.39375 0.1734375 0.1140625 0.0828125
0 0.33125 0.0453125 0.0859375 0.071875
0 0.346875 0.0890625 0.075 0.05625
0 0.7265625 0.04375 0.1 0.0765625
0 0.746875 0.09375 0.121875 0.0796875
0 0.7671875 0.14375 0.1359375 0.084375
0 0.78125 0.1984375 0.1359375 0.0859375
