0 0.4203125 0.0171875 0.153125 0.075
0 0.4578125 0.0421875 0.1765625 0.0921875
0 0.5890625 0.165625 0.20625 0.1046875
0 0.7578125 0.3296875 0.13125 0.1
0 0.984375 0.5578125 0.115625 0.096875
0 0.93125 0.48125 0.1171875 0.1
0 0.9015625 0.4125 0.125 0.10625
0 0.8375 0.3828125 0.13125 0.103125
0 0.7296875 0.3 0.16875 0.1171875
0 0.703125 0.2671875 0.18125 0.1171875
0 0.6828125 0.2359375 0.234375 0.13125
0 0.6546875 0.1953125 0.2125 0.13125
0 0.54375 0.103125 0.14375 0.075
0 0.4921875 0.0796875 0.1296875 0.078125
