0 0.590625 0.753125 0.025 0.034375
0 0.35625 0.7296875 0.0609375 0.0796875
0 0.984375 0.6109375 0.03125 0.0375
0 0.8203125 0.55 0.028125 0.0296875
0 0.9875 0.878125 0.034375 0.0328125
0 0.534375 0.0828125 0.034375 0.0203125
0 0.7359375 0.0953125 0.0359375 0.028125
0 0.59375 0.20625 0.0328125 0.040625
0 0.5203125 0.2828125 0.0421875 0.0375
0 0.58125 0.396875 0.0484375 0.03125
0 0.7859375 0.3421875 0.0421875 0.034375
0 0.6859375 0.5125 0.0453125 0.0390625
0 0.8765625 0.2109375 0.028125 0.03125
0 0.60625 0.7421875 0.05625 0.0515625
0 0.9359375 0.4484375 0.021875 0.03125
0 0.89375 0.7484375 0.034375 0.0515625
0 0.771875 0.21875 0.0328125 0.034375
0 0.9484375 0.2375 0.021875 0.03125
