0 0.16875 0.9765625 0.025 0.034375
0 0.5625 0.834375 0.03125 0.0375
0 0.3984375 0.7734375 0.028125 0.0296875
0 0.1125 0.30625 0.034375 0.0203125
0 0.3828125 0.221875 0.0390625 0.0234375
0 0.3140625 0.31875 0.0359375 0.028125
0 0.171875 0.4296875 0.0328125 0.040625
0 0.0984375 0.50625 0.0421875 0.0375
0 0.159375 0.6203125 0.0484375 0.03125
0 0.3640625 0.565625 0.0421875 0.034375
0 0.2640625 0.7359375 0.0453125 0.0390625
0 0.95625 0.9625 0.0375 0.0328125
0 0.746875 0.9625 0.04375 0.04375
0 0.4546875 0.434375 0.028125 0.03125
0 0.184375 0.965625 0.05625 0.0515625
0 0.5140625 0.671875 0.021875 0.03125
0 0.471875 0.971875 0.034375 0.0515625
0 0.6875 0.815625 0.0421875 0.0390625
0 0.7578125 0.628125 0.053125 0.0484375
0 0.35 0.4421875 0.0328125 0.034375
0 0.5265625 0.4609375 0.021875 0.03125
