0 0.9453125 0.7015625 0.209375 0.1109375
0 0.8890625 0.7375 0.1203125 0.071875
0 0.9453125 0.634375 0.1625 0.0890625
0 0.25625 0.215625 0.13125 0.0828125
0 0.2609375 0.1640625 0.153125 0.0953125
0 0.971875 0.5765625 0.1890625 0.09375
0 0.25 0.2609375 0.1171875 0.0578125
0 0.2171875 0.30625 0.16875 0.10625
0 0.2234375 0.3609375 0.115625 0.071875
0 0.9640625 0.5109375 0.153125 0.0890625
0 0.990625 0.4546875 0.1625 0.071875
0 0.7671875 0.7078125 0.1265625 0.0703125
0 0.765625 0.653125 0.1515625 0.08125
0 0.784375 0.6015625 0.1484375 0.0703125
0 0.803125 0.4953125 0.1640625 0.0796875
0 0.828125 0.4359375 0.128125 0.065625
0 0.821875 0.3875 0.1703125 0.09375
0 0.85 0.340625 0.14375 0.0859375
0 0.865625 0.303125 0.121875 0.0796875
0 0.875 0.2609375 0.1359375 0.084375
0 0.2625 0.1125 0.18125 0.1234375
0 0.33125 0.465625 0.115625 0.071875
0 0.3671875 0.4109375 0.1640625 0.1
0 0.384375 0.3515625 0.1625 0.103125
0 0.425 0.2984375 0.2140625 0.121875
0 0.446875 0.2328125 0.20625 0.1171875
0 0.4609375 0.1671875 0.215625 0.134375
0 0.1734375 0.4953125 0.1328125 0.05625
0 0.190625 0.45 0.1203125 0.0671875
0 0.2015625 0.403125 0.1375 0.0953125
