0 0.590625 0.403125 0.1140625 0.140625
0 0.5015625 0.6625 0.1203125 0.165625
0 0.3078125 0.6421875 0.15625 0.1265625
0 0.140625 0.2671875 0.0625 0.0546875
0 0.1109375 0.253125 0.0984375 0.08125
0 0.1125 0.2265625 0.0734375 0.0578125
0 0.040625 0.053125 0.10625 0.0859375
0 0.0234375 0.0109375 0.1421875 0.1171875
0 0.81875 0.275 0.0671875 0.1
0 0.803125 0.303125 0.0625 0.08125
0 0.7609375 0.3 0.0640625 0.08125
0 0.7125 0.2828125 0.0921875 0.140625
0 0.675 0.3015625 0.0828125 0.1125
0 0.2671875 0.55 0.1453125 0.090625
0 0.11875 0.628125 0.1625 0.1109375
0 0.6890625 0.55625 0.1234375 0.165625
