0 0.759375 0.5703125 0.0765625 0.040625
0 0.76875 0.525 0.0765625 0.0390625
0 0.71875 0.446875 0.2140625 0.06875
0 0.8828125 0.096875 0.0765625 0.0375
0 0.875 0.1390625 0.0703125 0.0390625
0 0.85625 0.203125 0.075 0.040625
0 0.8078125 0.2375 0.140625 0.053125
0 0.809375 0.309375 0.0671875 0.034375
0 0.796875 0.346875 0.0671875 0.034375
0 0.7796875 0.4140625 0.08125 0.040625
0 0.925 0.8859375 0.0328125 0.0296875
0 0.928125 0.8765625 0.0234375 0.021875
0 0.934375 0.86875 0.0234375 0.0234375
0 0.94375 0.8625 0.025 0.0234375
0 0.08125 0.540625 0.0203125 0.03125
0 0.075 0.61875 0.021875 0.0359375
