0 0.1609375 0.9953125 0.040625 0.040625
0 0.39375 0.8828125 0.0203125 0.03125
0 0.1953125 0.884375 0.0140625 0.025
0 0.109375 0.940625 0.021875 0.025
0 0.46875 0.978125 0.0109375 0.01875
0 0.4328125 0.9546875 0.01875 0.015625
0 0.3578125 0.96875 0.0109375 0.015625
0 0.2859375 0.965625 0.0125 0.01875
0 0.290625 0.90625 0.0109375 0.021875
0 0.3203125 0.9375 0.0078125 0.015625
0 0.33125 0.88125 0.0109375 0.015625
0 0.3625 0.9078125 0.0109375 0.015625
0 0.396875 0.928125 0.0109375 0.0171875
0 0.43125 0.91875 0.0125 0.01875
0 0.5125 0.8984375 0.00625 0.015625
0 0.4765625 0.9546875 0.0125 0.015625
0 0.5 0.9296875 0.0078125 0.0203125
0 0.5765625 0.9515625 0.0109375 0.0140625
0 0.553125 0.975 0.015625 0.01875
0 0.4765625 0.875 0.009375 0.0109375
0 0.5203125 0.8796875 0.0046875 0.0125
0 0.4859375 0.8390625 0.0109375 0.0203125
0 0.45 0.8578125 0.0109375 0.0109375
0 0.2515625 0.8734375 0.025 0.028125
0 0.43125 0.878125 0.00625 0.015625
0 0.4015625 0.8609375 0.009375 0.0171875
0 0.4203125 0.8359375 0.0078125 0.0125
0 0.3671875 0.8578125 0.0109375 0.0140625
0 0.3390625 0.83125 0.009375 0.0171875
0 0.296875 0.85 0.0140625 0.015625
0 0.21875 0.971875 0.01875 0.0171875
0 0.178125 0.94375 0.015625 0.0171875
0 0.35 0.7859375 0.015625 0.01875
0 0.171875 0.8515625 0.0171875 0.01875
