0 0.365625 0.771875 0.0234375 0.0234375
0 0.578125 0.71875 0.0484375 0.0359375
0 0.4203125 0.821875 0.040625 0.034375
0 0.4328125 0.8296875 0.0375 0.0296875
0 0.5828125 0.728125 0.046875 0.0328125
0 0.5796875 0.7046875 0.0671875 0.0515625
0 0.571875 0.6953125 0.06875 0.05625
0 0.4328125 0.60625 0.0890625 0.075
0 0.3984375 0.4375 0.04375 0.040625
0 0.371875 0.7796875 0.025 0.0234375
0 0.3515625 0.7578125 0.0265625 0.025
0 0.3171875 0.7328125 0.0171875 0.0234375
0 0.3765625 0.9078125 0.025 0.009375
0 0.375 0.978125 0.0203125 0.0296875
0 0.3796875 0.9515625 0.0234375 0.0296875
0 0.3765625 0.890625 0.01875 0.0203125
0 0.8640625 0.60625 0.01875 0.025
0 0.309375 0.7390625 0.021875 0.0234375
0 0.4109375 0.4453125 0.0515625 0.0515625
