0 0.4484375 0.709375 0.1796875 0.2625
0 0.28125 0.48125 0.21875 0.2296875
0 0.309375 0.4296875 0.2140625 0.23125
0 0.46875 0.646875 0.1875 0.2578125
0 0.5203125 0.6234375 0.1921875 0.275
0 0.3453125 0.3875 0.221875 0.2390625
0 0.4078125 0.3640625 0.2703125 0.2859375
0 0.0421875 0.284375 0.21875 0.253125
0 0.0828125 0.2546875 0.1515625 0.184375
0 0.1046875 0.203125 0.2296875 0.2640625
0 0.1375 0.1484375 0.2171875 0.24375
0 0.1765625 0.109375 0.228125 0.2546875
0 0.225 0.075 0.2015625 0.2234375
0 0.265625 0.5578125 0.2234375 0.246875
0 0.5515625 0.953125 0.0453125 0.0890625
