0 0.990625 0.7015625 0.0953125 0.090625
0 0.946875 0.6140625 0.1125 0.153125
0 0.975 0.6046875 0.084375 0.115625
0 0.9859375 0.571875 0.109375 0.146875
0 0.8390625 0.6234375 0.1515625 0.225
0 0.7921875 0.640625 0.1515625 0.2234375
0 0.7546875 0.6703125 0.1671875 0.246875
0 0.71875 0.7046875 0.1640625 0.2390625
0 0.6671875 0.7234375 0.171875 0.24375
0 0.6140625 0.75 0.1734375 0.2421875
0 0.421875 0.509375 0.115625 0.1828125
0 0.4890625 0.5515625 0.1359375 0.209375
0 0.5125 0.48125 0.1625 0.25625
0 0.559375 0.4625 0.1421875 0.2171875
0 0.60625 0.4484375 0.1703125 0.2546875
0 0.6578125 0.4296875 0.16875 0.246875
0 0.7109375 0.4171875 0.165625 0.24375
