0 0.6328125 0.6078125 0.08125 0.08125
0 0.7796875 0.7234375 0.0703125 0.075
0 0.790625 0.7453125 0.071875 0.071875
0 0.803125 0.7625 0.05 0.0515625
0 0.6375 0.703125 0.0671875 0.078125
0 0.625 0.6859375 0.0609375 0.078125
0 0.603125 0.6703125 0.0640625 0.0875
0 0.5796875 0.6578125 0.0609375 0.08125
0 0.5546875 0.5375 0.0796875 0.0796875
0 0.7125 0.8015625 0.08125 0.084375
0 0.540625 0.5578125 0.0734375 0.0765625
0 0.525 0.5765625 0.0515625 0.0640625
0 0.5140625 0.60625 0.053125 0.0609375
0 0.7625 0.70625 0.075 0.08125
0 0.6921875 0.7875 0.0703125 0.0765625
0 0.6328125 0.859375 0.071875 0.0859375
0 0.5265625 0.7546875 0.0734375 0.0890625
0 0.5453125 0.771875 0.0703125 0.08125
0 0.5640625 0.7875 0.0765625 0.0859375
0 0.5640625 0.94375 0.09375 0.1046875
0 0.5828125 0.9609375 0.06875 0.08125
0 0.603125 0.971875 0.0640625 0.078125
0 0.625 0.9828125 0.0671875 0.0828125
0 0.4921875 0.871875 0.0765625 0.0890625
0 0.421875 0.9546875 0.078125 0.0890625
0 0.4 0.9359375 0.0734375 0.08125
0 0.384375 0.9171875 0.0765625 0.08125
0 0.371875 0.89375 0.0640625 0.0671875
0 0.4703125 0.85625 0.084375 0.0921875
0 0.2765625 0.9734375 0.078125 0.0671875
0 0.4484375 0.840625 0.06875 0.0765625
0 0.125 0.765625 0.03125 0.096875
0 0.0046875 0.8453125 0.0734375 0.090625
0 0.078125 0.75 0.06875 0.1015625
0 0.140625 0.6640625 0.078125 0.084375
0 0.0109375 0.65625 0.0875 0.10625
0 0.290625 0.99375 0.0765625 0.0640625
0 0.2296875 0.578125 0.0671875 0.0875
0 0.2078125 0.5640625 0.084375 0.1046875
0 0.2515625 0.5875 0.0640625 0.084375
0 0.440625 0.559375 0.0828125 0.0703125
0 0.45 0.5046875 0.0703125 0.0609375
0 0.4546875 0.5359375 0.0828125 0.065625
0 0.45625 0.48125 0.0765625 0.0703125
0 0.2734375 0.603125 0.06875 0.084375
0 0.3828125 0.5046875 0.0640625 0.0734375
0 0.29375 0.6171875 0.0671875 0.0765625
0 0.3125 0.6359375 0.078125 0.0796875
0 0.3328125 0.6546875 0.08125 0.078125
0 0.303125 0.4234375 0.096875 0.1234375
0 0.328125 0.440625 0.08125 0.096875
0 0.3484375 0.4640625 0.090625 0.103125
0 0.3609375 0.4921875 0.0703125 0.0828125
0 0.46875 0.4609375 0.08125 0.078125
0 0.4546875 0.69375 0.06875 0.0828125
0 0.475 0.7078125 0.0671875 0.0765625
0 0.4890625 0.7265625 0.065625 0.0765625
0 0.509375 0.7359375 0.0625 0.0734375
