0 0.5203125 0.9515625 0.046875 0.0921875
0 0.6109375 0.90625 0.0453125 0.1046875
0 0.6375 0.9 0.0375 0.1046875
0 0.8328125 0.5953125 0.09375 0.0546875
0 0.80625 0.6375 0.0953125 0.0578125
0 0.821875 0.6171875 0.0984375 0.0625
0 0.78125 0.7375 0.0921875 0.0640625
0 0.771875 0.759375 0.0921875 0.0640625
0 0.7578125 0.784375 0.0953125 0.071875
0 0.9203125 0.6859375 0.1125 0.0703125
0 0.925 0.65625 0.0921875 0.0546875
0 0.8765625 0.7953125 0.1 0.0734375
0 0.8640625 0.8171875 0.0953125 0.071875
0 0.853125 0.8453125 0.078125 0.05625
0 0.8453125 0.8703125 0.0859375 0.0546875
0 0.325 0.0671875 0.1078125 0.0640625
0 0.33125 0.0375 0.1 0.0546875
0 0.4375 0.0703125 0.1078125 0.0609375
0 0.546875 0.0984375 0.103125 0.0578125
0 0.7 0.003125 0.090625 0.109375
0 0.7203125 0.0203125 0.0828125 0.103125
0 0.9765625 0.85 0.09375 0.071875
