0 0.0203125 0.6109375 0.09375 0.0546875
0 0.009375 0.6328125 0.0984375 0.0625
0 0.1078125 0.7015625 0.1125 0.0703125
0 0.1125 0.671875 0.0921875 0.0546875
0 0.0640625 0.8109375 0.1 0.0734375
0 0.0515625 0.8328125 0.0953125 0.071875
0 0.040625 0.8609375 0.078125 0.05625
0 0.0328125 0.8859375 0.0859375 0.0546875
0 0.6734375 0.5875 0.0828125 0.0296875
0 0.99375 0.428125 0.0578125 0.0265625
0 0.9921875 0.4703125 0.0546875 0.0234375
0 0.559375 0.215625 0.1 0.028125
0 0.99375 0.45 0.0546875 0.0265625
0 0.990625 0.490625 0.05625 0.0203125
0 0.9890625 0.5125 0.0546875 0.028125
0 0.5625 0.5703125 0.05625 0.0421875
0 0.3515625 0.78125 0.0921875 0.065625
0 0.1640625 0.865625 0.09375 0.071875
0 0.25625 0.9171875 0.0984375 0.071875
0 0.2390625 0.940625 0.1 0.0765625
0 0.215625 0.7484375 0.109375 0.06875
0 0.234375 0.7265625 0.0875 0.059375
0 0.3328125 0.8015625 0.090625 0.059375
0 0.4390625 0.85 0.0953125 0.0609375
0 0.4515625 0.8265625 0.09375 0.059375
0 0.3265625 0.4796875 0.109375 0.065625
0 0.309375 0.5625 0.1234375 0.071875
0 0.4640625 0.5296875 0.125 0.0671875
0 0.471875 0.5 0.125 0.065625
0 0.4421875 0.6140625 0.1015625 0.0640625
0 0.55625 0.65625 0.0859375 0.05625
