0 0.2609375 0.0296875 0.021875 0.05625
0 0.2859375 0.0625 0.0265625 0.05
0 0.2921875 0.025 0.0375 0.053125
0 0.30625 0.00625 0.0171875 0.040625
0 0.3328125 0.0125 0.0296875 0.05625
0 0.35625 0.0140625 0.0296875 0.053125
0 0.2453125 0.0515625 0.0296875 0.0546875
0 0.215625 0.09375 0.0390625 0.053125
0 0.196875 0.103125 0.0390625 0.065625
0 0.1734375 0.103125 0.03125 0.0578125
0 0.1609375 0.40625 0.0234375 0.0859375
0 0.153125 0.6625 0.0296875 0.1125
0 0.1796875 0.6671875 0.028125 0.1125
0 0.2109375 0.6671875 0.03125 0.1109375
0 0.2390625 0.675 0.025 0.0828125
0 0.11875 0.5140625 0.034375 0.1125
0 0.1125 0.4 0.0265625 0.090625
0 0.1359375 0.403125 0.0234375 0.0875
0 0.184375 0.40625 0.0234375 0.084375
0 0.153125 0.790625 0.0359375 0.10625
0 0.1078125 0.296875 0.028125 0.09375
0 0.1328125 0.3015625 0.021875 0.0828125
0 0.103125 0.1890625 0.0265625 0.096875
0 0.128125 0.1859375 0.028125 0.0890625
0 0.153125 0.1875 0.028125 0.0859375
0 0.1875 0.0375 0.0921875 0.0609375
0 0.1546875 0.1125 0.034375 0.0578125
0 0.1234375 0.65625 0.0328125 0.125
0 0.125 0.7953125 0.028125 0.090625
0 0.1328125 0.90625 0.0328125 0.096875
0 0.6890625 0.7203125 0.0578125 0.053125
0 0.70625 0.734375 0.0546875 0.053125
0 0.7234375 0.7484375 0.0625 0.0578125
0 0.7390625 0.765625 0.05625 0.0484375
0 0.746875 0.7890625 0.0546875 0.046875
0 0.7578125 0.8078125 0.0578125 0.05
0 0.76875 0.8296875 0.05 0.053125
0 0.6703125 0.678125 0.0515625 0.04375
0 0.6796875 0.7015625 0.0546875 0.05
0 0.809375 0.6203125 0.0578125 0.0484375
0 0.6890625 0.440625 0.0515625 0.05625
0 0.671875 0.4234375 0.05 0.053125
0 0.70625 0.4578125 0.04375 0.0546875
0 0.8078125 0.5953125 0.05625 0.0453125
0 0.7265625 0.4671875 0.05 0.05625
0 0.7484375 0.478125 0.040625 0.0484375
0 0.7609375 0.4984375 0.053125 0.059375
0 0.771875 0.5171875 0.053125 0.05
0 0.784375 0.534375 0.053125 0.0484375
0 0.796875 0.5515625 0.0515625 0.046875
0 0.8109375 0.56875 0.0578125 0.0484375
0 0.984375 0.825 0.03125 0.096875
0 0.8640625 0.9046875 0.0734375 0.090625
0 0.7828125 0.95625 0.090625 0.084375
0 0.9375 0.809375 0.06875 0.1015625
0 0.8703125 0.715625 0.0875 0.10625
0 0.846875 0.7 0.08125 0.090625
0 0.83125 0.6765625 0.090625 0.096875
0 0.8203125 0.6578125 0.05 0.046875
0 0.8140625 0.6390625 0.04375 0.0390625
