0 0.14375 0.7390625 0.0828125 0.0296875
0 0.5265625 0.690625 0.096875 0.04375
0 0.4640625 0.5796875 0.0578125 0.0265625
0 0.4625 0.621875 0.0546875 0.0234375
0 0.0296875 0.3671875 0.1 0.028125
0 0.4640625 0.6015625 0.0546875 0.0265625
0 0.4609375 0.6421875 0.05625 0.0203125
0 0.459375 0.6640625 0.0546875 0.028125
0 0.684375 0.365625 0.05625 0.040625
0 0.625 0.3296875 0.0515625 0.0578125
0 0.5375 0.296875 0.04375 0.021875
0 0.0328125 0.721875 0.05625 0.0421875
0 0.0265625 0.8078125 0.0859375 0.05625
